# Time [h]	hydro_Methanogenesis [g/h]	Disintegration_Initial [g/h]	Hydrolysis_Proteins [g/h]	aceto_Methanogenesis [g/h]	Valeric_Degradation [g/h]	Acidogenesis_MS [g/h]	Disintegration_Substrate [g/h]	Propionic_Degradation [g/h]	Butyric_Degradation [g/h]	Hydrolysis_Lipids [g/h]	Hydrolysis_Carbohydrates [g/h]	Acidogenesis_AA [g/h]	Acidogenesis_LCFA [g/h]
0.2	9.4612589073696	0	13.301903781685	24.692429086298	1.1591340142557	39.623368320842	0.34437634872553	5.1583558383216	3.6438536056519	10.970177560872	37.032307372453	10.037726008208	0.92658202599038
0.48	10.198880460239	0	11.834159983928	24.848203553044	1.9105788826229	36.037256244542	0.82418521206218	7.9788778769112	5.2987148563968	9.7575865280571	32.975442323392	11.312269496187	1.417537191314
0.872	9.858888396565	0	10.058008001911	25.059574138749	1.9052847926608	30.660804715375	1.4913749244292	9.0317306807749	5.1408895588461	8.2873390832046	28.105481552617	10.054863960139	1.8371951230351
1	9.6379501564816	0	9.5383240358823	25.118848586145	1.8318591611635	29.07543061541	1.7081427359953	9.106873609938	4.9413655993523	7.8564468173108	26.69038165381	9.5409857020549	1.9484746893654
1.2	9.1571916252229	0	8.7812922489813	25.177005055019	1.6871495366737	26.797606673631	1.7013239703591	8.9647524920846	4.487411956574	7.2284921745469	24.632656048484	8.7633897106011	2.1183785564933
1.48	8.4793247538888	0	7.8234722462685	25.23913418659	1.5018638659824	23.956533838767	1.6918235012313	8.5336741089426	3.9762477426627	6.4340144627546	22.028746939919	7.7917026955527	2.3315392544661
1.872	7.5311812792844	0	6.6597053588568	25.279977704757	1.2733548686415	20.494716595245	1.678612214122	7.6199162341022	3.3759390329007	5.4687682383492	18.864169636046	6.6105633091407	2.5939939069067
2	7.2081712512711	0	6.3181035593644	25.28134083385	1.2065498733031	19.460210900488	1.6743206308044	7.2703635951821	3.2001480327109	5.1854525972279	17.935072948962	6.2574368529755	2.6756889441729
2.2	6.7407294771678	0	5.8200330044956	25.267886392429	1.1071615149849	17.967462449204	1.6676370332327	6.7001641592503	2.9416428379042	4.7723804407347	16.580208120939	5.7469052977801	2.7915855457481
2.48	6.1382915153601	0	5.1898307860367	25.22252466136	0.98504490297548	16.104218225712	1.6583249028993	5.9245690817358	2.6245742876145	4.24975488902	14.86551243721	5.1172377391971	2.9383437890829
2.872	5.3952281580665	0	4.4240740980972	25.092886254713	0.83720099899731	13.831826547036	1.6453754911946	4.9508734580703	2.240709295993	3.6147702274668	12.781221768186	4.3530022731592	3.1128987353752
3	5.1710410986993	0	4.1992981136625	25.031362460687	0.79395607129228	13.156640431443	1.6411688955811	4.6592279577253	2.1277270323289	3.4283942266611	12.16921968966	4.1259313032735	3.1637168048245
3.2	4.8511944369795	0	3.8715520549454	24.911066485254	0.73007129412909	12.17867606764	1.6346176545234	4.2433894385579	1.9618100987867	3.1566535180218	11.276662307943	3.7965096756627	3.2343154254694
3.48	4.457439903364	0	3.4568346509857	24.692076532452	0.65081186207165	10.952080744741	1.6254899204843	3.7452607918127	1.7561127607819	2.8128318534114	10.146859552421	3.3864234399952	3.3189654813145
3.872	3.9870092924431	0	2.9528668520766	24.256824270324	0.55460971177105	9.4570877464516	1.6127968809088	3.1710466532246	1.5063380740288	2.395071929186	8.7731607297874	2.8879584469469	3.4124827154355
4	3.8466647885236	0	2.8049277669602	24.073862662799	0.52640017730178	9.0141683357119	1.6086735669917	3.0045339782147	1.4327974378807	2.272452657339	8.3697261908956	2.7403602368807	3.4380162539397
4.2	3.6453064491809	0	2.5892060210844	23.736908402325	0.48487782819479	8.3711658810644	1.6022520192321	2.7658854407845	1.3249300029477	2.0936657514466	7.7812536278044	2.5257578066379	3.4715689976246
4.48	3.3935560845871	0	2.31621696333	23.143945428995	0.43307004698233	7.5624526850808	1.593304965705	2.4742056164533	1.1904059094237	1.8674446748586	7.0361737311949	2.2572440407967	3.5081951754845
4.872	3.0865968189044	0	1.9844350794415	21.994596605732	0.37009882487062	6.5767624130323	1.5808631304863	2.1271432193096	1.0267795449051	1.5925567417832	6.1298900325538	1.9306192392621	3.5399292558954
5	2.9942124609501	0	1.8870320242301	21.510265961271	0.35159727508978	6.2847837326689	1.5768214413047	2.0251246100792	0.9785583452195	1.5118696840333	5.863644095259	1.834040917416	3.5457884750244
5.2	2.8605999219386	0	1.7449898251441	20.620403878505	0.32458542122238	5.8619089928895	1.5705270042638	1.8778781314792	0.90830088659465	1.3942180218459	5.4751909412768	1.6940260084945	3.5498100908106
5.48	2.6893742114889	0	1.5652178965596	19.049801141106	0.29046020780146	5.3265590206566	1.5617570319926	1.6934042206424	0.81954145442828	1.2453428454438	4.9831771957754	1.5171993333128	3.545711056429
5.872	2.4764507588801	0	1.3466871928166	16.129189891646	0.24903206559894	4.6750774252615	1.5495614011409	1.4710164283585	0.71169756326811	1.0644227848857	4.3843627782392	1.302477301622	3.5206902676856
6	2.4114503050317	0	1.2825223626178	14.962363325557	0.23684102564522	4.4814222031137	1.5455997131498	1.4053455685736	0.67986380634218	1.0113142058768	4.2083600152243	1.2389590678695	3.5075788817888
6.2	2.3159813634512	0	1.1889405664751	13.039407601157	0.21906006188171	4.2016585581236	1.5394298589947	1.3100938556168	0.63349075063328	0.93387092276136	3.9514826266957	1.1468890015737	3.4818914279969
6.48	2.1912087995041	0	1.0704799467005	10.442395195342	0.1965997636787	3.8474441769673	1.530833451473	1.1901690131769	0.57489126886661	0.83586618358966	3.6259438936974	1.0306022136784	3.4355860430514
6.872	2.0311886992006	0	0.92643864959903	7.7420989135859	0.16931733076848	3.4162250586579	1.5188791570951	1.0447791825318	0.50360386618428	0.71674948023528	3.229400551619	0.88936148076635	3.349925828921
7	1.9809572171253	0	0.88413562695714	7.1012176216969	0.16125404923696	3.2867250250827	1.5149958866166	1.001578815851	0.48243802555892	0.68177923534309	3.1127656591218	0.84740630290268	3.3162251836985
7.2	1.9055619010496	0	0.82242803678074	6.3609532270411	0.14948006260519	3.1010728894702	1.5089481565688	0.9386053002034	0.45155681501512	0.63078111977425	2.9424494543805	0.78667828034761	3.2576713807011
7.48	1.804191168848	0	0.74429466883752	5.6816010712038	0.13462883841846	2.8663509262055	1.5005219007302	0.85916332955037	0.41258349014427	0.56623427633652	2.7264353124665	0.71010065815258	3.1635925507521
7.872	1.6679368463434	0	0.6492493756894	5.0765795018993	0.11653456965432	2.5802515842118	1.4888042113805	0.76208823189324	0.36495727026129	0.48776655987851	2.4629740512183	0.61696252836421	3.0070062292539
8	1.6232809447106	0	0.62132614091823	4.915246950299	0.1111298507093	2.4920713104122	1.4849978135349	0.73276856047588	0.35059654183225	0.46472609073162	2.3854007836692	0.58896619966136	2.9488513652226
8.2	1.5548157631255	0	0.58058430056269	4.6851611408016	0.10323439089939	2.3682301296233	1.4790698010351	0.68984784311162	0.32963288016947	0.43112134251969	2.2720400757822	0.54868869634104	2.8512331896066
8.48	1.4599706155872	0	0.52897723840787	4.3887076999885	0.093267600472846	2.2117996738778	1.470810341624	0.63541510761848	0.30313851602161	0.38858042688126	2.1280944378966	0.49794252181907	2.7013761966198
8.872	1.3282539554693	0	0.46616118897222	3.9952717179905	0.081094191689427	2.0205459404524	1.4593245910833	0.56826164830856	0.27057084588656	0.33684872923405	1.9522096042796	0.43612384536392	2.4681762387242
9	1.2839445000686	0	0.44769702205288	3.8653870290682	0.077395352051985	1.9581967256976	1.4555935463484	0.54738815194314	0.26046973221302	0.32165485378491	1.9003428614566	0.4170945472373	2.3859935574196
9.2	1.2163568413645	0	0.4207467278881	3.6657621882395	0.072011566437859	1.874186105885	1.4497828856003	0.51684415284144	0.24577800128617	0.29949036972291	1.8244664030117	0.39008691305973	2.253891373582
9.48	1.1242033922651	0	0.3865894422306	3.394979672102	0.065273118682397	1.7685714850042	1.4416869290985	0.47832750384199	0.22736800608439	0.27142375264451	1.7279548468151	0.3562835106916	2.0652765311807
9.872	1.0033043905714	0	0.34497552878363	3.0424516053126	0.057249753537928	1.6399610593225	1.4304285448505	0.43206395349846	0.20529395677643	0.23727789021366	1.6097177245555	0.31562171548103	1.8071939036424
10	0.96495292335855	0	0.33273420959378	2.9318299261643	0.054854103025195	1.5961127505336	1.4267713655044	0.41791546066497	0.19851971330638	0.22724523039562	1.5747740001058	0.30307824347971	1.7258983625845
10.2	0.91009428668438	0	0.31485717928694	2.77246020818	0.051479377875077	1.540007927185	1.4210757415178	0.3980655330693	0.18903092087302	0.2126058393162	1.5235757137469	0.28573985926264	1.6063029293247
10.48	0.84289775596083	0	0.29218026025629	2.5802553593259	0.047501170182619	1.4721224473786	1.4131400660156	0.37507455107324	0.17800340852232	0.19406018981614	1.4582962889914	0.26481603148595	1.457890200178
10.872	0.76811207081324	0	0.26451619260049	2.37482148656	0.043185386160266	1.3926038118519	1.4021045731741	0.35129035882201	0.16630596010102	0.1714823350586	1.3780227178458	0.24076194313417	1.2924911208938
11	0.7473518949594	0	0.25636933929135	2.3200627251847	0.041989758982323	1.3672646860102	1.3985198030702	0.34488045677718	0.16306579005798	0.16484480056346	1.3542250921939	0.23373037371392	1.2478692928633
11.2	0.7196114943058	0	0.24446246739983	2.2490233005255	0.040351985979487	1.3338052512674	1.3929369487883	0.33652522885919	0.15872715846337	0.15515561020666	1.3192823657209	0.22389955242009	1.1880695119389
11.48	0.68854892999242	0	0.2293399575467	2.1756643021953	0.038455344461806	1.2932242105353	1.385158395915	0.32779972657525	0.15393379209687	0.14287326050576	1.274578895345	0.21190676494651	1.1221887809985
11.872	0.65602065036207	0	0.21085603076687	2.1092520933223	0.036262601869688	1.2431595394032	1.3743414013946	0.31903106117913	0.14861800919339	0.12790564274312	1.2193222633393	0.19730799751489	1.0568772167283
12	0.64723452179155	0	0.20540384857337	2.0931763955713	0.035611563176125	1.2278287981392	1.3708276109716	0.31657501034824	0.14704677820235	0.12350172696613	1.2028711482399	0.19294512853159	1.0402900263266
12.2	0.6350517316595	0	0.19742627781476	2.0726613118979	0.034637566816648	1.2051928398015	1.3653552992798	0.31300417523922	0.14469537996241	0.11706930167691	1.1786442327647	0.18643611771189	1.0183836128878
12.48	0.62060478290102	0	0.1872761349021	2.0516545054866	0.033356409059226	1.1759766757468	1.3577307645621	0.30848527799416	0.14161899065497	0.10890776862261	1.1475078282476	0.17798283069503	0.99429273440291
12.872	0.60377306212158	0	0.17483537028351	2.030278979561	0.031643817942748	1.1383618272502	1.3471279493438	0.30227566652896	0.13742240036886	0.09894745768016	1.1087526280937	0.16714169855269	0.96947952630399
13	0.59889579243357	0	0.17115723180413	2.0243473373273	0.031104116575583	1.1269087709437	1.3436837345193	0.30022896287507	0.13607452261492	0.096013268229416	1.0971488637665	0.16385216546611	0.96289525127205
13.2	0.59169905540417	0	0.16576671211961	2.0155041169753	0.03027149867663	1.1096016461891	1.3383197783635	0.2969339321776	0.13395878959673	0.091723878181235	1.0799939854732	0.15890191111408	0.95381419027316
13.48	0.58262158829065	0	0.15889074693037	2.0047840800911	0.029161524238722	1.0872801228343	1.3308462142351	0.29241106868324	0.13112108992435	0.086274101610376	1.0578144814734	0.15249592189756	0.9432540529417
13.872	0.57131191265405	0	0.15042996288493	1.9907362445492	0.027698916737171	1.0587025352718	1.3204533403587	0.28605153310732	0.12730133669675	0.079609205891029	1.0299594313941	0.14438503573581	0.93139624674936
14	0.56792189661034	0	0.14792037160129	1.9862759362292	0.027246960050234	1.0500304103949	1.3170773239188	0.28399466566315	0.12610337006664	0.077642346381311	1.0215591071492	0.14194430305375	0.92804830529239
14.2	0.56279827231881	0	0.14423410159102	1.9790256464091	0.026559204642636	1.036915812215	1.311819578474	0.28073820542867	0.12425109806005	0.074763512723211	1.0090794138097	0.13829485436405	0.92320933299335
14.48	0.55622876601301	0	0.13951540299173	1.9696805393715	0.025663835053845	1.0201021515216	1.3044939966863	0.27640114516271	0.1218338947687	0.071098777429839	0.99282420855276	0.13362796668772	0.91731016664942
14.872	0.54786737854497	0	0.13367761561873	1.956809523064	0.024517249854308	0.99852770509485	1.294306909027	0.27056076977441	0.11868044020246	0.066603408298858	0.97218462180794	0.12777626516216	0.91019066057293
15	0.54532960181932	0	0.13193832472317	1.9526653416424	0.024168582448138	0.99194221788745	1.2909977408282	0.26872045590367	0.11770783976737	0.065273458095979	0.96590629649093	0.12602020727643	0.9080715525467
15.2	0.54151684193098	0	0.12937566510089	1.9462515792666	0.023648805931171	0.98209340272661	1.2858441034766	0.26591669023098	0.11624497917263	0.063323435919136	0.95652499613306	0.12342354563618	0.90494521391989
15.48	0.53646871952065	0	0.12607960694257	1.9374401261699	0.02297110886282	0.96914893665298	1.2786635745917	0.26214890097252	0.11431285675959	0.060834246364742	0.94419900207322	0.12007164992652	0.90089766267222
15.872	0.52996972748263	0	0.12197227294637	1.9254236598093	0.022114401493609	0.95250388079167	1.2686781996922	0.25718670870008	0.111823114851	0.057767907150202	0.92835067976527	0.11588053929722	0.89570313445611
16	0.52797847656604	0	0.12074133616318	1.9215748788364	0.021855455012564	0.94737719725385	1.26543455625	0.25564035311042	0.11105870671757	0.056857547459371	0.92348283197038	0.11462041181046	0.89408153526432
16.2	0.52488340639232	0	0.11892036868319	1.9152595765689	0.021464693463916	0.93953270863584	1.2603829658645	0.25323035469445	0.10988183419004	0.055519489985961	0.91616246291478	0.11273174470779	0.89155316189472
16.48	0.5208686454685	0	0.11656373998632	1.9072549850799	0.02096714518985	0.92946991792995	1.2533446182106	0.25012945957181	0.10838168976626	0.053804974014603	0.90645293751555	0.11033502145306	0.88825479388437
16.872	0.51558883544643	0	0.11359976246897	1.8963320991523	0.020339397661515	0.91625014194162	1.243556962839	0.24606277077457	0.10644206611332	0.05168062599748	0.89380067215024	0.10731320090153	0.88377820437081
17	0.51395010572543	0	0.11270487358172	1.8928194033683	0.020149323131887	0.91212404822984	1.2403775468204	0.24479429822792	0.10584311748528	0.051046920825054	0.88987506771995	0.10639798859634	0.88232104766834
17.2	0.51142483511533	0	0.11137437192289	1.8873493235046	0.019866028928149	0.90588674998134	1.2354259829899	0.24286554930587	0.10493821701465	0.050112428589387	0.88393287340633	0.10503707518791	0.8800498879035
17.48	0.50800726159281	0	0.1096393088987	1.8799268019679	0.019498493370677	0.89759631223887	1.2285270015905	0.24030323850314	0.10374576057166	0.04890891789505	0.87597583800187	0.10327259336782	0.87690528436105
17.872	0.50344551633459	0	0.1074324729735	1.8697747851318	0.01903311279491	0.88666344144153	1.2189331512907	0.23693744732157	0.1021956362516	0.047406212393076	0.8654696346094	0.1010354716213	0.87247332863354
18	0.5020146496138	0	0.10676027908458	1.8664930100682	0.018891602493331	0.88321525891022	1.2158166910139	0.23588411080277	0.10171407570249	0.04695514457788	0.8621780453874	0.10035280042672	0.87099163728207
18.2	0.49971978413044	0	0.10575496878402	1.8610505562865	0.018675670932385	0.87786289443398	1.2109631732593	0.23422569875563	0.10096084446069	0.046287139958797	0.85716455355092	0.09931546444105	0.86858388064944
18.48	0.49668413911608	0	0.10443235130756	1.8541503718481	0.018401740254203	0.87094740777658	1.204200798754	0.23210536312333	0.100002800821	0.045421200278669	0.85039117603442	0.097996137654153	0.86529003757251
18.872	0.49253747464055	0	0.10272855616842	1.8445910526163	0.018051987707842	0.86161640364318	1.1947969163742	0.22929781688287	0.098741594636007	0.044329414779792	0.84133962159274	0.096296914852989	0.86053093739296
19	0.4912210402667	0	0.10220447625148	1.8414657368934	0.017944684961518	0.85863459999239	1.1917421653086	0.22841166280477	0.098345261297392	0.043999139360518	0.83847905458256	0.095772110710136	0.85891357668555
19.2	0.48908165903454	0	0.10141561093851	1.8362595440856	0.017779473339277	0.85398287772316	1.1869847523184	0.22700653888698	0.097719610849905	0.043507450643298	0.83409822348	0.094967794794423	0.85626999167847
19.48	0.48621574413772	0	0.10036783663834	1.8295871892216	0.017569339151853	0.84793857933706	1.1803562799095	0.22520514686956	0.096920703768469	0.042864991577515	0.82813379008661	0.093940457612302	0.85259916428726
19.872	0.48223572391013	0	0.098999869588188	1.8202319369121	0.017297997448203	0.83969517068418	1.1711386041458	0.22279821719155	0.0958565618866	0.042045501089121	0.82008131367831	0.092599280671088	0.84723188870543
20	0.48096106353698	0	0.098574821955551	1.8171427943518	0.017213892066172	0.83703363693659	1.1681443404252	0.22203210080874	0.095518727269458	0.0417953317179	0.81751799037298	0.092180078893462	0.84539452551427
