# Time [h]	MS [g/L]	Lignin [g/L]	Butyric [g/L]	Initial_Substrate [g/L]	Carbohydrates [g/L]	Substrate [g/L]	MO_AcidoLCFA [g/L]	MO_hydroM [g/L]	Proteins [g/L]	AA [g/L]	MO_acetoM [g/L]	Propionic [g/L]	Carbondioxide [g/L]	MO_Propionic [g/L]	MO_ButyricValeric [g/L]	Valeric [g/L]	LCFA [g/L]	MO_AcidoMS [g/L]	Methane [g/L]	Hydrogen [g/L]	Lipids [g/L]	MO_AcidoAA [g/L]	Acetic [g/L]	Nitrogen [g/L]	NH4N [g/L]
0.2	0.0537107339086	116.29326904123	0.010422406575553	0	2.5557147945102	0.49909615757323	1.3687151022928	3.2033023752214	0.91800578203485	0.035190752654166	1.8574280366981	0.024695064980466	0.69952591442635	1.1326567447246	1.9565521151561	0.0031169110675316	0.057686462362415	7.011277578329	0.065781686330542	4.6503584662485e-07	0.75708609805881	1.0220859681376	1.389262365229	2.12581353658	2.0903489245397
0.48	0.04817906393699	116.29447000161	0.015826104401835	0	2.2757379105171	1.1944713218292	1.3695123497226	3.2306809454621	0.81671221421173	0.040202059373641	1.864424267137	0.04808629748358	0.58708207955621	1.1348451102443	1.9604524131104	0.0052397073513921	0.12337425954389	7.033625534156	0.073907544004775	5.1639700112536e-07	0.67340141670511	1.0293285967	1.4354265211678	1.7085445954742	1.7068736093051
0.872	0.04020431680492	116.29777313232	0.015239560318884	0	1.939646760015	2.1614129339554	1.3712759878731	3.2696933307257	0.69413443767499	0.034604310087523	1.8743003893968	0.059940629268805	0.45684475130718	1.1387997694827	1.9666417348077	0.0052092679936323	0.19968414308061	7.0606466229054	0.078224206662837	4.8049051647692e-07	0.57193506440336	1.0390565902939	1.4981273473272	1.3023019609875	1.3022807457876
1	0.037912740516181	116.29916179562	0.014554171920229	0	1.8419863115121	2.4755691826019	1.3719752496331	3.2819107072905	0.65826942966751	0.032456368418466	1.8775421969839	0.060786584067272	0.42259590927709	1.1401421221172	1.9685433159223	0.0049936818136749	0.22128573243571	7.0685223309771	0.078788009588675	4.6134055533152e-07	0.54219784798556	1.041944979209	1.5130268679045	1.1934934786392	1.1934927786806
1.2	0.034665837812293	116.30143418134	0.013037418969235	0	1.6999762628353	2.4656869135639	1.3731672533835	3.3002560129568	0.60602430979857	0.029305371136823	1.8826199413269	0.058806675326976	0.40805333807929	1.1422327177699	1.9712939517886	0.0045747771401886	0.2514396025972	7.0799420565236	0.080206396953044	4.2347079269743e-07	0.49886074358501	1.0461433180594	1.5129363713755	1.042273899464	1.0422738848273
1.48	0.030690894008831	116.30458462174	0.01137818838117	0	1.5202723906086	2.4519181177266	1.3750248306185	3.3242992736745	0.53992217020487	0.02551761878225	1.8897483515058	0.05347060105495	0.35707335529737	1.1450594884731	1.9747119766667	0.0040455689708489	0.28897717354885	7.0942956126837	0.07975511282374	3.7458473605064e-07	0.44403136388921	1.0514293478972	1.5022745540143	0.86290964502584	0.86290963505277
1.872	0.025958249028295	116.30894062152	0.0094948814992772	0	1.3018750611488	2.4327713248144	1.3779591916151	3.3546969921285	0.45960699509019	0.021125964834689	1.8997547126308	0.043725455705873	0.31152603601774	1.1486755552421	1.9787742562614	0.0034035997288877	0.33158681796543	7.1115480473745	0.078594058868723	3.1356767058706e-07	0.37741671762245	1.0578020540994	1.4613266633856	0.663096350596	0.66309634489285
2	0.024567334779618	116.31038580244	0.0089564360511226	0	1.2377552069677	2.4265516388469	1.3789909719335	3.3638543268613	0.43603199167456	0.019856590760282	1.9030265741546	0.040431821367599	0.30125866456822	1.149757751033	1.9799474654307	0.0032180964907142	0.34335555728118	7.1165693989579	0.078190004923984	2.9450704293964e-07	0.35786422341118	1.0596630709932	1.4421116621605	0.60805011390339	0.60805010900452
2.2	0.022578672537709	116.31263159642	0.0081751159167836	0	1.1442517681807	2.4168652655546	1.3806733798808	3.3773755856474	0.40165859244276	0.018054564951001	1.9081393695848	0.035480536923852	0.30962251536722	1.1513317203073	1.9816349258309	0.0029439542852332	0.35914831388245	7.1238375971587	0.078296497813327	2.6815222422431e-07	0.32935682820805	1.0623613621967	1.4043658270296	0.53111022842308	0.53111022448642
2.48	0.020126782970118	116.31575339061	0.0072335159312883	0	1.0259152820711	2.4033694244918	1.3831623207951	3.3947762965399	0.35816637584794	0.015884112406233	1.9152927866857	0.029471391229082	0.29336340159629	1.1532936646725	1.9837276215879	0.00261004804022	0.3783543653975	7.1329388231373	0.076965249642225	2.3622994066862e-07	0.2932888122167	1.0657523164059	1.3435687875748	0.43957287148275	0.43957286850296
2.872	0.017182459276368	116.32008258575	0.0061178743115765	0	0.88207189566499	2.3846021611516	1.3868784718315	3.4164287176959	0.30531912340216	0.013326583152196	1.9252811987783	0.022901243605811	0.27860790751829	1.1555973362137	1.9861952606207	0.002210207068355	0.3986934290971	7.1438144801993	0.075192878427629	1.9971643972482e-07	0.24946654433863	1.0698332597773	1.2403029155456	0.33748589492862	0.3374858928366
3	0.016317411909265	116.32150171338	0.0057945492439388	0	0.83983572737475	2.3785056457697	1.38814062338	3.4229192785001	0.289806633103	0.012582624294773	1.9285332322428	0.021113360747324	0.27546781588552	1.1562564749519	1.9869018265077	0.002094185114204	0.40392550069538	7.1469625511731	0.074668860607969	1.8927826869872e-07	0.23660415642934	1.0710224766061	1.2027684438618	0.30935210655013	0.30935210467621
3.2	0.015072546037129	116.3237094977	0.0053238590220388	0	0.77823756438531	2.3690110935121	1.3901575998989	3.4325066268219	0.26718785748416	0.011515967768781	1.9335985246122	0.018690977590956	0.29149985466035	1.1571951744137	1.9879121775399	0.0019235628125293	0.41034792247013	7.1515030750242	0.07458844839765	1.7480729025739e-07	0.21785048433553	1.0727453414307	1.1394977416443	0.27002174867582	0.2700217470904
3.48	0.013525126022778	116.32678203197	0.0047472788695023	0	0.70026635972538	2.3557824934555	1.3930626173634	3.4449060821214	0.23856691863255	0.01020885906168	1.9406467756752	0.015971957502981	0.28440255239725	1.1583450083237	1.9891523067677	0.0017132250519281	0.41752452276844	7.1571534733504	0.073154721127746	1.5765718198904e-07	0.1941222811188	1.0749059870794	1.0464453855579	0.22321394578864	0.223213944524
3.872	0.011660943606418	116.33104883545	0.0040576548106651	0	0.60546312834972	2.3373867839258	1.3972624718078	3.4605262808241	0.20378653223441	0.008651319888788	1.9503934927858	0.013062313236377	0.27659763428561	1.1596842981269	1.9905880059931	0.0014600300849995	0.4233595940813	7.1638365268839	0.071246569595528	1.3811311004231e-07	0.16529136847384	1.0774960591176	0.90714408422892	0.17098265687269	0.17098265594021
4	0.011113529166034	116.33244029165	0.003856893148376	0	0.57762085513427	2.3314109666546	1.3986608292295	3.4652567067413	0.1935767955114	0.008196773361307	1.9535409764806	0.012260313732918	0.27474157017188	1.1600660982056	1.9909920126179	0.0013862628828297	0.42435993289675	7.1657530290068	0.070663253595358	1.3248242931216e-07	0.15682903087226	1.0782479219088	0.85994420890297	0.15658239936735	0.15658239852209
4.2	0.010323258770632	116.33460614538	0.003564356596874	0	0.53700853193958	2.3221043756987	1.4008689062302	3.4722993715467	0.17868916639644	0.0075414487172049	1.9584085571837	0.011142185248907	0.29150222165039	1.1606103002807	1.9915623624493	0.0012780866071528	0.42476579035996	7.1684989648283	0.070451688755186	1.2456464545496e-07	0.14449039002392	1.0793345668206	0.78445393356108	0.13644648251741	0.13644648179114
4.48	0.0093375121465405	116.33762193186	0.0032030904791137	0	0.4855882492198	2.3091376314566	1.4039999557883	3.481508295967	0.15984934184472	0.0067311477269491	1.9650944849983	0.0098249307117247	0.28432908286836	1.1612765017564	1.9922471219099	0.0011439045815926	0.42423807515676	7.1718781245418	0.068690712828488	1.1494148383485e-07	0.12887816941743	1.0806914706698	0.67819931922527	0.1124768323449	0.11247683175599
4.872	0.0081501258693642	116.34181242725	0.0027694703412646	0	0.42304279037639	2.291105986212	1.4084412089703	3.493274380322	0.13695204136933	0.0057607775730385	1.9741055203717	0.0083262179336569	0.27400584250218	1.1620472768048	1.9930091642001	0.00098215056597526	0.42085581658029	7.1758002153561	0.065945143671032	1.036527486221e-07	0.10990729756958	1.0823062096044	0.5304829435033	0.085731742728618	0.085731742287752
5	0.007801895694469	116.34317583051	0.0026430741637358	0	0.40466832955549	2.285248465659	1.4099018802836	3.4968724723759	0.13022995336301	0.0054773219717145	1.9769495391786	0.0078996676365122	0.27083500296222	1.1622646617502	1.993215492311	0.00093496725950466	0.41918639920837	7.1769055983929	0.065010584589126	1.0035843458892e-07	0.10433883257649	1.0827718382716	0.48304063164495	0.078360461759593	0.078360461358601
5.2	0.0073013064420008	116.34529842721	0.00246023119546	0	0.37785996834209	2.276126093136	1.4121904086406	3.5022635698108	0.12042717909897	0.0050696223495607	1.9812495807289	0.0072956849518674	0.28305511650624	1.1625720618713	1.9934981315456	0.00086640006277773	0.41606738088692	7.1784692080156	0.06408378286264	9.5693060297531e-08	0.096219325179154	1.0834417913315	0.41095541242148	0.068060179642736	0.068060179296811
5.48	0.0066747774117243	116.34825446827	0.002231826942276	0	0.34390456837649	2.263415988395	1.4154001432113	3.5093725152964	0.10802055876878	0.0045606750848084	1.9868999156208	0.0065590650713406	0.27019120845248	1.1629423911872	1.993819211067	0.00078043608523954	0.41076451240131	7.1803511210898	0.060890479959935	8.989879621467e-08	0.085944985882937	1.0842717653133	0.31640326472904	0.05581981088332	0.055819810601872
5.872	0.0059266737980379	116.35236245024	0.001959170272576	0	0.30257852161761	2.2457411610738	1.4198847479361	3.5185502450206	0.092939074728542	0.0039531701314206	1.993821073513	0.0057028806323402	0.24849244468734	1.1633574563111	1.9941392397762	0.00067734470924925	0.40179088499336	7.1824517198198	0.055106192438185	8.3037634925546e-08	0.073459129391698	1.085246363805	0.20387467869226	0.042225544379501	0.042225544168463
6	0.0057081025989115	116.3536975326	0.0018799816333073	0	0.29043202313487	2.2399995842751	1.4213441985446	3.5213772173564	0.088510860084045	0.0037760680538565	1.9958245847053	0.0054572649674179	0.24091475978474	1.1634708448608	1.9942157583642	0.00064735936127732	0.39853661341148	7.1830218149821	0.053033703296144	8.1030476290928e-08	0.069793941054299	1.0855240653573	0.17249360162622	0.038495972296927	0.038495972104991
6.2	0.0053970779312697	116.35577608122	0.001765958060272	0	0.27270411502386	2.2310577666589	1.4236136972778	3.5256300296629	0.082052489059705	0.0035221195754915	1.998602451481	0.0051077788295112	0.23902944110101	1.1636271516038	1.9943090994515	0.00060397170300806	0.39317592798523	7.1838043789319	0.050011417707529	7.817820310439e-08	0.064449339044952	1.085920082732	0.13132280022844	0.03331061961083	0.033310619445299
6.48	0.0050124161027625	116.35867080853	0.0016246661497901	0	0.25023767382315	2.2185992050333	1.4267609169066	3.5312664561737	0.073877152981401	0.0032066531624533	2.0017608040982	0.0046805834532979	0.21417227917525	1.163806962965	1.9943905544748	0.00054990807826129	0.38519017979696	7.1846968032675	0.043884683999509	7.4633559532786e-08	0.057685726955808	1.086403456671	0.090139202656816	0.027198650696028	0.027198650561396
6.872	0.0045638021190685	116.36269392771	0.001458517911027	0	0.22287098354859	2.2012741407176	1.431084491262	3.538580780377	0.063936414741134	0.0028338711893774	2.0049849961667	0.0041862173713011	0.18040108671086	1.1639910956312	1.9944190604918	0.0004857564039468	0.37329476474981	7.1855925344674	0.03575946091763	7.0456397603243e-08	0.049465112507611	1.086956769715	0.059016701724224	0.02047309589134	0.020473095790433
7	0.0044342710881109	116.36400092791	0.0014108047338094	0	0.21482164659226	2.1956462124878	1.4324742256135	3.5408408538244	0.061016951480824	0.0027258942041566	2.0058418665877	0.0040453674173009	0.17050738414763	1.1640366974575	1.994409899014	0.00046723472415627	0.36927188345652	7.1858083259244	0.033547511549272	6.9240772633746e-08	0.047051707063015	1.0871107476935	0.05294694191979	0.018634350699931	0.018634350608194
7.2	0.0042567592850519	116.36603596096	0.0013430875897069	0	0.20306759519534	2.1868813863315	1.4346147894412	3.5442424627842	0.056758318618408	0.0025731798783447	2.0070214087804	0.003846719506392	0.15933607610682	1.1640941184722	1.9943781055858	0.00044067678334332	0.36286406437146	7.1860733791987	0.031160625493235	6.75312805377e-08	0.043532168376414	1.0873262535659	0.046596602319207	0.016077418109588	0.016077418030567
7.48	0.0040483778088466	116.3688705012	0.0012620319046237	0	0.1881597869197	2.1746694213481	1.4375385786368	3.548747578605	0.051366091707213	0.002388053960146	2.0084490614733	0.0036108505840539	0.13943190170342	1.1641485476768	1.9943007826462	0.00040832701484725	0.35383452273716	7.1863093118468	0.027794438052642	6.5461689616164e-08	0.039077589809284	1.0875809683214	0.041575918558908	0.013054127571346	0.013054127507306
7.872	0.0038312155108505	116.37281067938	0.0011726350050003	0	0.16997750526006	2.1576872628703	1.4414585649462	3.5545670339538	0.044806720199407	0.0021790491417774	2.0101675895735	0.0033536456399329	0.11906221913224	1.1641794241673	1.9941352935473	0.0003714111935655	0.34119051752693	7.1864037244943	0.024640033151424	6.3152801941792e-08	0.033662288466426	1.087855786701	0.038160899871882	0.0097111194622838	0.0097111194147449
8	0.0037728829663648	116.37409056746	0.001148287795747	0	0.16462393262038	2.1521707442535	1.4426952455279	3.5563569492178	0.042879650857021	0.0021203790949651	2.0106807524342	0.0032841246711047	0.11366332737974	1.1641797918789	1.9940689410919	0.00036107578272281	0.33708381513189	7.1863834895033	0.023890911024706	6.2508068629402e-08	0.032072193977337	1.0879278665566	0.037467288549735	0.0087960863408408	0.008796086297806
8.2	0.0037090206909788	116.37608347376	0.0011161633842618	0	0.15680055733486	2.1435794217901	1.4445714282747	3.5590348384081	0.040067929645458	0.0020424200886764	2.011437160117	0.0031925754192418	0.10682458666654	1.1641708340903	1.9939533220176	0.00034681547611628	0.33072829676589	7.1863030159932	0.023349056010035	6.1673091320624e-08	0.029753025708743	1.0880236781208	0.036671208637515	0.0075257860037979	0.0075257859670075
8.48	0.0036604421276704	116.37885945723	0.0010835040085277	0	0.14686642083482	2.1316091907595	1.4470718212822	3.5625423741672	0.036506365659618	0.0019571456341093	2.0124106365446	0.0031000448491705	0.096389527232989	1.1641403104301	1.9937690151019	0.00033077183436915	0.32209708938072	7.1860992421169	0.022091525325449	6.080454634761e-08	0.026817144712303	1.0881263838507	0.035979450132519	0.0060337337025606	0.0060337336730919
8.872	0.0036721506926401	116.38271841365	0.0010600608505049	0	0.13472806102689	2.114963175483	1.4502932027146	3.5669796083695	0.032171234573652	0.0018803567977183	2.0136147624974	0.003035360396565	0.085868903685446	1.1640658669258	1.9934716458171	0.00031522928643538	0.31065847581243	7.1856542389964	0.020617218835437	6.0163637557696e-08	0.023246979243205	1.088215378255	0.035594568629767	0.0044128770867784	0.004412877065248
9	0.0036865617711113	116.38397181759	0.0010564721029921	0	0.13114857566988	2.109555864273	1.4512789896041	3.5683220113231	0.030896964944988	0.0018622945404247	2.0139735776314	0.0030262021372464	0.083057440744129	1.1640348933622	1.9933662220457	0.0003114534730379	0.30708494469605	7.1854746575047	0.020202203083171	6.0048503487933e-08	0.022198402607654	1.08823271176	0.035564420938151	0.00397676479396	0.0039767647745627
9.2	0.0037449057980128	116.38592353097	0.0010567234427236	0	0.12591210510778	2.101134616812	1.4527391639051	3.5703003934134	0.029037041262119	0.0018474540952363	2.0144952641117	0.0030281638866244	0.079449062648994	1.1639795811194	1.9931930491447	0.00030716538068111	0.30172462427352	7.1851599336861	0.019905488052566	6.0068837823394e-08	0.02066876257577	1.0882483341257	0.035637015302956	0.0033815791764611	0.0033815791599731
9.48	0.0038718101556072	116.38864224796	0.0010689795066458	0	0.11925154222326	2.0894013465195	1.4546148802369	3.5728317269274	0.026679740664638	0.0018470857883462	2.0151477796012	0.0030645906689828	0.073843675629276	1.1638891848514	1.9929348918639	0.00030440808069731	0.29470992645651	7.1846568058832	0.018953463157423	6.0409900282513e-08	0.018731797974086	1.0882490193948	0.035975922548027	0.0027034610665663	0.0027034610533904
9.872	0.0041220938064596	116.39242190571	0.0011054339295845	0	0.1110916304041	2.0730848476094	1.4569089669105	3.575928587271	0.023807834974716	0.0018766848738513	2.0159159805393	0.0031724402660928	0.068237626706106	1.1637402672295	1.9925465278985	0.00030569604417938	0.28589311719388	7.1838437201365	0.017708561663522	6.1408087091246e-08	0.016375285729031	1.0882135523578	0.036872200560049	0.002005784365515	0.0020057843557437
10	0.0042054280405029	116.39364957139	0.0011198076919024	0	0.10868005521779	2.0677845876876	1.4575867169929	3.5768457482839	0.022963023436424	0.0018885845714417	2.0161371907717	0.00321557587816	0.066754399428631	1.163687268229	1.9924143394225	0.00030681552138888	0.28322924090121	7.1835556559373	0.017348870637945	6.1778523030323e-08	0.015682900648421	1.0881944018742	0.037227721739453	0.0018263344978246	0.0018263344889285
10.2	0.0043633427835403	116.39556131627	0.0011457000991464	0	0.10514670212194	2.0595300601707	1.4585696877929	3.5781796362416	0.021729273932846	0.0019141477802244	2.016450777171	0.0032931472266648	0.064939770602571	1.1635998503276	1.9922022831775	0.00030936271204677	0.27930486986823	7.1830822790698	0.017078923434252	6.2502015712962e-08	0.014672590705052	1.0881570397397	0.037870964368654	0.0015905156715091	0.0015905156637628
10.48	0.004594431668907	116.39822459661	0.0011873948940312	0	0.10064156583792	2.0480290811821	1.4598042720022	3.579866166683	0.020164269168826	0.0019534618866009	2.0168317831736	0.0034191318964311	0.061887651868352	1.1634694605058	1.9918958007336	0.00031414753471635	0.27425276532499	7.1823791616236	0.016300088608554	6.3625459745129e-08	0.013392697709879	1.0880915106495	0.038920063397859	0.0013370073480843	0.0013370073415737
10.872	0.0048884352537011	116.40192767987	0.0012475479092874	0	0.095101636842358	2.0320356132958	1.4613005476698	3.5819341295399	0.018255085755728	0.0019975074726474	2.017273753132	0.0036080000984093	0.058987361828721	1.1632748509507	1.9914519757317	0.00032116056296509	0.26789361355975	7.1813280581159	0.015398553785497	6.514254549288e-08	0.011834529679682	1.0879781567023	0.040556396696133	0.0010965669893578	0.0010965669840189
11	0.0049648953134475	116.40313054737	0.0012655041046592	0	0.093459288626218	2.0268402943047	1.4617453883253	3.5825539566903	0.017692846051853	0.0020060482543853	2.0174020386772	0.0036668112597512	0.058249132461362	1.1632092274508	1.99130433519	0.00032305752864612	0.26594608885754	7.1809712997005	0.015163676011496	6.5555164764676e-08	0.011376452764904	1.087936719606	0.041088342132723	0.0010381307180923	0.0010381307130381
11.2	0.0050743116810544	116.40500379069	0.0012912074264885	0	0.09104778231338	2.0187492011424	1.4624009044029	3.5834712756657	0.016871115762583	0.002013745592616	2.0175876127481	0.0037539756298117	0.057473608116336	1.1631047280536	1.991071105504	0.00032543341273528	0.26298505200453	7.1804004181077	0.015081443322731	6.6137825361458e-08	0.01070777158086	1.0878678385803	0.0419111411089	0.0009640162867004	0.00096401628200721
11.48	0.0051892878623705	116.40761363919	0.0013219721377617	0	0.087962656683572	2.0074759361087	1.4632524891716	3.5846694746733	0.015827464288937	0.0020109828816883	2.0178238880829	0.0038651937923133	0.055855325891623	1.1629553479041	1.9907403657741	0.0003274582267196	0.25907145654905	7.1795776921119	0.014643304330814	6.6762558578603e-08	0.0098601283992931	1.0877639812996	0.043034846115641	0.00088754518349395	0.00088754517917325
11.872	0.0052686046867808	116.41124275299	0.0013503000590375	0	0.08414922452307	1.9917991324559	1.4643484459526	3.5862176451254	0.014551830970799	0.0019789158451947	2.0181232274138	0.0039857537449258	0.054497241091485	1.1627419311626	1.9902708275494	0.00032679357057372	0.25384146583713	7.178385531803	0.014201974957763	6.7186733501624e-08	0.008827166510912	1.087605914775	0.044440752093139	0.0008173580037129	0.00081735799973406
12	0.0052776045061787	116.41242163157	0.0013558244777916	0	0.083013881866106	1.9867066825676	1.4646891144304	3.5866983910553	0.014175558907755	0.0019630811805847	2.0182158765787	0.0040153363830505	0.05417825839075	1.1626714189862	1.9901161167626	0.00032572883316555	0.25217327181343	7.1779872494738	0.01409868051427	6.7224369963906e-08	0.0085232385759923	1.0875514712751	0.044842957841634	0.00080048492568057	0.00080048492178391
12.2	0.0052772249469229	116.41425756638	0.0013605071025515	0	0.081341907023101	1.9787757960576	1.4652068432985	3.5874275862881	0.013625001919583	0.001933066984166	2.0183563362256	0.0040507773546743	0.054018435822454	1.1625604771311	1.9898730691459	0.00032316418801373	0.24956208826999	7.1773562674148	0.014190106579192	6.7182113040076e-08	0.0080793168859149	1.0874637489213	0.045405034423342	0.00077901910233227	0.00077901909854014
12.48	0.00525461686485	116.41681551311	0.0013607836274128	0	0.079193086835585	1.9677257457422	1.465907473675	3.588409515975	0.012924508964948	0.0018840899745311	2.0185462623363	0.0040825948321577	0.053170330253323	1.1624037416766	1.9895302747437	0.00031817276795843	0.24600269684802	7.1764563634893	0.013977481549495	6.6969739217862e-08	0.0075160640871368	1.087335825459	0.046083438224474	0.00075655106642155	0.00075655106273885
12.872	0.0051898495510175	116.42037255966	0.0013499498340094	0	0.076518469847735	1.952359346875	1.4668523866553	3.5897202937312	0.012065933076847	0.0018063312484088	2.018802638139	0.0040927229444588	0.052594222176833	1.1621816795501	1.9890456089152	0.00030878776010058	0.24107682174915	7.175166456751	0.01376249502695	6.6419697534788e-08	0.0068286720276163	1.0871474472649	0.046790456680828	0.00073524392979715	0.00073524392621822
13	0.0051638967339497	116.42152803375	0.0013443590488063	0	0.075717657954898	1.9473677311875	1.4671541463334	3.5901346365732	0.01181209329221	0.001780114470788	2.0188844826618	0.0040890621014631	0.052478386771329	1.1621084976151	1.9888861844089	0.0003053278489282	0.23947676305749	7.174738360776	0.013713486563108	6.6197959685075e-08	0.0066261744809811	1.0870838054414	0.046965497642725	0.00073000294208286	0.00073000293852944
13.2	0.0051186352666699	116.42332753326	0.0013335424275251	0	0.07453374640947	1.9395938816863	1.4676197077307	3.5907693923092	0.011440076750836	0.0017382744502481	2.019010628819	0.0040760439916239	0.052622934959349	1.1619934735654	1.9886359385351	0.00029952593021173	0.2369466045728	7.1740628723857	0.01386658525931	6.5803990781829e-08	0.0063301503230666	1.0869823458744	0.047175816177944	0.0007232384154337	0.00072323841191323
13.48	0.005052141667862	116.4258347378	0.0013162504116586	0	0.073003069804929	1.9287626293262	1.4682611192841	3.5916341017985	0.010965544991744	0.0016806652978808	2.0191840459715	0.0040489031522319	0.052117143201311	1.1618310518212	1.9882833077008	0.00029110331681052	0.23346408305189	7.1731045273645	0.013724220876977	6.5209665017994e-08	0.005954044279529	1.0868364082581	0.047387793387487	0.00071608891889121	0.00071608891540556
13.872	0.0049537803745282	116.42932125605	0.0012884981105781	0	0.07108070610035	1.9137004932735	1.4691424603109	3.5928027243262	0.010381639950651	0.0016025993795145	2.0194211551185	0.0039949204124863	0.051861182700036	1.1616009368679	1.9877853174326	0.00027895318172073	0.22859924922405	7.1717399563233	0.013569337429882	6.4305952290685e-08	0.0054940790815065	1.0866250941269	0.047513408340398	0.00070943338744686	0.00070943338399361
14	0.0049214249524762	116.43045381919	0.0012789596061249	0	0.070500973578277	1.9088077158243	1.4694268643989	3.5931748908215	0.010208445245086	0.0015781528782335	2.0194972110232	0.0039745241890885	0.051824177841316	1.1615251168398	1.9876216865953	0.00027500116053675	0.22701211175702	7.171289161895	0.013533506322112	6.4002411773464e-08	0.0053583399849076	1.0865545153827	0.047518908307698	0.00070788431539361	0.00070788431194791
14.2	0.0048699110029952	116.43221764363	0.0012633874982232	0	0.069639711097979	1.9011877948899	1.4698681254726	3.59374745192	0.0099540442781934	0.0015406991053086	2.0196146709448	0.0039392726701163	0.052081314489544	1.161405969499	1.9873650207452	0.0002688014205862	0.22449805178249	7.1705798155236	0.013699638201399	6.3509959880428e-08	0.0051596627138172	1.0864427433016	0.04748359999911	0.00070602194638467	0.00070602194294804
14.48	0.0048002166159628	116.43467515317	0.0012418584691855	0	0.068517888789011	1.8905710096902	1.4704801816843	3.5945317508934	0.0096283922009476	0.001491427697327	2.0197763978794	0.0038882379457355	0.051697302865398	1.1612378071816	1.9870037519541	0.0002604387070991	0.2210292970808	7.1695772121213	0.013573180781233	6.2825920381434e-08	0.0049067479247646	1.0862834149685	0.047392965128679	0.00070438884921632	0.00070438884578764
14.872	0.0047042829115563	116.43809258414	0.0012117723435465	0	0.067093486667214	1.8758071145319	1.4713273071256	3.5955989299769	0.0092255083242738	0.0014274766846675	2.0199976912857	0.003812480856545	0.051547241396938	1.1609998247006	1.986494441933	0.00024926959811174	0.216175922584	7.1681563947765	0.013432578802517	6.1864396491436e-08	0.0045965085092379	1.086055296198	0.04716869268655	0.00070361997298867	0.00070361996956373
15	0.0046736375051742	116.43920270482	0.0012020874244362	0	0.066660199895854	1.8710112185916	1.4716018205033	3.5959403646993	0.0091054744460438	0.0014078464645365	2.0200686907834	0.0037871938664832	0.051534920080542	1.160921505113	1.9863273226652	0.00024578124982384	0.21459165708052	7.1676885279085	0.013400225296315	6.1553213533073e-08	0.0045047245062787	1.0859796787049	0.047075979902814	0.00070367219820895	0.00070367219478376
15.2	0.004626507287649	116.44093158182	0.0011871421735384	0	0.066012767158941	1.8635421789515	1.472028736932	3.596467172212	0.0089286173292542	0.0013784110580959	2.0201783887991	0.0037473576525225	0.051820088016589	1.1607985388019	1.9860654231475	0.00024049656018116	0.21211697514808	7.1669537609966	0.013569899953166	6.1067604864657e-08	0.0043701474064276	1.085860464196	0.046913463082419	0.00070403347855261	0.00070403347512567
15.48	0.0045621056997055	116.44334040705	0.0011666955847871	0	0.065162111944321	1.8531356153503	1.4726225753761	3.5971915311628	0.0087011460967956	0.0013396599790894	2.020329465361	0.0036913769473678	0.051471428617135	1.1606252132956	1.9856972574541	0.00023345142690265	0.20865408917468	7.1659178670788	0.013449293631464	6.0390926352786e-08	0.0041983606876979	1.0856915338968	0.046654327310947	0.00070507004455764	0.00070507004112564
15.872	0.0044750950716495	116.44669015025	0.0011391652734754	0	0.064068369894084	1.8386640575249	1.4734469660194	3.5981817537184	0.0084176861936767	0.0012899580276128	2.0205361725655	0.0036135519008501	0.051350597581313	1.1603803734634	1.9851790934316	0.0002242923540079	0.20381025952431	7.1644544961909	0.013315553187484	5.9459603975784e-08	0.0039867430745481	1.0854514243196	0.046240211455224	0.00070740565580464	0.00070740565236127
16	0.0044474102288723	116.44777828353	0.0011304652086346	0	0.063732424566624	1.8339631250001	1.4737145805883	3.5984995900822	0.0083327354149881	0.001274754563527	2.0206025060226	0.0035884468831157	0.051344801122087	1.1602999141929	1.9850092752763	0.0002214719230258	0.20222978145177	7.1639736420091	0.013285249708769	5.9161059248572e-08	0.0039239163187971	1.0853722172198	0.046094883521887	0.00070834937490319	0.00070834937145522
16.2	0.0044040932799324	116.44947292049	0.0011168437777064	0	0.063227223113512	1.8266419795138	1.4741311251164	3.5989908349413	0.0082070647814485	0.0012516947779931	2.0207049585926	0.0035485346561036	0.05162957910908	1.1601736933386	1.9847433331765	0.0002171664780781	0.19972892030934	7.1632193825311	0.013457185743567	5.8687240479658e-08	0.0038315728078648	1.0852476914476	0.045846620260216	0.00071001699862359	0.0007100169951675
16.48	0.0043466171589143	116.45183404445	0.0010989131426855	0	0.062557138544897	1.8164414756675	1.474711150979	3.5996680081422	0.0080444265000914	0.0012218756693978	2.020846055797	0.0034952788414633	0.051289188721928	1.159996007964	1.9843698647889	0.00021157414929585	0.19627726775798	7.1621578248307	0.013340838944879	5.8045025368524e-08	0.0037132487242652	1.0850719063444	0.045500892709483	0.00071270952224006	0.00071270951877086
16.872	0.0042682609975125	116.45511746356	0.0010749418956584	0	0.061683966331969	1.8022564678826	1.4755172785729	3.6005968045198	0.0078398731862643	0.0011834370375472	2.0210392413899	0.0034227295302346	0.05117692955499	1.1597454686618	1.9838449531954	0.00020435643452686	0.19145361103166	7.1606614035601	0.01321279033515	5.7160211169039e-08	0.0035666408555887	1.0848232366121	0.04498953702505	0.00071706727490175	0.00071706727141132
17	0.0042432038060604	116.45618405262	0.0010673763049169	0	0.061413048151826	1.7976486185803	1.4757791174255	3.6008955782626	0.0077781141188209	0.0011716163959121	2.0211012706621	0.0033995484716671	0.051173481375628	1.1596632443032	1.9836730847446	0.00020213764605196	0.18988077601957	7.1601703831761	0.013184246654569	5.6876447393889e-08	0.0035229068892377	1.0847414616446	0.044817187282968	0.00071861200432426	0.00071861200082632
17.2	0.0042046540347411	116.45784513921	0.0010557873645124	0	0.061002958827214	1.7904724391158	1.4761867986441	3.6013580109559	0.0076862920581704	0.0011538475492768	2.0211971415703	0.0033637731408467	0.051453863792424	1.1595343659962	1.9834040914764	0.00019879801506719	0.18742318952211	7.1594008563365	0.013358331675396	5.6433195692146e-08	0.0034584146714553	1.0846131413857	0.044541890330602	0.00072115716782797	0.00072115716431763
17.48	0.0041519550432134	116.46015952179	0.0010401226065415	0	0.060453819047748	1.7804739153486	1.4767546258787	3.6019965440313	0.0075665499585027	0.0011303767202041	2.0213292555784	0.0033149447100308	0.051119191158078	1.1593531464233	1.9830266324799	0.00019438844688006	0.18399230536859	7.1583190068364	0.013245752939883	5.5817667805794e-08	0.0033753566525224	1.0844324451362	0.044149083221021	0.00072498942755593	0.00072498942402693
17.872	0.0040801573996033	116.4633779483	0.0010191294373739	0	0.059728753251166	1.7665697844792	1.4775438158597	3.6028739717529	0.0074142493425464	0.001099902630099	2.0215101889391	0.0032487359081631	0.051015487893805	1.1590979798156	1.9824966153635	0.00018867803349217	0.17920222645139	7.156796056713	0.013122239180863	5.4967682062125e-08	0.0032716502686733	1.0841775930621	0.043584122868151	0.00073083035760586	0.00073083035404841
18	0.0040570979991507	116.46442342558	0.0010124838740952	0	0.059501590433913	1.7620531753824	1.4778001218274	3.6031565615722	0.0073678591500746	0.0010904599958855	2.0215682956305	0.0032276182339524	0.051014885286342	1.159014318954	1.9823231881485	0.00018691584433147	0.17764154045965	7.1562967955939	0.013095027066174	5.4694538585754e-08	0.0032405206748019	1.0840939522054	0.043396700811075	0.00073283446543042	0.00073283446186321
18.2	0.0040208593179884	116.46605163435	0.0010020305237284	0	0.059155593757828	1.7550190916801	1.478199093911	3.6035941574587	0.007298479557213	0.0010759687473539	2.0216580681739	0.0031942119099594	0.051292390143311	1.1588832592982	1.9820518539456	0.00018420810372064	0.17517856332919	7.1555147518579	0.013270446956196	5.4258597302564e-08	0.0031944195968804	1.0839628540333	0.043090041460519	0.00073609331896894	0.00073609331538586
18.48	0.003972429360992	116.468320211	0.00098824392344551	0	0.058688141893335	1.7452185489188	1.478754578815	3.6041988511499	0.0072072016085275	0.0010570676524527	2.0217817491359	0.0031499038967344	0.050964503711972	1.1586991187147	1.9816713090315	0.00018068715073044	0.17177849466096	7.1544161395782	0.013160447025764	5.3663624083758e-08	0.003134658404325	1.0837785384529	0.04267221955082	0.0007408985000114	0.00074089849640492
18.872	0.0039055692526636	116.47147494417	0.00096961890666768	0	0.058063465948429	1.7315897338757	1.4795261333221	3.6050305535835	0.0070896174029276	0.001032150700284	2.0219511439411	0.0030896935478505	0.050872033847082	1.1584401222948	1.9811373285695	0.0001760872621559	0.16703685606218	7.1528710766908	0.013040084794468	5.283550021907e-08	0.0030593108888745	1.0835190992874	0.042077710020847	0.00074804090889107	0.00074804090524981
19	0.0038839525223155	116.47249973168	0.00096368143032589	0	0.057866049315566	1.7271625584182	1.4797765699678	3.6052985474298	0.0070534490166651	0.001024344342845	2.0220055392145	0.0030704280405203	0.050875291759832	1.1583552692235	1.9809626856738	0.00017465599811872	0.16549319401239	7.1523648877384	0.01301377154489	5.2568421336026e-08	0.0030365175542111	1.0834340647367	0.041881665575313	0.00075045717583907	0.00075045717218604
19.2	0.0038499267514914	116.47409571965	0.00095430341525244	0	0.05756371452588	1.7202677569831	1.4801662316268	3.6057136201139	0.0069990069660804	0.0010122766060612	2.0220895613117	0.0030399105666112	0.051153044466264	1.1582224022385	1.9806895258033	0.00017244173993188	0.16306124496431	7.1515722931101	0.013190036139742	5.2140915102994e-08	0.0030025845854588	1.0833008862792	0.041563427464964	0.0007543532802798	0.0007543532766078
19.48	0.0038041860826429	116.47631940525	0.00094185346669436	0	0.057152090413155	1.7106612752311	1.4807083572954	3.6062872693275	0.0069266968004377	0.00099640222835978	2.0222052720456	0.0029992612377625	0.050834707992365	1.1580358369204	1.9803065639641	0.00016954236402685	0.15970283077773	7.1504594221354	0.013081711955187	5.1554144025734e-08	0.0029582464856808	1.0831138409048	0.041129387751261	0.00076004186664228	0.00076004186294257
19.872	0.0037406919658148	116.47941171567	0.00092488662670849	0	0.056596363952954	1.697302324849	1.481460477466	3.6070762198048	0.0068322891365209	0.00097518595641112	2.0223636173538	0.0029437355724671	0.050756715647268	1.1577736323958	1.9797694424823	0.00016570740018945	0.15502468388447	7.1488952979209	0.01296309454012	5.0732983333284e-08	0.0029016908964196	1.0828508979057	0.040514532153068	0.00076841750697708	0.00076841750323659
20	0.0037200679842513	116.48041622604	0.00091944252070253	0	0.056419461033332	1.6929628122104	1.4817043754981	3.6073303871566	0.0068029552764356	0.00096846950051924	2.0224144238503	0.0029258945026316	0.050764767164786	1.1576877737276	1.9795938275999	0.00016450256757805	0.15350301633727	7.1483830856189	0.012937223301723	5.0467469744468e-08	0.0028844259294617	1.082764788811	0.040312298359927	0.00077123449526991	0.00077123449151569
