# Time [h]	AA [g/L]	MO_AcidoLCFA [g/L]	MO_Acetic [g/L]	MO_hydroM [g/L]	MO_Propionic [g/L]	MO_acetoM [g/L]	MO_ButyricValeric [g/L]	MO_AcidoMS [g/L]	MO_AcidoAA [g/L]	Nitrogen [g/L]	SUM [g/L]
0.2	0.00011858069056546	0.15628445067055	0.117631308061	0.36478998206087	0.12927689956788	0.21209635877246	0.22329281764328	0.79904072151956	0.11633965701254	2.1241798129247	4.2430505889234
0.48	0.00011967169611316	0.15630264055688	0.11778819224929	0.36548167503671	0.12929754842626	0.21287725510034	0.22328944963613	0.79889161628722	0.11633652560438	1.703686213057	3.8240707876504
0.872	0.00011994284276358	0.15637783574619	0.1180011169328	0.36648796975875	0.12933339809665	0.21394355115329	0.22327977823746	0.79868211641295	0.11633230779617	1.2942555923048	3.4168136092819
1	0.00011990245461537	0.15641516451348	0.11806893699795	0.36682504675035	0.12934601065753	0.21428483413877	0.22327650777168	0.79861372388669	0.11633094140199	1.1847495951279	3.3080306637009
1.2	8.4382510816837e-05	0.15648634132918	0.11817190839875	0.3673496396163	0.12936678342896	0.21480525919065	0.2232680105726	0.79850003374817	0.1163253870705	1.0327201840446	3.1570779299105
1.48	7.6979472306485e-05	0.15661643445834	0.11830741842901	0.36808232304071	0.12939723717584	0.21549601256266	0.22325098488409	0.79833804299878	0.1163143870681	0.8526893370896	2.9785691571795
1.872	7.6185064177674e-05	0.15685622483757	0.11847292058008	0.369089081536	0.12944069108423	0.21635524521967	0.22322497786344	0.79811127394311	0.11629826061916	0.65267068378941	2.7805955445368
2	7.6154736038609e-05	0.15694944768035	0.11852050501703	0.36941233732084	0.12945493733386	0.21660689713047	0.22321639264052	0.79803724190686	0.11629297795933	0.59768319844543	2.7262500901707
2.2	5.3396748351146e-05	0.1571089406843	0.11858374267255	0.36988333520018	0.12947408421815	0.21694973380738	0.2231992920477	0.79791726822365	0.11628247169224	0.52096731824106	2.6504195835356
2.48	4.8802011802944e-05	0.15736052189976	0.11864584549929	0.37046337239539	0.12949253563994	0.21730941901729	0.22317044817499	0.79774754843234	0.11626568839803	0.4299962902961	2.5605004717649
2.872	4.8355126012581e-05	0.15775944643185	0.11869150974626	0.37117581562292	0.12951076216335	0.21762462375327	0.22312821651249	0.79750997891158	0.11624174077427	0.32900343752452	2.4606938865665
3	4.8350598517614e-05	0.15789968361963	0.11870098909252	0.37139967073252	0.12951603930225	0.21770276466842	0.22311435358864	0.79743242161049	0.11623391171986	0.30124856574621	2.4332967506791
3.2	3.4558545104303e-05	0.15812741965684	0.11871139986676	0.37173152579808	0.12952094083978	0.21780473478196	0.22309034208325	0.79730848106118	0.11622029310786	0.26252383617768	2.3950735319185
3.48	3.1832192107689e-05	0.1584615465009	0.11872010359335	0.37217038947292	0.12952091269933	0.21792062908768	0.2230536779176	0.79713385164739	0.11619996784147	0.21657048869613	2.3497833996489
3.872	3.1601256329903e-05	0.1589510142107	0.1187278960892	0.37277642954423	0.12951582456353	0.21806282131964	0.22300123295448	0.79688942254742	0.1161712467803	0.16547093705692	2.2995984263228
4	3.1610659203235e-05	0.15911505535623	0.11873014219881	0.3729760290809	0.12951377895358	0.21810790492901	0.22298406627966	0.79680962623646	0.1161618639411	0.15141503932476	2.2858451169597
4.2	2.3069659729284e-05	0.15937509799269	0.11873317701874	0.37328136367431	0.12950836682947	0.21817618431196	0.22295574938623	0.7966831844745	0.11614633945533	0.13179464798523	2.2666771807882
4.48	2.1408430398391e-05	0.15974536695639	0.11873641089194	0.373698259104	0.12949679230506	0.21826714243276	0.22291419424725	0.79650546526558	0.11612382547557	0.10850284637213	2.2440117114811
4.872	2.1305314338215e-05	0.16027137962821	0.11874011039258	0.37427865524865	0.12947803891725	0.21839074229355	0.22285533051259	0.79625671727282	0.11609214524435	0.082598273530992	2.2189826983553
5	2.1325258096015e-05	0.16044441295634	0.11874126114142	0.37446859748629	0.12947173777738	0.21843085516265	0.22283608545054	0.79617551105037	0.11608179879938	0.075473059368538	2.212144644451
5.2	1.6009812260232e-05	0.16071566442315	0.11874279810008	0.37476025514584	0.12946055540734	0.21849234378028	0.22280507378159	0.79604752224906	0.11606509507876	0.06552882933374	2.2026341471121
5.48	1.4996460075029e-05	0.16109601944852	0.118744310549	0.37515978094828	0.12944265087281	0.21857551162184	0.22276045951481	0.79586790574441	0.1160412250957	0.053728433132982	2.1914312933884
5.872	1.4986128540199e-05	0.16162650028493	0.11874571065486	0.37571131649617	0.12941624998598	0.21868869977179	0.22269757251868	0.7956165050602	0.11600770909058	0.040613864211872	2.1791391142036
6	1.5018691849688e-05	0.16179890158549	0.11874606386293	0.37589013979699	0.12940753988266	0.21872519487441	0.22267702395876	0.79553443276063	0.11599676470371	0.0370089270489	2.1758000071663
6.2	1.1758618631927e-05	0.16206670908514	0.11874636603877	0.37616437977453	0.12939313146953	0.2187810800526	0.22264433877361	0.7954055324126	0.11597933667386	0.031981469825047	2.1711741027243
6.48	1.1166916177166e-05	0.16243704283281	0.11874618089285	0.37653821675646	0.12937166159819	0.21885653988365	0.22259784143731	0.79522481896839	0.11595463985577	0.026024526505499	2.1657626356471
6.872	1.1250161567517e-05	0.16294336615336	0.11874494572631	0.37704599504752	0.12934085058725	0.21895773286678	0.22253247903748	0.79497188364414	0.11592000441765	0.019422899273595	2.1598914069157
7	1.1304253183606e-05	0.16310557710664	0.11874434426923	0.37720838047267	0.12933073910687	0.21898987409307	0.22251112800074	0.79488931012262	0.1159086952633	0.017612723384383	2.1583120760727
7.2	9.4043438950327e-06	0.1633545303125	0.11874308802727	0.37745552388427	0.12931447651652	0.219038645514	0.22247743119087	0.79475993427429	0.11589083519089	0.015094853687316	2.1561387229418
7.48	9.1246042666756e-06	0.16369208119948	0.11874056925848	0.37778731302833	0.12929096235968	0.21910343867617	0.22242981959715	0.79457867896762	0.11586565483273	0.012126794064658	2.1536244365886
7.872	9.3524815574036e-06	0.16413950035495	0.11873552799682	0.3782243355925	0.12925759095805	0.21918719518481	0.22236299539323	0.79432498342565	0.11583036480306	0.0088700881975539	2.1509419343882
8	9.4527786752476e-06	0.16427952799487	0.11873354030245	0.37836070716207	0.12924666079444	0.21921297661233	0.22234116952407	0.79424216122952	0.1158188420141	0.0079848861341924	2.1502299245467
8.2	8.4704583273562e-06	0.16449019162413	0.118729979132	0.37856450213976	0.12922932678133	0.21925116502722	0.22230688604146	0.79411260748519	0.11580073513628	0.0067644168135379	2.1492582806392
8.48	8.490914199201e-06	0.16476662840928	0.11872394378496	0.37882938793169	0.12920463714445	0.21929979385727	0.22225864333778	0.79393118805799	0.11577528423281	0.0053496134147678	2.1481476110852
8.872	9.0161231768729e-06	0.16511467767081	0.1187133039509	0.3791593147755	0.12916976710148	0.21935777605265	0.22219098455023	0.7936772570999	0.11573962486222	0.0038456209361685	2.146977343123
9	9.2217291663654e-06	0.16521949555122	0.11870934239228	0.37925792492591	0.12915835257678	0.21937446144154	0.22216888548049	0.7935943571822	0.11572798086636	0.0034479204872654	2.1466679426332
9.2	8.8212539743019e-06	0.16537250071982	0.11870257094894	0.37940050454246	0.12914037029502	0.21939784755121	0.22213425516558	0.79346479027821	0.11570972748664	0.0029134925341123	2.146244880776
9.48	9.2006263765678e-06	0.16556441647225	0.11869187595367	0.37957649402718	0.12911493864279	0.21942497408506	0.22208562246935	0.79328339769077	0.11568410620053	0.0023214898525404	2.1457565160205
9.872	1.0200020694144e-05	0.16579258318939	0.11867464124847	0.37978062135551	0.12907909921956	0.21945249153627	0.22201743821451	0.79302950084692	0.11564821050739	0.0017386993153809	2.1452234854541
10	1.0550939888048e-05	0.16585894999401	0.11866856691879	0.37983889315563	0.12906737555871	0.21945940979621	0.22199517004747	0.79294661346297	0.11563649007585	0.0015939000191077	2.1450759199686
10.2	1.0312954561821e-05	0.1659542232516	0.11865862476894	0.37992103316024	0.12904896695349	0.21946813109414	0.22196030986137	0.79281707432298	0.11561813124297	0.0014086339306478	2.1448654415409
10.48	1.0778078490734e-05	0.16607238479006	0.11864390995056	0.38002004346803	0.12902304367919	0.21947665279985	0.22191140407027	0.79263572698351	0.115592373059	0.0012185163497279	2.1446048332287
10.872	1.171707357202e-05	0.16621496654757	0.11862212296615	0.38013517574578	0.12898665254063	0.21948307883518	0.22184289601701	0.79238191742768	0.11555629927852	0.0010503797249998	2.1442852061571
11	1.2003159375811e-05	0.16625751447001	0.118614811571	0.38016874635468	0.1289747732126	0.21948426013896	0.22182053377679	0.79229906375591	0.11554452407134	0.0010118123694162	2.1441880428801
11.2	1.1357153738295e-05	0.16632033895262	0.11860322517753	0.38021736860232	0.12895616967139	0.21948535037282	0.22178555043603	0.7921695489951	0.11552608701468	0.00096511796710557	2.1440401143433
11.48	1.1244016516678e-05	0.16640204597434	0.11858674963655	0.38027894227478	0.12893004335325	0.21948568922035	0.2217364951362	0.79198820658428	0.11550021972142	0.0009214923896449	2.1438411283073
11.872	1.143525018427e-05	0.16650767359074	0.11856335075369	0.38035644253737	0.12889343005648	0.21948460347384	0.22166778772903	0.79173440183204	0.11546398836761	0.00088879114860501	2.1435719047396
12	1.1502615927007e-05	0.16654067812944	0.11855565843655	0.38038031938516	0.12888147910397	0.21948400437899	0.2216453572104	0.79165154779127	0.11545215978517	0.00088246930082864	2.1434851761377
12.2	1.0499086823867e-05	0.1665908268882	0.1185435966549	0.38041605077394	0.12886276335683	0.21948286691005	0.221610264005	0.791522008271	0.1154336404479	0.0008762344923517	2.143348750887
12.48	9.9485648125138e-06	0.16665847075038	0.11852663268397	0.38046317194872	0.12883645919281	0.21948090643371	0.22156103578295	0.7913405975105	0.11540765331765	0.00087347654304073	2.1431583527285
12.872	9.7105192974375e-06	0.16674940908685	0.11850276778867	0.380525167559	0.12879953650698	0.21947760980849	0.22149204336823	0.79108667583505	0.11537124071978	0.0008769533897316	2.1428911145821
13	9.6737118579358e-06	0.16677844623892	0.11849495495493	0.38054474035935	0.12878747013939	0.21947643534294	0.22146951095045	0.79100378069495	0.11535935033902	0.00087903102490478	2.1428033937567
13.2	8.7068085291905e-06	0.16682312188014	0.11848272315757	0.38057438365808	0.12876856008379	0.21947448346492	0.22143425400438	0.79087417455668	0.11534073842432	0.00088322606141415	2.1426643720998
13.48	8.1275106770277e-06	0.16688434774191	0.11846554373432	0.38061404617012	0.12874195829381	0.21947148716336	0.22138479033961	0.79069266600935	0.11531462802985	0.00089073897756657	2.1424683339706
13.872	7.8362188989866e-06	0.1669680577085	0.1184414047507	0.38066707696321	0.12870457953516	0.21946686780284	0.22131545571774	0.79043860167255	0.1152780442492	0.00090270779631793	2.1421906324151
14	7.7861540438323e-06	0.16699503591991	0.11843350692417	0.38068397476005	0.12869235738538	0.21946528224397	0.22129280914406	0.79035565909405	0.11526609772709	0.0009066041516858	2.1420991135044
14.2	7.0199548428264e-06	0.16703677922548	0.11842114338347	0.38070969403999	0.1286732020219	0.2194626927781	0.22125737905895	0.79022598932781	0.11524740520505	0.00091289455350536	2.1419541995491
14.48	6.5608592495278e-06	0.16709441158408	0.11840378141533	0.38074433704047	0.12864625881922	0.21945881230675	0.22120768681646	0.7900444026886	0.11522119428805	0.00092212077765494	2.1417495665959
14.872	6.3300316295624e-06	0.16717385628684	0.11837939464026	0.38079104598988	0.12860840503729	0.21945299058383	0.22113804543242	0.78979023135803	0.11518447807714	0.00093481814225831	2.1414595955796
15	6.290641961141e-06	0.16719957560674	0.11837141795333	0.38080600345658	0.12859602820068	0.21945102179063	0.22111530015453	0.78970725380774	0.11517248901049	0.00093870446766572	2.1413640850904
15.2	5.7181582229637e-06	0.16723945412968	0.11835893133183	0.38082881275868	0.12857663755022	0.21944783393035	0.22107972461946	0.78957754154022	0.11515373679483	0.00094486059262086	2.1412132514061
15.48	5.3793985600676e-06	0.16729461917898	0.11834139708306	0.38085957668836	0.12854938162057	0.21944311536524	0.22102984776293	0.78939590818422	0.11512745379201	0.00095380720398475	2.1410004862779
15.872	5.2104175292764e-06	0.16737079504199	0.11831677185951	0.38090109819697	0.12851111096353	0.21943613223984	0.22095996678712	0.7891416751064	0.11509064475296	0.00096606588574439	2.1406994712516
16	5.1815137773507e-06	0.16739547195951	0.11830871793231	0.3809143954354	0.12849860107755	0.21943378691976	0.22093714550414	0.78905867753364	0.11507862610505	0.00096982348090587	2.140600427462
16.2	4.7528796904821e-06	0.16743368536667	0.11829610852751	0.38093460939828	0.12847901088207	0.21943000072952	0.22090145917216	0.78892894390552	0.11505983288691	0.00097593779834446	2.1404443415467
16.48	4.5010332181905e-06	0.16748636572004	0.11827839619081	0.38096166193078	0.12845149443859	0.21942441517462	0.22085144362867	0.78874729105888	0.11503350118202	0.00098526805235406	2.14022433841
16.872	4.3732228339104e-06	0.16755875627922	0.11825351142349	0.38099777000809	0.12841288176259	0.21941616991706	0.22078138455591	0.7884930337759	0.11499663005142	0.00099872366814938	2.1399132346647
17	4.3504434838854e-06	0.16758212779264	0.11824537048951	0.38100924359473	0.12840026343885	0.21941340181505	0.2207585070026	0.78841002843459	0.11498459167712	0.0010029726454015	2.139810857334
17.2	4.0208136904577e-06	0.16761815084671	0.11823261927093	0.3810264914523	0.12838051113048	0.21940892748142	0.22072273879341	0.78828029025772	0.11496577136075	0.0010101233445435	2.139649644752
17.48	3.8264136863458e-06	0.16766737335911	0.11821469350177	0.38104906987978	0.12835278364852	0.21940230870504	0.22067262093633	0.78809863907957	0.11493940788849	0.0010215576318678	2.1394222810442
17.872	3.7225633465917e-06	0.16773421964895	0.11818948377093	0.38107829361571	0.12831389426235	0.21939249448484	0.22060243053553	0.78784438649431	0.11490249655266	0.0010388273028789	2.1391002492315
18	3.7025528593507e-06	0.16775563605708	0.11818123122624	0.3810873867609	0.1283011882108	0.21938918834223	0.22057951147838	0.78776138278261	0.11489044542855	0.0010444187407954	2.1389940915805
18.2	3.441011393837e-06	0.16778836936703	0.11816829594656	0.38110070792302	0.1282813044795	0.21938382806085	0.22054368278832	0.78763165326522	0.11487160781189	0.0010539468648477	2.1388268375186
18.48	3.284800158159e-06	0.16783242735728	0.11815008937109	0.38111728518761	0.12825340520001	0.21937586080159	0.22049348919506	0.78745002080367	0.11484522446501	0.0010693801237295	2.1385904673052
18.872	3.1950163865348e-06	0.16789105550233	0.11812444548756	0.38113718275937	0.12821428945801	0.2193639670119	0.22042320135268	0.78719579629675	0.11480828828056	0.0010930639054854	2.138254485071
19	3.1761369712149e-06	0.16790958979836	0.11811604271174	0.38114304090337	0.12820151144815	0.21935994227861	0.2204002514577	0.78711280181489	0.11479622930103	0.0011008058911318	2.138143391742
19.2	2.9635857590656e-06	0.1679375368797	0.11810286001406	0.3811510445659	0.12818151953263	0.21935339988389	0.22036437779044	0.78698309211413	0.1147773812919	0.0011139224100222	2.1379680980684
19.48	2.8347584796054e-06	0.16797425532616	0.11808427796896	0.38115957707511	0.128153478011	0.21934364166125	0.22031412786895	0.78680149328916	0.11475098652947	0.0011349222003805	2.1377195946889
19.872	2.7551463712582e-06	0.16802148689852	0.11805805669931	0.38116712974969	0.12811417367558	0.21932899883429	0.22024376750201	0.78654731746136	0.11471403648648	0.0011669676243255	2.137364690078
20	2.7371610210601e-06	0.1680360766958	0.11804945483423	0.38116873836595	0.12810133551252	0.21932402714408	0.22022079463496	0.78646433891353	0.11470197316173	0.0011774339963373	2.1372469104201
20.2	2.5623063895115e-06	0.16805758345819	0.11803594721234	0.38116983730975	0.12808125290326	0.21931594034722	0.22018488754442	0.78633465915625	0.11468311976145	0.0011949134696052	2.1370607034689
20.48	2.4554926426503e-06	0.16808470087185	0.11801688029266	0.38116814051326	0.12805309159371	0.21930387969488	0.22013459599761	0.78615310773773	0.11465671978846	0.0012222521543804	2.1367958241372
20.872	2.3859138327752e-06	0.16811748882628	0.1179899279909	0.38116038342354	0.12801362760199	0.21928576933972	0.22006418222537	0.78589899966735	0.11461976401423	0.001263218625037	2.1364157476282
21	2.3694497257222e-06	0.16812716596372	0.11798107699797	0.38115679678611	0.12800073836735	0.21927961663326	0.22004119245231	0.78581604326918	0.11460769894723	0.0012764995558863	2.1362891984227
21.2	2.2252455443217e-06	0.16814080444902	0.11796716867535	0.38114959081962	0.12798057865766	0.21926963090834	0.22000526094792	0.78568640283141	0.11458884389568	0.0012982762440423	2.1360887826746
21.48	2.1377561163392e-06	0.16815655903798	0.11794751881569	0.38113592810144	0.12795231527953	0.21925480880852	0.21995493941323	0.7855049114705	0.11456244339873	0.0013313467567971	2.1358029088385
21.872	2.0794919476339e-06	0.16817289844105	0.11791971531982	0.38111087273734	0.12791271483987	0.21923266790277	0.21988448756109	0.78525088868691	0.11452548807506	0.0013795804404927	2.1353913934963
22	2.0654149905074e-06	0.16817710515914	0.1179105798344	0.38110153563194	0.12789978187822	0.21922516830597	0.2198614857715	0.78516796015506	0.11451342325129	0.0013950200627075	2.1352541254652
22.2	1.9465769046846e-06	0.1681821664086	0.11789622254446	0.38108531572288	0.12787955617066	0.21921305703646	0.21982553716465	0.78503836747109	0.11449456941232	0.0014198275320454	2.1350365660401
22.48	1.8763380444276e-06	0.16818595349243	0.11787593987921	0.38105907705434	0.12785120541092	0.21919523873363	0.21977519516306	0.78485694730698	0.11446817199381	0.0014563002783205	2.1347259056507
22.872	1.8301226593243e-06	0.16818570936024	0.11784724937964	0.38101657831812	0.12781148812133	0.21916889690882	0.2197047178852	0.78460302522452	0.11443122189486	0.0015077808030743	2.1342784980185
23	1.8189743085982e-06	0.16818454674022	0.11783782487559	0.38100158888308	0.12779851770311	0.21916002813026	0.21968170813771	0.78452012959189	0.11441915885187	0.0015239886778583	2.1341293105659
23.2	1.7201206771908e-06	0.16818137098807	0.11782302176198	0.38097669446802	0.1277782357417	0.21914580411805	0.21964574908691	0.78439059157779	0.11440030841109	0.001549500733287	2.1338929970076
23.48	1.6643753087283e-06	0.16817404896916	0.11780213288624	0.38093874760168	0.12774981100849	0.21912511102865	0.21959539625377	0.78420925127487	0.11437391676805	0.0015858254644211	2.1335559056306
23.872	1.6294269817919e-06	0.16815906807301	0.11777262974952	0.38088068291236	0.12770999531975	0.21909491128412	0.21952490704332	0.78395544181435	0.11433697544303	0.001635378414037	2.1330716194805
24	1.6211838965999e-06	0.16815326477266	0.11776294770122	0.38086078318285	0.12769699343078	0.21908481881893	0.21950189373244	0.78387258297731	0.11432491532363	0.0016507010676875	2.1329105221914
24.2	1.6951088033916e-06	0.16814311058009	0.11774788681548	0.38082934801783	0.127676786413	0.21906936088661	0.21946605197884	0.78374318221175	0.11430607836598	0.0016725326241075	2.1326560330025
24.48	1.7182166158882e-06	0.16812664492684	0.11772694273671	0.38078451890611	0.12764870832619	0.21904837129811	0.21941606202701	0.78356209189533	0.11427971796405	0.0016993728597871	2.1322941491568
24.872	1.7136625795352e-06	0.16809996720837	0.11769766707255	0.38071929713175	0.1276095797947	0.21901918032787	0.2193462034194	0.78330864030559	0.1142428264807	0.0017327870096423	2.1317778624131
25	1.7102172066468e-06	0.16809056599664	0.11768809771826	0.38069742578035	0.12759682316122	0.2190095965173	0.21932340544934	0.78322589844106	0.11423078302521	0.0017428650841055	2.1316071713907
25.2	2.2271678938618e-06	0.16807510999509	0.1176730500566	0.38066256514264	0.12757693296139	0.21899416799213	0.21928777952292	0.783096863391	0.11421199699096	0.001758712491584	2.1313394057122
25.48	2.4301575754945e-06	0.16805194768522	0.11765178857389	0.38061221066725	0.12754917424923	0.21897164417352	0.21923791715481	0.78291641352245	0.11418574144303	0.0017813757272483	2.1309606433542
25.872	2.4723586050284e-06	0.16801712893389	0.11762181062346	0.38053925667397	0.12751039671025	0.21893909692296	0.21916814312995	0.78266387407883	0.11414901231676	0.0018116208559524	2.1304228126046
26	2.4722271438832e-06	0.16800531165234	0.11761199085327	0.38051497791497	0.12749774495921	0.21892831820264	0.21914536610874	0.78258143013511	0.11413702276987	0.0018207861381531	2.1302454209615
26.2	2.8636790304055e-06	0.16798635830398	0.11759659556387	0.38047673292552	0.12747802626651	0.21891122732482	0.21910981697553	0.78245279393905	0.11411831450395	0.0018345034309189	2.1299672329132
26.48	3.0129813173778e-06	0.16795885909055	0.11757495430211	0.38042249059557	0.12745052250208	0.21888687647722	0.21906012590746	0.78227285343946	0.1140921584991	0.0018526173253722	2.1295744711202
26.872	3.0413145596099e-06	0.16791886233897	0.11754456005446	0.38034524415985	0.12741211148391	0.21885230976855	0.21899062473686	0.78202102020281	0.11405556403459	0.0018753078974928	2.1290186459921
27	3.040513934229e-06	0.16790552355032	0.11753462045665	0.3803197601032	0.12739958025581	0.2188409465795	0.2189679390261	0.78193880672451	0.11404361815844	0.0018819997150383	2.1288358350835
27.2	3.2573685891469e-06	0.1678843795256	0.11751908278055	0.38027991695924	0.12738006452903	0.21882315255056	0.21893253774423	0.78181045795274	0.11402496818326	0.0018915245463083	2.1285493421401
27.48	3.3380901833311e-06	0.16785418244765	0.1174973249954	0.38022401670181	0.12735286628569	0.21879820483394	0.2188830540006	0.78163086862676	0.11399888037432	0.0019032124864594	2.1281459488428
27.872	3.3521104107575e-06	0.16781098755809	0.11746684892389	0.38014520944018	0.12731489621845	0.21876318201713	0.21881383893501	0.78137952067648	0.11396237514939	0.0019171168966882	2.1275773279257
28	3.3513264095206e-06	0.16779671280663	0.11745689336692	0.38011934269381	0.12730251011213	0.21875172001089	0.21879124615867	0.78129746558701	0.11395045805248	0.0019211427704653	2.1273908428854
28.2	3.4589400610195e-06	0.16777422246553	0.11744133736171	0.38007892697377	0.12728320281129	0.21873380228828	0.21875597251996	0.78116931766346	0.11393184661117	0.0019268186471905	2.1270989062824
28.48	3.4982915398039e-06	0.16774236726928	0.11741956106112	0.38002229086564	0.12725625812813	0.21870871446762	0.21870663676895	0.78098997735814	0.1139058042498	0.001933716071958	2.1266888245322
28.872	3.5045389882301e-06	0.16769720204096	0.11738907018534	0.37994268231722	0.12721861072551	0.21867354700757	0.21863760910644	0.78073897428008	0.11386935882114	0.0019418755952024	2.1261124346185
29	3.5039879044878e-06	0.16768234905693	0.11737911224629	0.37991660714331	0.12720632670401	0.21866204914792	0.21861507601562	0.7806570317655	0.11385746103586	0.0019442334552401	2.1259237505586
29.2	3.5413181800022e-06	0.16765902372315	0.11736355201889	0.37987583675714	0.12718715793533	0.21864407292162	0.21857988246154	0.78052902933953	0.1138388755815	0.0019475927042093	2.1256285647611
29.48	3.5542990123043e-06	0.16762613207447	0.1173417665945	0.3798186691364	0.12716036724068	0.21861888791776	0.21853063667596	0.78034987199643	0.11381286411476	0.0019517531489716	2.125214503199
29.872	3.5554901860168e-06	0.16757971911774	0.11731126255639	0.37973838982416	0.12712290276041	0.21858358230227	0.21846172104856	0.78009912270372	0.11377645950285	0.001956747529971	2.1246334628363
30	3.5550270020191e-06	0.167564496251	0.1173013009823	0.37971212033064	0.12711067521471	0.21857204238322	0.21843922349732	0.78001726303246	0.11376457491099	0.0019581970099697	2.1244434486396
30.2	3.5470548832254e-06	0.16754063258076	0.11728573382785	0.37967101536823	0.12709157909336	0.21855399450544	0.21840407686174	0.7798893704137	0.11374600736454	0.0019603182970103	2.1241462753675
30.48	3.542983094706e-06	0.16750706421688	0.11726393507789	0.37961333589341	0.12706486097432	0.2185286920426	0.21835488236546	0.77971035347877	0.11372001743607	0.0019630552678147	2.1237297397363
30.872	3.5406907103044e-06	0.16745982176718	0.11723341042155	0.37953236407486	0.12702747446218	0.21849321262005	0.21828602955734	0.77945979924571	0.11368364141804	0.0019664282907697	2.1231457225484
31	3.5402034637542e-06	0.16744434984773	0.11722344230337	0.3795058809677	0.12701527002996	0.21848161679792	0.21826355184687	0.77937800324737	0.11367176607665	0.0019674131080696	2.1229548344291
31.2	3.5033540006219e-06	0.16742012046594	0.11720786388227	0.37946441898226	0.12699619961722	0.21846347662655	0.21822843070228	0.77925019763178	0.11365321125955	0.0019689107723967	2.1226563332942
31.48	3.4883374292092e-06	0.16738608622431	0.11718604663989	0.37940620635893	0.12696949818232	0.21843803209912	0.21817926270447	0.77907129404899	0.11362723690562	0.0019709458978397	2.1222380973989
31.872	3.4836664958105e-06	0.16733826255391	0.11715549440131	0.37932449716873	0.12693211940752	0.21840234572765	0.21811044127334	0.77882089754191	0.11359088170109	0.0019735229861066	2.1216519464281
32	3.4831130049537e-06	0.16732261405559	0.11714551733633	0.37929778035797	0.1269199159544	0.21839068258567	0.21808797338068	0.77873915302972	0.11357901310069	0.0019742781180315	2.1214604110321
32.2	3.4282745243901e-06	0.16729812324652	0.11712992422072	0.37925593795501	0.12690084041473	0.21837243382479	0.21805286411966	0.77861142011502	0.11356046774314	0.001975471665359	2.1211609115795
32.48	3.4063988051792e-06	0.16726375186208	0.11710808461854	0.37919717116656	0.12687411950696	0.21834682880367	0.21800370700869	0.77843261307416	0.11353450523587	0.0019771704345265	2.1207413581099
32.872	3.4001694033851e-06	0.16721550089577	0.11707749996658	0.37911469152998	0.12683670355517	0.21831091243429	0.217934897246	0.77818235111628	0.11349816600012	0.0019793630081677	2.1201534859218
33	3.3995507262582e-06	0.16719972123791	0.11706751235475	0.37908772763148	0.12682448698289	0.21829917434412	0.21791243289631	0.77810065052538	0.11348630257931	0.0019800053013498	2.1199614134042
33.2	3.333958714906e-06	0.16717503475831	0.11705190232412	0.37904549013703	0.12680538682363	0.21828080639312	0.21787732707231	0.77797298162964	0.11346776467299	0.0019810507048579	2.1196610784747
33.48	3.3079713853862e-06	0.16714040803011	0.11703003797562	0.37898615794886	0.12677862388323	0.2182550294344	0.2178281712953	0.77779426109954	0.11344181176295	0.0019825868022236	2.1192403962036
33.872	3.3007873042018e-06	0.16709182850677	0.11699941808188	0.37890289168447	0.12674114301957	0.21821886945848	0.21775936124592	0.77754411988404	0.1134054855944	0.0019845886807061	2.1186510069435
34	3.3001222951881e-06	0.16707594699751	0.11698941900395	0.37887567401529	0.12672890465544	0.21820705199849	0.21773689664199	0.77746245870845	0.11339362641945	0.0019851735016436	2.1184584520645
34.2	3.2285807831881e-06	0.16705110739607	0.11697379082829	0.37883303537254	0.12670976801171	0.21818855892149	0.21770178921971	0.77733484886603	0.1133750947908	0.001986142993501	2.1181573649809
34.48	3.2003253207342e-06	0.16701627839181	0.1169519005225	0.37877313583647	0.12668294956938	0.21816260411948	0.21765262922895	0.77715620929767	0.11334915020678	0.0019875941380518	2.1177356516364
34.872	3.192619408725e-06	0.1669674345219	0.11692124406478	0.37868908034944	0.12664538749344	0.21812619402531	0.21758381206445	0.77690618121286	0.11331283548967	0.0019894918306466	2.1171448536719
35	3.1919301705136e-06	0.16695147023853	0.11691123309634	0.37866160719765	0.12663312227008	0.21811429510482	0.21756134504732	0.77682455696889	0.11330098004212	0.0019900443005419	2.1169518461965
35.2	3.1176147190458e-06	0.16692650521742	0.11689558625687	0.37861856768412	0.12661394233894	0.2180956743166	0.21752623324563	0.77669700366562	0.11328245406921	0.0019909695474219	2.1166500539566
35.48	3.0883190031961e-06	0.16689150848113	0.11687366961804	0.37855810557833	0.12658706094426	0.21806953970274	0.21747706613758	0.7765184424625	0.11325651718547	0.0019923679327427	2.1162273663618
35.872	3.0803926476202e-06	0.16684244202829	0.11684297632725	0.3784732677219	0.12654940891136	0.21803287794527	0.2174082384118	0.7762685239766	0.11322021315191	0.0019941972361816	2.1156352261032
36	3.0796983527809e-06	0.16682640736854	0.11683295338642	0.37844554076426	0.12653711414168	0.21802089708889	0.21738576790292	0.77618693551216	0.11320836118708	0.0019947280747359	2.115441785125
36.2	3.004689107703e-06	0.16680133493472	0.1168172878552	0.37840210496922	0.12651788745767	0.21800214831937	0.21735065042498	0.77605943784059	0.11318984061066	0.0019956217375392	2.1151393188391
36.48	2.9751612396388e-06	0.16676619294859	0.11679534508398	0.37834108966734	0.12649093961909	0.21797583464639	0.21730147503242	0.77588095433469	0.1131639112244	0.0019969786723199	2.1147156963905
36.872	2.9672184668535e-06	0.16671693115138	0.11676461541885	0.37825548276857	0.12645319384385	0.21793892311897	0.2172326355162	0.77563114457963	0.11312761766109	0.0019987519195905	2.1141222631966
37	2.9665337008271e-06	0.16670083421558	0.11675458066066	0.37822750600763	0.12644086840173	0.21792686097054	0.2172101611448	0.77554959161198	0.11311576911329	0.0019992650490072	2.1139284037089
37.2	2.8921726751581e-06	0.16667566617374	0.1167388967496	0.37818368150841	0.12642159368312	0.2179079855558	0.21717503766305	0.77542214970484	0.11309725391009	0.0020001309938398	2.1136252881152
37.48	2.8629351189967e-06	0.1666403937861	0.11671692844776	0.37812212563433	0.1263945784891	0.21788149547412	0.21712585394696	0.77524374446906	0.11307133209194	0.0020014483865938	2.1132007636611
37.872	2.8551100646729e-06	0.16659095484154	0.1166861633769	0.37803576765719	0.12635673840787	0.21784433848427	0.21705700284703	0.77499404428959	0.11303504914315	0.002003167161761	2.1126060813194
38	2.8544450722871e-06	0.16657480108889	0.11667611712284	0.37800754676374	0.12634438218002	0.2178321964757	0.2170345247003	0.77491252709493	0.11302320406202	0.0020036632912529	2.1124118172248
38.2	2.7815776675284e-06	0.16654954546784	0.11666041538293	0.37796334331607	0.12632505955673	0.21781319688419	0.21699939551119	0.77478514174492	0.1130046943597	0.0020045013577905	2.112108075159
38.48	2.7529594344376e-06	0.16651415295142	0.11663842243539	0.37790126192179	0.12629797775281	0.21778653438727	0.21695020415269	0.77460681613163	0.1129787803533	0.0020057770410499	2.1116826800868
38.872	2.745337176664e-06	0.16646454976079	0.11660762328814	0.37781417429269	0.12626004486103	0.21774913795532	0.21688134258772	0.77435722744734	0.11294250838865	0.0020074382108932	2.1110867921297
39	2.7446986759578e-06	0.16644834313041	0.11659756597734	0.37778571617161	0.12624765838035	0.21773691807708	0.21685886104329	0.77427574665259	0.11293066689644	0.0020079165836	2.1108921376114
39.2	2.6738378025014e-06	0.16642300581134	0.11658184712821	0.37774114516391	0.12622828887761	0.21771779757843	0.21682372683587	0.77414841905785	0.11291216291648	0.0020087248984469	2.1105877921059
39.48	2.6460377769573e-06	0.16638750088385	0.11655983061895	0.37767855514511	0.12620114224973	0.21769096760721	0.21677452896321	0.77397017489062	0.11288625707136	0.0020099552144451	2.1101615586823
39.872	2.6386695028847e-06	0.16633774347098	0.11652899897633	0.37759076186943	0.12616311932561	0.21765333895297	0.21670565861348	0.77372070026977	0.11284999659732	0.0020115539778889	2.1095645107233
40	2.6380615249665e-06	0.16632148709307	0.11651893112944	0.37756207432763	0.12615070352643	0.21764104358409	0.21668317422748	0.77363925671352	0.11283815886034	0.0020120132872964	2.1093694808108
40.2	2.5694992147489e-06	0.16629607282938	0.11650319600666	0.37751714834412	0.12613128872059	0.2176218060011	0.21664803592895	0.77351198830838	0.11281966088006	0.0020127894726533	2.1090645559911
40.48	2.5426295248388e-06	0.16626046189265	0.11648115715452	0.377454067937	0.12610407968476	0.21759481414171	0.21659883293569	0.77333382767753	0.11279376360696	0.0020139706204703	2.1086375182808
40.872	2.5355433073168e-06	0.16621055884144	0.11645029476447	0.37736559483124	0.12606597027355	0.21755696128549	0.21652995581025	0.77308447005463	0.11275751520819	0.0020155021521658	2.1080393587647
41	2.534967902434e-06	0.16619425545027	0.1164402169555	0.37733668629413	0.12605352632912	0.21754459306095	0.21650746924288	0.77300306469496	0.11274568141786	0.0020159410513537	2.1078439694649
41.2	2.468850970422e-06	0.16616876845011	0.11642446646925	0.37729141872673	0.12603406811951	0.21752524257512	0.21647232791627	0.77287585703841	0.11272718974526	0.0020166828863547	2.107538490778
41.48	2.4429665437344e-06	0.16613305727946	0.11640240657695	0.37722786703981	0.12600679945061	0.21749809481884	0.21642312134128	0.77269778216695	0.11270130148674	0.0020178116370265	2.1071106847642
41.872	2.4361749012385e-06	0.16608301650235	0.11637151528692	0.37713874103813	0.12596860752445	0.21746002626398	0.21635423962454	0.77244854465753	0.11266506578757	0.0020192719619243	2.1065114648223
42	2.4356326957616e-06	0.16606666865028	0.11636142812097	0.37710962030215	0.12595613673989	0.21744758796991	0.21633175159114	0.77236717851153	0.11265323614795	0.0020196893387979	2.1063157330053
42.2	2.3720137273375e-06	0.16604111287183	0.11634566322338	0.37706402500437	0.12593663719883	0.21742812896757	0.21629660836809	0.77224003321466	0.11263475110528	0.0020203951008112	2.1060097270685
42.48	2.3471323077833e-06	0.16600530695327	0.11632358363707	0.37700002159404	0.12590931185306	0.21740083152049	0.21624739981715	0.77206204637144	0.11260887231663	0.0020214691317313	2.1055811903272
42.872	2.3406374727246e-06	0.16595513604616	0.11629266534108	0.37691027014378	0.12587104158887	0.21736255600395	0.21617851576897	0.77181293215217	0.112572649956	0.0020228555135358	2.104980963152
43	2.3401281000389e-06	0.16593874619781	0.11628256943708	0.37688094616822	0.1258585453313	0.21735005049625	0.21615602700815	0.77173160625689	0.11256082467576	0.0020232506139507	2.1047849063135
43.2	2.2789995614908e-06	0.16591312547472	0.11626679109698	0.37683503716162	0.12583900660658	0.21733048744958	0.21612088304538	0.7716045249363	0.11254234658889	0.0020239192108553	2.1044784005705
43.48	2.2551151720202e-06	0.16587723013966	0.11624469317516	0.37677060167187	0.12581162760653	0.21730304658591	0.21607167414064	0.77142662838075	0.11251647772589	0.0020249371915371	2.1040491717331
43.872	2.2489127436403e-06	0.16582693650889	0.11621374977366	0.37668025223964	0.12577328324287	0.21726457288894	0.21600279003215	0.7711776406132	0.11248026934141	0.0020262482032348	2.1034479917567
44	2.2484351738841e-06	0.16581050707135	0.11620364575142	0.37665073398136	0.12576076289643	0.21725200303241	0.21598030128531	0.77109635600073	0.11246844862867	0.002026620654564	2.1032516277374
44.2	2.1897520576567e-06	0.16578482514947	0.11618785493556	0.37660452522269	0.12574118714875	0.21723234041092	0.21594515773678	0.77096934024935	0.11244997782041	0.0020272516223608	2.1029446500484
44.48	2.1668439876945e-06	0.16574884560743	0.11616574002612	0.37653967710151	0.12571375751025	0.21720476236475	0.21589595008478	0.77079153619706	0.11242411933167	0.0020282131457196	2.1025147682133
44.872	2.160925447863e-06	0.16569843648802	0.1161347733969	0.37644875679681	0.12567534325652	0.21716609917567	0.21582706815798	0.77054267798031	0.11238792554964	0.0020294485494599	2.1019126902768
45	2.1604782360949e-06	0.16568196981195	0.11612466186795	0.37641905308738	0.1256628001939	0.21715346780041	0.21580458015645	0.77046143566231	0.11237610960878	0.0020297983253195	2.1017160369927
45.2	2.1041729801579e-06	0.16565623034701	0.11610885952771	0.37637255829629	0.12564318955752	0.21713371000812	0.21576943815604	0.77033448703155	0.1123576463947	0.0020303917494241	2.1014086152413
45.48	2.0822117374675e-06	0.16562017167577	0.11608672895188	0.37630731658852	0.12561571224399	0.21710600089755	0.21572023332792	0.77015677763366	0.11233179871698	0.0020312971826797	2.1009781194307
45.872	2.0765661656601e-06	0.16556965410868	0.11605574093015	0.37621585189655	0.12557723222426	0.21706715671733	0.21565135577087	0.76990805197585	0.11229562014639	0.0020324577176127	2.1003751980539
46	2.0761476339089e-06	0.16555315247941	0.11604562249146	0.37618597135674	0.12556466778913	0.21705446658924	0.21562886922807	0.76982685293429	0.11228380917606	0.0020327850748509	2.1001782732669
46.2	2.0221398750511e-06	0.1655273590222	0.11602980955394	0.37613920389702	0.12554502434777	0.21703461792247	0.215593729879	0.76969997292371	0.11226535386207	0.0020333414790852	2.0998704350272
46.48	2.0010910917722e-06	0.16549122614639	0.11600766459573	0.37607358710403	0.1255175022427	0.21700678369936	0.21554452939883	0.76952236025515	0.1122395174176	0.0020341917884054	2.0994393637393
46.872	1.9957063171782e-06	0.165440606948	0.11597665696126	0.37598160370975	0.12547896046221	0.21696776678048	0.21547565833115	0.76927377005741	0.11220335464666	0.0020352789353323	2.0988356525386
47	1.9953146835863e-06	0.16542407257558	0.11596653219129	0.37595155469429	0.12546637595877	0.21695502058238	0.21545317393794	0.76919261523933	0.11219154883873	0.0020355843444642	2.0986384736775
47.2	1.9428719096572e-06	0.16539822853971	0.11595071037298	0.37590453073954	0.12544670196773	0.2169350890903	0.21541803894157	0.76906580493355	0.112173101681	0.0020360955112419	2.0983302446495
47.48	1.9224574550625e-06	0.16536202613065	0.11592855496331	0.37583856738317	0.1254191386097	0.21690714825314	0.21536884608874	0.76888829024509	0.11214727677126	0.0020368636030219	2.0978986345055
47.872	1.9172739869248e-06	0.16531131165634	0.11589753440295	0.37574610959215	0.12538054030875	0.21686799007899	0.21529998657865	0.76863983722859	0.11211113019687	0.0020378335491328	2.0972941908664
48	1.9169078536602e-06	0.16529474657863	0.11588740559742	0.37571590695827	0.12536793747582	0.21685519862088	0.21527750602264	0.76855872719574	0.11209932967954	0.0020381036380338	2.0970967786748
48.2	2.019168119404e-06	0.16526885713143	0.1158717158712	0.37566953675528	0.12534836277837	0.21683585327843	0.21524250262044	0.76843206641206	0.11208089969876	0.0020366153184529	2.0967884290325
48.48	2.0615726342764e-06	0.16523259829014	0.11585001958441	0.37560612672725	0.12532117867744	0.21681003032084	0.21519368812578	0.76825481458123	0.11205511049658	0.0020312052868606	2.0963568336632
48.872	2.076698963031e-06	0.16518181689165	0.1158198712767	0.37551851475204	0.12528329960125	0.21677491962257	0.21512546910167	0.76800673548974	0.11201901906619	0.0020221142159046	2.0957538367167
49	2.079058712527e-06	0.16516523251016	0.11581005081736	0.37549002040563	0.12527095011122	0.21676356066437	0.21510320565361	0.76792574761705	0.11200723684989	0.0020192795642437	2.0955573632523
49.2	2.6072162809937e-06	0.16513932992325	0.11579465239957	0.37544561412444	0.12525169866387	0.21674554884043	0.21506841695872	0.76779945994977	0.11198886035139	0.0020155715924153	2.0952517600201
49.48	2.8165819332461e-06	0.16510310347493	0.11577299168641	0.37538352343337	0.12522483852315	0.21671983106016	0.21501973098913	0.7676228545178	0.11196317874307	0.002011889022167	2.0948247580321
49.872	2.874203432636e-06	0.16505245528495	0.11574260049668	0.37529668763924	0.12518732061045	0.21668348732168	0.21495160625546	0.76737569415851	0.11192725244368	0.0020081692938611	2.0942281477079
50	2.8796762311994e-06	0.1650359324591	0.11573267262994	0.37526835388684	0.12517508030649	0.21667159349	0.21492936794725	0.76729500633187	0.11191552494981	0.0020071405857068	2.0940335522632
50.2	3.2980685551636e-06	0.16501015145247	0.11571714482481	0.37522435126239	0.12515600874688	0.2166529291075	0.21489466450243	0.76716912414592	0.1118972275589	0.0020055075801114	2.09373040725
50.48	3.464991936872e-06	0.16497415233293	0.1156953915542	0.37516320355861	0.12512941858338	0.21662671745833	0.21484616334369	0.76699304359496	0.11187164818998	0.0020031464305454	2.0933063500386
50.872	3.5120859370066e-06	0.1649239159805	0.11566494513998	0.37507804193748	0.1250922920268	0.21659003310265	0.21477833096242	0.76674661311337	0.11183586126115	0.0019998303264719	2.0927133759368
51	3.516859507298e-06	0.16490754602987	0.11565500703249	0.37505029834581	0.12508018081839	0.21657806469258	0.21475619036773	0.76666616351447	0.1118241790584	0.0019987858750187	2.0925199325943
51.2	3.7689880485032e-06	0.16488202111324	0.11563949648228	0.37500732517928	0.12506132589603	0.21655944158948	0.2147216445148	0.76654058232529	0.11180594263538	0.0019967363971666	2.092218285121
51.48	3.8717469651948e-06	0.16484641164459	0.11561782609829	0.37494784198253	0.12503506147465	0.21653356568957	0.21467336458947	0.76636487476383	0.11178043576208	0.0019931278917744	2.0917963816438
51.872	3.9037401885115e-06	0.16479676818294	0.11558754226082	0.37486521864833	0.12499840603415	0.2164975709051	0.21460583874294	0.76611896091745	0.11174474461291	0.0019877972992708	2.0912067513441
52	3.9077449058089e-06	0.16478060046776	0.11557766193187	0.37483832814807	0.12498645005037	0.21648584976344	0.21458379786829	0.76603867993958	0.11173309336313	0.0019861316815509	2.091014500959
52.2	4.0456915750796e-06	0.16475539554224	0.11556224062244	0.374796592647	0.12496781921677	0.21646760800881	0.21454938984908	0.76591331334351	0.11171489857836	0.0019833200588888	2.0907146235587
52.48	4.1040136082344e-06	0.16472023581727	0.11554068754485	0.37473867020109	0.12494183037798	0.21644222987817	0.21450127170478	0.76573787297365	0.1116894412052	0.001979044547948	2.0902953882646
52.872	4.1248845505808e-06	0.16467122106138	0.11551055819395	0.3746580988503	0.12490552912828	0.21640688613166	0.21443395252784	0.76549232937925	0.11165381544752	0.0019732145830592	2.0897097301878
53	4.1281129130743e-06	0.16465525776256	0.1155007270341	0.3746318641278	0.12489368561474	0.21639537160956	0.21441197762464	0.76541216924443	0.11164218532879	0.0019714432336809	2.0895188096932
53.2	4.1858311341683e-06	0.16463036614554	0.1154853769947	0.37459104008006	0.12487520869366	0.21637742638071	0.21437765851245	0.76528695743159	0.11162401889744	0.0019686563656945	2.089220895333
53.48	4.2121599989389e-06	0.16459562693904	0.1154639103256	0.37453419117879	0.12484939355343	0.2163524002095	0.21432964088414	0.76511171049366	0.11159859510032	0.0019647457122092	2.0888044265567
53.872	4.2240799100007e-06	0.16454716892459	0.11543388713256	0.37445494596171	0.12481330121738	0.21631747949746	0.21426244726248	0.76486643497756	0.11156301360676	0.0019596606939878	2.0882225633544
54	4.2264282290582e-06	0.16453138071815	0.11542408871873	0.37442912270222	0.12480152246483	0.21630609412186	0.21424051219189	0.76478636233202	0.11155139778339	0.0019581395357379	2.088032846997
54.2	4.2284530901075e-06	0.16450675143401	0.11540878488825	0.37438884903974	0.12478312971135	0.21628832721976	0.21420624552394	0.76466126395981	0.1115332505025	0.0019558494966158	2.0877366802291
54.48	4.2319406208852e-06	0.16447235244611	0.11538737167293	0.37433260372286	0.12475740025998	0.2162634975964	0.21415828475331	0.76448615983009	0.11150784931704	0.001952813473139	2.0873225650125
54.872	4.2367679627788e-06	0.16442432564612	0.11535741064756	0.37425404679662	0.12472140138136	0.21622879242749	0.21409116015762	0.76424108231574	0.11147229757579	0.0019490004634869	2.0867437541798
55	4.2382532608149e-06	0.164408669235	0.11534763082797	0.37422842767548	0.12470965045047	0.21621746943515	0.21406924680255	0.76416107428502	0.11146069135504	0.0019478709657878	2.0865549692857
55.2	4.2026569239698e-06	0.16438423332455	0.11533235222739	0.37418840393296	0.1246912892523	0.21619978190241	0.21403500750205	0.76403606143173	0.11144255695967	0.0019462405186441	2.0862601297086
55.48	4.1902963898897e-06	0.16435007680541	0.1153109658556	0.37413238285258	0.12466558155924	0.21617502331549	0.21398707392751	0.76386106633133	0.1114171710096	0.0019442054096461	2.0858477373628
55.872	4.1897567547723e-06	0.16430234337811	0.11528103266169	0.37405401519721	0.12462959454568	0.21614037168594	0.21391998024943	0.76361614012939	0.111381639311	0.0019417423075493	2.0852710492227
56	4.1904946907419e-06	0.16428677373017	0.11527126057431	0.37402844059779	0.12461784558417	0.21612905981235	0.21389807642518	0.76353618147559	0.11137003955707	0.0019410183198447	2.0850828865712
56.2	4.1304096003974e-06	0.16426246178591	0.11525599127505	0.37398843731171	0.12459947952485	0.2161113764812	0.2138638477545	0.76341123590084	0.11135191390674	0.0019400356914349	2.0847889100418
56.48	4.1074777097813e-06	0.1642284536224	0.11523461186184	0.37393235497927	0.12457375014016	0.21608659509403	0.21381592183988	0.76323632811207	0.11132653839379	0.0019389274152457	2.0843775889364
56.872	4.1030882800236e-06	0.1641808873135	0.115204681322	0.37385380837477	0.12453772036782	0.21605187813977	0.21374883420654	0.76299152326555	0.11129102046926	0.0019376710901746	2.0838021276377
57	4.1032374382043e-06	0.16416536437346	0.11519490909075	0.373828161919	0.12452595616872	0.21604054018631	0.21372693198289	0.76291160421382	0.11127942516131	0.0019373051199745	2.0836143014537
57.2	4.0279813048438e-06	0.16414111580218	0.11517963763776	0.37378801289161	0.12450756122799	0.21602280695861	0.21369270315913	0.76278671451699	0.11126130562663	0.0019368788494123	2.0833207646516
57.48	3.9983470973301e-06	0.16410717599063	0.11515825106996	0.37373166507415	0.12448178195021	0.21599793611482	0.2136447725413	0.76261188075744	0.1112359375684	0.001936540028441	2.0829099394424
57.872	3.9913517515978e-06	0.16405967287224	0.11512830561254	0.37365268069331	0.12444567445579	0.21596307079498	0.21357767540299	0.76236717899523	0.11120042956157	0.0019362635762712	2.0823349433167
58	3.991071805859e-06	0.16404416432419	0.11511852779753	0.37362688148561	0.12443388406642	0.21595168104005	0.21355576984087	0.76228729358537	0.11118883745934	0.0019361858808664	2.0821472165521
58.2	3.907096168858e-06	0.16401993088086	0.11510324634663	0.37358647208204	0.12441544512778	0.21593386082539	0.21352153424891	0.76216245308753	0.11117072246218	0.001936199299253	2.0818537714567
58.48	3.8735119138493e-06	0.1639859969385	0.11508184309871	0.3735297198613	0.12438959857497	0.2159088554739	0.21347359154415	0.76198768584066	0.11114536012741	0.0019364539499021	2.0814429789214
58.872	3.8648706800219e-06	0.1639384778034	0.11505187108085	0.37345012492541	0.1243533921954	0.21587378667576	0.21340647578331	0.76174307686744	0.11110985983549	0.0019369204391178	2.0808678504769
59	3.8643000375067e-06	0.16392295940701	0.11504208411858	0.37342411960095	0.12434156903393	0.21586232823895	0.21338456400294	0.76166322174233	0.11109827023318	0.0019370598247199	2.0806800405026
59.2	3.7759731040142e-06	0.16389870528623	0.1150267875864	0.37338337499821	0.124323077175	0.21584439695339	0.21335031788478	0.76153842695463	0.11108015891108	0.0019373993085935	2.0803864210314
59.48	3.7403425345142e-06	0.16386473157209	0.11500536160279	0.37332612938031	0.12429715342995	0.2158192283881	0.21330235909664	0.76136372256503	0.1110548014129	0.0019380849522637	2.0799753127426
59.872	3.7307604088196e-06	0.16381713975585	0.11497535579944	0.37324581577087	0.12426083644933	0.21578392181491	0.21323521994561	0.76111920141888	0.11101930774393	0.0019390826635996	2.0793996121228
60	3.7300083483923e-06	0.16380159441079	0.11496555751091	0.37321957141897	0.12424897691612	0.21577238434169	0.21321330045698	0.76103937496168	0.11100772029423	0.0019393762642184	2.0792115865839
