Hions_Offset = 0.1155758345125# Time [h]	Butyric -	Propionic -	Carbondioxide -	Valeric -	Acetic -	Nitrogen -	Water -	Hions -
0.2	1.6044997093099e-05	6.5856916423092e-05	0.012449783983617	4.4582195224941e-06	0.018802440131224	-0.12174919622399	3.3825314491575e-07	0.014393482300007
0.48	1.2861773684364e-05	7.8624215888932e-05	0.0054041591935762	4.0978979088084e-06	0.0097113529407255	-0.09969359036793	4.2111466432558e-08	0.0082470618930121
0.872	9.9630937495882e-06	6.4706999012768e-05	0.00045961826413758	3.252079425924e-06	0.0035725180527469	-0.075993761496742	7.3640874513926e-10	0.039168155138349
1	1.0227752695835e-06	6.1904810209333e-06	8.4639149962459e-06	3.5314642225524e-07	0.00029735066768977	-0.069568306621048	1.3017025669073e-11	0.045461764816924
1.2	4.3998392719342e-09	3.7184937541297e-08	1.1796954202631e-07	1.5836860516778e-09	3.7181072660063e-06	-0.06064123135741	2.0507517347018e-13	0.058175326831847
1.48	3.471034555852e-09	3.2631753419462e-08	8.5760935855144e-08	1.2426739736006e-09	2.2919899788709e-06	-0.050069837193486	1.7401699942952e-13	0.06550841001197
1.872	2.3251600502992e-09	2.2502805581966e-08	5.5353695275078e-08	8.31144255714e-10	1.103116416314e-06	-0.038324760906958	1.3660950238918e-13	0.077252482633177
2	2.1365293816257e-09	2.0726448911254e-08	4.9516987366183e-08	7.6376095782575e-10	8.836737341346e-07	-0.035095900979749	1.2953053903148e-13	0.080480901484223
2.2	1.4341898414416e-09	1.4967337119202e-08	4.4815935026449e-08	5.1970676649377e-10	5.5504595193816e-07	-0.030591151756831	1.2105556345736e-13	0.084985316254482
2.48	1.1294150463943e-09	1.1126563495875e-08	3.5369732143647e-08	4.0834086777921e-10	2.9113330203673e-07	-0.025249341597565	1.1262959207946e-13	0.090326845543558
2.872	9.8618522539964e-10	9.1392173828824e-09	2.6004011779101e-08	3.5595313846033e-10	1.4861204517961e-07	-0.019319050822036	1.048207468474e-13	0.096256976262076
3	9.5740517391999e-10	8.7959165764166e-09	2.3687934367114e-08	3.45552369423e-10	1.2856066906795e-07	-0.017689287371298	1.0290321937461e-13	0.097886710083749
3.2	6.9795695945285e-10	6.4335756577981e-09	2.1080184759939e-08	2.540515456836e-10	9.8908877690017e-08	-0.015415374905767	1.0036868768938e-13	0.10016058777425
3.48	5.9456618564738e-10	5.0132371710728e-09	1.7189286345055e-08	2.1533282762265e-10	7.9895827238712e-08	-0.012716998677345	9.7554235810499e-14	0.10285893933491
3.872	5.5572679546188e-10	4.4055384137339e-09	1.3552945275322e-08	2.0079349195523e-10	7.1524042053649e-08	-0.0097164378248992	9.464443737758e-14	0.10585948726505
4	5.4853924657528e-10	4.3157002688243e-09	1.2643321745115e-08	1.9817697488289e-10	7.04533306579e-08	-0.0088910768356052	9.3881153656603e-14	0.10668484593258
4.2	4.1602951785176e-10	3.2737980445952e-09	1.1410140228245e-08	1.5086145547188e-10	6.625282257833e-08	-0.0077389693062819	9.2840766442517e-14	0.10783694682609
4.48	3.6688032953791e-10	2.7019597670796e-09	9.7582987372223e-09	1.3209328230608e-10	6.2976936433928e-08	-0.0063712769116601	9.1642004136223e-14	0.10920463363341
4.872	3.5285210567587e-10	2.4884071015212e-09	8.1252402458714e-09	1.2669136287591e-10	6.1334573776418e-08	-0.0048501628365901	9.0352728369938e-14	0.11072574417068
5	3.5082529899545e-10	2.4613394395258e-09	7.6944590505084e-09	1.2594700878476e-10	6.1110937535288e-08	-0.004431770932652	9.000589439611e-14	0.11114413535684
5.2	2.7530239725294e-10	1.9488096702293e-09	7.0737972049051e-09	9.8695869812313e-11	5.9321727963717e-08	-0.0038478466823982	8.952728961487e-14	0.11172805658493
5.48	2.4862591078371e-10	1.6842739716652e-09	6.2544978438577e-09	8.8342456410408e-11	5.7855085589801e-08	-0.0031549285297975	8.896741547434e-14	0.11242097214392
5.872	2.4313350747178e-10	1.5979360179236e-09	5.4104111446314e-09	8.6126407378699e-11	5.7121988531015e-08	-0.0023848422788669	8.8355205593771e-14	0.11319105671506
6	2.4277993019743e-10	1.5897409870297e-09	5.1828065437598e-09	8.5987601568211e-11	5.7026920469114e-08	-0.0021731607084296	8.8188732310612e-14	0.11340273794573
6.2	1.9857866838441e-10	1.3152842017034e-09	4.8570024585774e-09	6.9812000960423e-11	5.6075058336623e-08	-0.0018779488940844	8.7957854390609e-14	0.11369794814772
6.48	1.8369540360532e-10	1.1805405156787e-09	4.424906075011e-09	6.3906955784664e-11	5.5255687815901e-08	-0.001528157743792	8.7686208831252e-14	0.11404773788866
6.872	1.8236356990301e-10	1.1463249934144e-09	3.9761613880484e-09	6.3234167516268e-11	5.4833692890012e-08	-0.0011405108149106	8.7387563403176e-14	0.11443538390743
7	1.8285370480034e-10	1.1461915585545e-09	3.8555314815166e-09	6.3392254414907e-11	5.4782544434537e-08	-0.0010342174572949	8.7306110798065e-14	0.1145416770912
7.2	1.581345251726e-10	9.9841521486895e-10	3.6945747061933e-09	5.4029746148949e-11	5.4279700140503e-08	-0.00088636838597596	8.7193124772987e-14	0.11468952531657
7.48	1.5082736258193e-10	9.3206147628812e-10	3.4742928630655e-09	5.0924955242003e-11	5.381027518064e-08	-0.0007120842046508	8.7060398118928e-14	0.11486380873044
7.872	1.5301249144581e-10	9.3022580055177e-10	3.2569388262201e-09	5.1478421812717e-11	5.3609750505157e-08	-0.00052085074305079	8.6915333757217e-14	0.11505504177378
8	1.5443981503972e-10	9.3681754611004e-10	3.2015317460642e-09	5.1946012668498e-11	5.361372892704e-08	-0.00046887176131218	8.6876006674812e-14	0.11510702071171
8.2	1.4294189260345e-10	8.6711650298068e-10	3.1459119931154e-09	4.703593453308e-11	5.3474373257966e-08	-0.00039720591782064	8.6821856590177e-14	0.11517868627385
8.48	1.4206387852862e-10	8.4857838223129e-10	3.0583810570385e-09	4.6125389298041e-11	5.3375302075753e-08	-0.00031412879557555	8.675918818496e-14	0.11526176318874
8.872	1.4971501517153e-10	8.833065383131e-10	2.9946560833795e-09	4.8406101309401e-11	5.3627156909579e-08	-0.00022581449896726	8.6692690923542e-14	0.11535007771758
9	1.5295037980963e-10	9.0062006826774e-10	2.9838000223794e-09	4.9433277768926e-11	5.378457829681e-08	-0.00020246156608651	8.6675128025934e-14	0.11537343081837
9.2	1.509276730894e-10	8.8576542370961e-10	3.0009744907014e-09	4.7490703205567e-11	5.410522298343e-08	-0.00017108000704116	8.6651540875147e-14	0.11540481269625
9.48	1.5724725247001e-10	9.1289377358994e-10	3.000355433995e-09	4.870500396695e-11	5.4613178783195e-08	-0.00013631766536869	8.6625431074919e-14	0.11543957557972
9.872	1.7338424228619e-10	9.9673611799235e-10	3.0349786829023e-09	5.3392903881146e-11	5.5657329127455e-08	-0.00010209625994787	8.659974611948e-14	0.11547379816835
10	1.792060876888e-10	1.0284227333429e-09	3.0515434137704e-09	5.5151627573692e-11	5.604778499655e-08	-9.3593658916319e-05	8.6593367291722e-14	0.11548230121569
10.2	1.8213780261073e-10	1.0468025879628e-09	3.1089715145889e-09	5.4608692550235e-11	5.6778566987899e-08	-8.2714851661078e-05	8.6585207316671e-14	0.11549318083185
10.48	1.9205390114549e-10	1.0994845234592e-09	3.1498001713699e-09	5.6539355071545e-11	5.7713260469172e-08	-7.1551165225762e-05	8.657683550201e-14	0.11550434555827
10.872	2.0899757813727e-10	1.1913695917061e-09	3.2246055459759e-09	6.1015757018608e-11	5.8898863067957e-08	-6.1678198466583e-05	8.6569432953443e-14	0.11551421989868
11	2.1423673466343e-10	1.2206420707417e-09	3.2506669093449e-09	6.2484639162597e-11	5.9238412550273e-08	-5.9413526981221e-05	8.6567735104721e-14	0.11551648497178
11.2	2.1298581846098e-10	1.2258579285993e-09	3.3176924687681e-09	6.0726920021721e-11	5.9723458676228e-08	-5.6671636077923e-05	8.6565679540871e-14	0.11551922741694
11.48	2.1514940482603e-10	1.2448525777819e-09	3.3642412661627e-09	6.0164856139382e-11	6.0128266448028e-08	-5.4109946280614e-05	8.6563759217878e-14	0.11552178957868
11.872	2.2019054635752e-10	1.2760246367519e-09	3.4408923199894e-09	6.0849469965027e-11	6.0302919851487e-08	-5.2189732488447e-05	8.6562319878488e-14	0.11552371008066
12	2.2170067159103e-10	1.2851221370506e-09	3.4660725074994e-09	6.1151602913797e-11	6.0292737639656e-08	-5.1818514182776e-05	8.6562041650395e-14	0.11552408132487
12.2	2.1327416828836e-10	1.2542808618816e-09	3.5278901452051e-09	5.7564094666552e-11	6.0141046285057e-08	-5.1452406816565e-05	8.6561767372516e-14	0.11552444729951
12.48	2.0675205189632e-10	1.2264086565096e-09	3.5635967948132e-09	5.4637747056733e-11	5.9739172930929e-08	-5.1290460292928e-05	8.656164630193e-14	0.11552460884254
12.872	2.0280806633491e-10	1.2046751103199e-09	3.6249610854768e-09	5.2774965161055e-11	5.8995374319341e-08	-5.1494620402966e-05	8.6561799824409e-14	0.11552440397245
13	2.0205129246714e-10	1.1997073451327e-09	3.6449582529464e-09	5.2427667521375e-11	5.8739080892138e-08	-5.1616618944543e-05	8.6561891430173e-14	0.11552428173154
13.2	1.9108062247853e-10	1.1502386889503e-09	3.6958722916917e-09	4.8492935647407e-11	5.8207587904386e-08	-5.1862951093042e-05	8.6562076440694e-14	0.11552403485445
13.48	1.8195083674251e-10	1.1026855525846e-09	3.7155063490187e-09	4.5151077055791e-11	5.7432297222207e-08	-5.2304108821511e-05	8.6562407663261e-14	0.11552359288104
13.872	1.7576877651128e-10	1.0633475957164e-09	3.7574488934938e-09	4.2875754707524e-11	5.640490917722e-08	-5.3006916730675e-05	8.6562935139036e-14	0.11552288903989
14	1.7452404057225e-10	1.0544003665213e-09	3.7715565642229e-09	4.2432868689957e-11	5.6097041773726e-08	-5.3235710350692e-05	8.6563106831766e-14	0.11552265994188
14.2	1.6447433205571e-10	1.0046834957422e-09	3.8111271774174e-09	3.9128586783094e-11	5.5495717061461e-08	-5.3605082152743e-05	8.6563384121668e-14	0.11552228994526
14.48	1.5620820991662e-10	9.577881459449e-10	3.8161199075976e-09	3.6356696525193e-11	5.4708512856337e-08	-5.4146845165346e-05	8.6563790775787e-14	0.11552174734211
14.872	1.5070621409121e-10	9.2010117529657e-10	3.8417200281378e-09	3.4499052642977e-11	5.3761841551333e-08	-5.4892433218284e-05	8.656435028645e-14	0.11552100078793
15	1.4962084192803e-10	9.1176697293325e-10	3.8511156256268e-09	3.4143135379996e-11	5.3491775828049e-08	-5.5120637879968e-05	8.6564521519921e-14	0.11552077231283
15.2	1.4137877067987e-10	8.6899455994986e-10	3.8818040356327e-09	3.1632404299976e-11	5.2934000682105e-08	-5.5482124957194e-05	8.6564792880289e-14	0.11552041024515
15.48	1.3470359105412e-10	8.2939270232151e-10	3.8763690053814e-09	2.9553396438713e-11	5.2227250494273e-08	-5.6007469133372e-05	8.6565187188608e-14	0.11551988414044
15.872	1.3033543964483e-10	7.9824256947956e-10	3.8912100668854e-09	2.8179748167559e-11	5.1394503150472e-08	-5.6727297771065e-05	8.6565727335328e-14	0.115519163457
16	1.2948078937147e-10	7.9144637112946e-10	3.8976561586671e-09	2.7918531748883e-11	5.1157816579998e-08	-5.6947943404839e-05	8.6565892886808e-14	0.11551894257322
16.2	1.2280859001186e-10	7.5610463233548e-10	3.9228021168195e-09	2.6046803229651e-11	5.0614082242776e-08	-5.7306975548633e-05	8.6566162406828e-14	0.11551858297861
16.48	1.1744473810468e-10	7.2368730578628e-10	3.911509867184e-09	2.4504535947558e-11	4.9919268349447e-08	-5.7854847184814e-05	8.6566573608456e-14	0.11551803436155
16.872	1.1391856162905e-10	6.9824151782873e-10	3.9211854480086e-09	2.348161188625e-11	4.9076178711676e-08	-5.8644959676285e-05	8.6567166467223e-14	0.11551724338564
17	1.1321427970296e-10	6.9264302902872e-10	3.9263744735269e-09	2.3283902774291e-11	4.883019173894e-08	-5.8894459220115e-05	8.6567353660175e-14	0.1155169936388
17.2	1.0766903921603e-10	6.6309305969003e-10	3.9490773572891e-09	2.1861256304749e-11	4.8224071093212e-08	-5.9314347599864e-05	8.6567668851268e-14	0.1155165731305
17.48	1.0320091841643e-10	6.3597634849757e-10	3.935776265408e-09	2.0684174292301e-11	4.7432833162449e-08	-5.9985767874004e-05	8.656817275003e-14	0.11551590087293
17.872	1.0017536291324e-10	6.1430660236316e-10	3.9448895571069e-09	1.9883413137813e-11	4.6436605864113e-08	-6.0999841328318e-05	8.6568933624919e-14	0.11551488578686
18	9.9541879701316e-11	6.0940240979702e-10	3.9501902548766e-09	1.9722101856434e-11	4.6138621787578e-08	-6.1328170035851e-05	8.6569179954147e-14	0.11551455715977
18.2	9.4783314264629e-11	5.8398858716688e-10	3.9728614446463e-09	1.8604715780958e-11	4.5405983442309e-08	-6.1887660582293e-05	8.6569599897782e-14	0.11551399692799
18.48	9.0917978041558e-11	5.6051703794777e-10	3.9603446372609e-09	1.7670682383552e-11	4.4437906291728e-08	-6.2793900089436e-05	8.6570279976337e-14	0.11551308967961
18.872	8.8185191429388e-11	5.4121007197492e-10	3.9722272150966e-09	1.7009501171744e-11	4.3197659885379e-08	-6.4184609522232e-05	8.6571323410459e-14	0.11551169771911
19	8.7580641454556e-11	5.3668087209739e-10	3.9786186651883e-09	1.6868958057624e-11	4.2823264334481e-08	-6.46392181898e-05	8.6571664475064e-14	0.11551124273717
19.2	8.3416178623742e-11	5.1434648374304e-10	4.0028508860456e-09	1.5964684668958e-11	4.1939933957326e-08	-6.5409418942969e-05	8.657224251468e-14	0.11551047164993
19.48	8.0009563202995e-11	4.9359063653375e-10	3.9927998793386e-09	1.5200683964714e-11	4.0773629646695e-08	-6.664252465383e-05	8.6573167828849e-14	0.11550923734294
19.872	7.7503640579178e-11	4.7605747038831e-10	4.0094071314055e-09	1.4637713029011e-11	3.9282628968445e-08	-6.8524228927987e-05	8.657457962329e-14	0.11550735414366
20	7.6923706249052e-11	4.7181826907204e-10	4.0174422167396e-09	1.4512057631597e-11	3.8834078995653e-08	-6.9138813306187e-05	8.6575040706016e-14	0.11550673911384
20.2	7.3270578584149e-11	4.5209003772695e-10	4.0439173307144e-09	1.3766966337774e-11	3.7828161494319e-08	-7.0165206329247e-05	8.6575810959316e-14	0.11550571171726
20.48	7.0284117845486e-11	4.3375534961303e-10	4.0368363202246e-09	1.3134483440676e-11	3.651465622816e-08	-7.1770531322908e-05	8.6577015540661e-14	0.11550410504973
20.872	6.8036098103257e-11	4.1805646089805e-10	4.0585601435465e-09	1.2655708372797e-11	3.4862276654432e-08	-7.4176078619265e-05	8.6578820366285e-14	0.11550169785335
21	6.7501662245815e-11	4.1419682427336e-10	4.0682939238422e-09	1.2545314637184e-11	3.4370995171856e-08	-7.4955933627164e-05	8.6579405451399e-14	0.1155009175123
21.2	6.4331500490187e-11	3.969522690681e-10	4.0966684468666e-09	1.1928434173753e-11	3.3321623479759e-08	-7.6234658703493e-05	8.6580365027666e-14	0.11549963774521
21.48	6.177315986231e-11	3.8108663586211e-10	4.0918216170742e-09	1.1408035437935e-11	3.1977343219907e-08	-7.8176556095958e-05	8.6581822156144e-14	0.11549769447975
21.872	5.984852475653e-11	3.6757095866941e-10	4.1173948924185e-09	1.1012076064942e-11	3.0329582806892e-08	-8.1008833457115e-05	8.6583947210804e-14	0.11549486056436
22	5.9387734034474e-11	3.6424547856188e-10	4.1283581453235e-09	1.0919672298736e-11	2.9848140333045e-08	-8.191544661857e-05	8.6584627425667e-14	0.11549395347686
22.2	5.6678160927761e-11	3.4944341748463e-10	4.1573383529143e-09	1.0410435431467e-11	2.8861256403573e-08	-8.3372138880283e-05	8.6585720551913e-14	0.11549249580869
22.48	5.454997341932e-11	3.3611541345814e-10	4.1529793254186e-09	9.9890694878212e-12	2.7627969587563e-08	-8.5513815104434e-05	8.6587327634732e-14	0.11549035287894
22.872	5.2990236322551e-11	3.2503789900803e-10	4.1799161160813e-09	9.6746205365016e-12	2.6163558221255e-08	-8.8536746666554e-05	8.6589595862993e-14	0.11548732849695
23	5.2621149698721e-11	3.223513848035e-10	4.1912826346069e-09	9.6018291760123e-12	2.5744334884698e-08	-8.9488471546473e-05	8.6590309971485e-14	0.11548637636111
23.2	5.0431290514408e-11	3.0995739376499e-10	4.2191592441484e-09	9.1894537051811e-12	2.4914346518896e-08	-9.0986537037039e-05	8.6591434181708e-14	0.11548487747852
23.48	4.8753130536127e-11	2.991231427953e-10	4.213323827806e-09	8.85619238861e-12	2.3902321029534e-08	-9.3119521826061e-05	8.6593034830941e-14	0.11548274346302
23.872	4.7565508391481e-11	2.9046848118745e-10	4.2391223966442e-09	8.6164666293495e-12	2.273713217427e-08	-9.6029266357729e-05	8.6595218288706e-14	0.11547983256902
24	4.7290005500092e-11	2.8842351250128e-10	4.2501121595289e-09	8.562270982679e-12	2.2409987744348e-08	-9.6929011136106e-05	8.6595893448061e-14	0.11547893250573
24.2	6.6308644080216e-11	3.4349077663316e-10	4.2823722347299e-09	9.8774491309996e-12	2.2818490041632e-08	-9.8210958071725e-05	8.6596854680993e-14	0.11547765107491
24.48	7.5988183464819e-11	3.8036741160217e-10	4.290361717685e-09	1.0536028206641e-11	2.2851182929646e-08	-9.9787014181454e-05	8.6598036880576e-14	0.1154760751067
24.872	7.9129534634057e-11	3.9798044039677e-10	4.3429630075867e-09	1.072071490096e-11	2.2473354828311e-08	-0.00010174908991206	8.6599509014121e-14	0.11547411272669
25	7.936630206056e-11	4.0022251304711e-10	4.3627081656869e-09	1.072481729485e-11	2.2320409765936e-08	-0.00010234087349481	8.6599953068828e-14	0.11547352081239
25.2	7.685220626894e-11	4.1849125762718e-10	4.4018205676944e-09	1.1424802352015e-11	2.1460847701597e-08	-0.00010327143176851	8.6600651804038e-14	0.11547258945016
25.48	7.649444078712e-11	4.3274765116533e-10	4.3985374596265e-09	1.2082753137631e-11	2.0697865513953e-08	-0.00010460221483098	8.6601650795285e-14	0.11547125791539
25.872	7.6184703194394e-11	4.3883285805551e-10	4.4234121378148e-09	1.2373998943494e-11	2.0026806518202e-08	-0.00010637820593823	8.660298375216e-14	0.11546948128416
26	7.6056327512705e-11	4.393138392553e-10	4.4335701001629e-09	1.2398281360744e-11	1.9859384997995e-08	-0.00010691639044534	8.660338766167e-14	0.11546894294278
26.2	8.0763834926503e-11	4.6226350093964e-10	4.4550677112278e-09	1.3767191411619e-11	1.9431015446644e-08	-0.00010772186858386	8.6603992293467e-14	0.1154681370868
26.48	8.3715010792506e-11	4.7904981214226e-10	4.4367312730227e-09	1.4654615024706e-11	1.9043759662354e-08	-0.00010878551475914	8.6604790651982e-14	0.11546707305566
26.872	8.4599340978612e-11	4.8668997031437e-10	4.4492317458216e-09	1.4993604986054e-11	1.8678754746239e-08	-0.00011011790301573	8.6605790642405e-14	0.11546574032377
27	8.4624550121179e-11	4.875121182973e-10	4.4562917546377e-09	1.5022288127205e-11	1.858355438685e-08	-0.00011051084591139	8.6606085549732e-14	0.11546534729361
27.2	9.0424874205176e-11	5.1773298914449e-10	4.4732074460142e-09	1.605559717745e-11	1.8494149217343e-08	-0.00011107014310595	8.6606505240765e-14	0.11546478796098
27.48	9.3589655070691e-11	5.3844553467944e-10	4.45281001356e-09	1.6668162090778e-11	1.8383727512034e-08	-0.00011175645785018	8.6607020297759e-14	0.1154641015399
27.872	9.4581237348534e-11	5.4831260533109e-10	4.4655627182007e-09	1.6888058479045e-11	1.8233388601096e-08	-0.00011257292350848	8.6607633042084e-14	0.11546328494774
28	9.4643842770551e-11	5.4958503589009e-10	4.4728944520941e-09	1.6905821271604e-11	1.8187580757115e-08	-0.00011280932243729	8.6607810458418e-14	0.11546304851169
28.2	9.7878301817758e-11	5.7040995058692e-10	4.4902473946673e-09	1.7458923995964e-11	1.8151311702554e-08	-0.00011314260938371	8.6608060544361e-14	0.11546271523044
28.48	9.9602342432018e-11	5.844309650547e-10	4.4698389009585e-09	1.7778248116994e-11	1.8096677950988e-08	-0.00011354762551605	8.6608364504972e-14	0.11546231015533
28.872	1.0013021848313e-10	5.9111213117968e-10	4.4823578058315e-09	1.7888921443194e-11	1.8012398243292e-08	-0.00011402675195203	8.6608724086636e-14	0.11546183096445
29	1.0016177437423e-10	5.9198884573135e-10	4.4895597531916e-09	1.7897207755707e-11	1.7985759738414e-08	-0.00011416520527124	8.6608827995948e-14	0.11546169249261
29.2	1.0149267348771e-10	6.0252790886067e-10	4.5065153220606e-09	1.812616383541e-11	1.7954111232334e-08	-0.00011436246005414	8.6608976017798e-14	0.11546149523523
29.48	1.0217269098153e-10	6.0947258131222e-10	4.4850338453185e-09	1.8251280174233e-11	1.7910673296875e-08	-0.00011460676097851	8.6609159385352e-14	0.11546125087714
29.872	1.0236096532696e-10	6.1270441230678e-10	4.4961060691725e-09	1.8290194822395e-11	1.7851007558391e-08	-0.00011490003056013	8.6609379492476e-14	0.11546095756242
30	1.023670948501e-10	6.1311408065922e-10	4.5028501685043e-09	1.8292116869967e-11	1.7832922282904e-08	-0.00011498514388906	8.6609443371107e-14	0.11546087243817
30.2	1.0245652398446e-10	6.1606267296665e-10	4.5188252859957e-09	1.8311581940567e-11	1.779724946265e-08	-0.00011510970566418	8.6609536857505e-14	0.11546074785976
30.48	1.0245624255296e-10	6.1781003374269e-10	4.4958840309753e-09	1.8311258580767e-11	1.7754260647385e-08	-0.00011527042033188	8.6609657510635e-14	0.1154605870809
30.872	1.0241863241755e-10	6.1847967150483e-10	4.5052097027379e-09	1.8303124991934e-11	1.7704460721276e-08	-0.00011546848392194	8.6609806173461e-14	0.11546038897746
31	1.0240619272141e-10	6.1853208325238e-10	4.5114326401309e-09	1.8300614004798e-11	1.7690433169606e-08	-0.00011552631230098	8.6609849575433e-14	0.11546033114132
31.2	1.0170077035997e-10	6.1642147011727e-10	4.5263047331596e-09	1.8185998599068e-11	1.7649872005889e-08	-0.00011561425500913	8.6609915593112e-14	0.11546024316999
31.48	1.0126379445158e-10	6.147047953125e-10	4.501992016821e-09	1.8105221485064e-11	1.7604823946358e-08	-0.00011573375738335	8.6610005327821e-14	0.11546012359602
31.872	1.0107781702136e-10	6.1365087829732e-10	4.5097349562987e-09	1.8066355930253e-11	1.7559114668502e-08	-0.00011588508376352	8.6610118919663e-14	0.11545997223039
32	1.0105213877568e-10	6.1345820100218e-10	4.5154942337155e-09	1.8060774481777e-11	1.7547124339288e-08	-0.00011592942503899	8.6610152200073e-14	0.11545992788266
32.2	9.9847752932143e-11	6.0811622159542e-10	4.5293567083816e-09	1.7861893535393e-11	1.7502743797189e-08	-0.00011599951002558	8.6610204824549e-14	0.11545985776042
32.48	9.913614316045e-11	6.0418798947251e-10	4.5039363348423e-09	1.7730503347252e-11	1.7455693505269e-08	-0.00011609926159101	8.6610279743614e-14	0.11545975793161
32.872	9.8855218422407e-11	6.0202729367377e-10	4.51041218447e-09	1.7672040348051e-11	1.7411923162303e-08	-0.0001162280093086	8.661037639363e-14	0.1154596291441
33	9.8820583046517e-11	6.0167526813378e-10	4.5158021102473e-09	1.7664419235697e-11	1.7401059037898e-08	-0.00011626572470372	8.6610404701673e-14	0.11545959142283
33.2	9.7313629356039e-11	5.9434301686635e-10	4.5288183729981e-09	1.7414327273046e-11	1.7354238657195e-08	-0.0001163271106992	8.66104508032e-14	0.11545952999394
33.48	9.6435685235361e-11	5.890569910281e-10	4.5025807203821e-09	1.7252252349168e-11	1.7305935876809e-08	-0.00011641731019176	8.6610518557948e-14	0.11545943971358
33.872	9.6096806658385e-11	5.8621651829792e-10	4.508114793874e-09	1.7181850496356e-11	1.7263384270872e-08	-0.00011653486030759	8.6610606806322e-14	0.1154593221232
34	9.6056558584032e-11	5.857662383458e-10	4.5132294639506e-09	1.7172963301199e-11	1.7253224189067e-08	-0.00011656920093793	8.6610632581839e-14	0.11545928777703
34.2	9.4377376513244e-11	5.7727159041312e-10	4.5255665692669e-09	1.6893604031654e-11	1.7205158011592e-08	-0.00011662612940844	8.6610675341332e-14	0.11545923080238
34.48	9.340541385031e-11	5.7119923952022e-10	4.4987691653589e-09	1.6714150977483e-11	1.7156387600173e-08	-0.00011671134047971	8.6610739354855e-14	0.11545914550851
34.872	9.3033991549393e-11	5.6796822762707e-10	4.5036428938504e-09	1.6637046553522e-11	1.7114858279197e-08	-0.00011682277281004	8.6610823013081e-14	0.11545903403584
35	9.2990622674678e-11	5.6746194536629e-10	4.5085626770434e-09	1.662745566488e-11	1.7105194510917e-08	-0.00011685521379022	8.6610847363054e-14	0.11545900158956
35.2	9.1225414667745e-11	5.583526659033e-10	4.5203660422084e-09	1.633335148542e-11	1.7056795264696e-08	-0.00011690954419982	8.6610888174474e-14	0.11545894721139
35.48	9.0207464543133e-11	5.5187277321501e-10	4.4932163707173e-09	1.6145361955716e-11	1.7008196981737e-08	-0.00011699165725408	8.6610949864206e-14	0.1154588650149
35.872	8.9820711276894e-11	5.4844442568886e-10	4.4976538358657e-09	1.6065092177554e-11	1.6967676383397e-08	-0.00011709907377962	8.6611030509186e-14	0.1154587575584
36	8.9775999459678e-11	5.4791075473307e-10	4.5024423191074e-09	1.6055193032903e-11	1.6958401829461e-08	-0.00011713024456951	8.6611053905955e-14	0.11545872638253
36.2	8.7981346860437e-11	5.385463177228e-10	4.5138292178887e-09	1.5755885438747e-11	1.6910334951556e-08	-0.0001171827203651	8.6611093326188e-14	0.1154586738586
36.48	8.6949002509102e-11	5.3190741238754e-10	4.4864853130769e-09	1.5565179692058e-11	1.6862392089061e-08	-0.00011726239944755	8.6611153189592e-14	0.11545859409637
36.872	8.6558382271635e-11	5.284089923494e-10	4.4906561357488e-09	1.5484097104878e-11	1.682293365765e-08	-0.00011736652436017	8.6611231364376e-14	0.1154584899322
37	8.651355050531e-11	5.2786693522935e-10	4.4953612774553e-09	1.5474159413454e-11	1.681399484185e-08	-0.00011739665527116	8.6611253980734e-14	0.11545845979646
37.2	8.4726113123175e-11	5.1848046280176e-10	4.5064221673037e-09	1.5175838983269e-11	1.6766736432311e-08	-0.00011744750347013	8.6611292179423e-14	0.11545840890059
37.48	8.3699844183853e-11	5.118433516258e-10	4.4789996591741e-09	1.4986192380163e-11	1.6719805869718e-08	-0.00011752486064849	8.661135029998e-14	0.1154583314612
37.872	8.3312835160975e-11	5.0835724574545e-10	4.4830275298901e-09	1.4905830969225e-11	1.6681489105891e-08	-0.00011762578696434	8.6611426074038e-14	0.11545823049664
38	8.3268696869748e-11	5.0781915087525e-10	4.4876842239484e-09	1.4896033248417e-11	1.6672863839492e-08	-0.00011765491964134	8.6611447941191e-14	0.11545820135941
38.2	8.1511745791355e-11	4.9855910518312e-10	4.4984868698162e-09	1.4602637352605e-11	1.6626749277576e-08	-0.00011770413082946	8.6611484910768e-14	0.1154581521016
38.48	8.0504515693531e-11	4.9202571317053e-10	4.4710675410148e-09	1.4416444748747e-11	1.6581090527677e-08	-0.00011777903883023	8.6611541192525e-14	0.11545807711279
38.872	8.0125861296825e-11	4.8860398191793e-10	4.4750398060792e-09	1.4337777978379e-11	1.6544000400651e-08	-0.00011787658256688	8.661161442752e-14	0.11545797953206
39	8.0082937099001e-11	4.8807764829279e-10	4.4796726630081e-09	1.4328234246711e-11	1.6535684235602e-08	-0.00011790467256715	8.6611635512071e-14	0.1154579514378
39.2	7.8370778743737e-11	4.7903595333407e-10	4.4902668293933e-09	1.404219050096e-11	1.649094293039e-08	-0.00011795213673878	8.6611671169639e-14	0.11545790392844
39.48	7.7390512051203e-11	4.7266886652199e-10	4.4629066617751e-09	1.3860919427498e-11	1.6446738396298e-08	-0.00011802438077825	8.6611725451097e-14	0.11545783160531
39.872	7.7023096821126e-11	4.6934321774892e-10	4.4668831156412e-09	1.3784540247317e-11	1.6410950785646e-08	-0.00011811826001701	8.6611795935256e-14	0.11545773769049
40	7.6981702045749e-11	4.688333639808e-10	4.4715089810641e-09	1.3775319648505e-11	1.6402947539001e-08	-0.00011814523062213	8.6611816179591e-14	0.11545771071594
40.2	7.5322679537558e-11	4.600643992989e-10	4.4819307554296e-09	1.3498050442141e-11	1.6359727543867e-08	-0.00011819080815314	8.6611850420138e-14	0.11545766509491
40.48	7.4373943566601e-11	4.5390009642193e-10	4.4546667370506e-09	1.3322550069875e-11	1.6317096587246e-08	-0.00011826016504164	8.6611902533591e-14	0.11545759566084
40.872	7.4019400464036e-11	4.506886869866e-10	4.4586869750554e-09	1.3248795468426e-11	1.628266833021e-08	-0.00011835009643847	8.6611970054119e-14	0.11545750569539
41	7.3979708480087e-11	4.5019796518004e-10	4.4633170210402e-09	1.3239936313304e-11	1.6274983636769e-08	-0.00011837586855743	8.6611989398851e-14	0.11545747991968
41.2	7.2378233982933e-11	4.4173138078002e-10	4.4735924270727e-09	1.2972200615939e-11	1.623337021663e-08	-0.00011841942903878	8.6612022124363e-14	0.11545743631753
41.48	7.1463381195643e-11	4.3578917121484e-10	4.4464479633962e-09	1.2802911748366e-11	1.6192380461647e-08	-0.00011848570917185	8.6612071927383e-14	0.11545736996223
41.872	7.1122509852417e-11	4.3270122662029e-10	4.4505371860039e-09	1.2731948409961e-11	1.6159344530215e-08	-0.00011857145931224	8.6612136308999e-14	0.11545728417964
42	7.1084597218747e-11	4.3223091794564e-10	4.4551785533278e-09	1.2723468100894e-11	1.6151982047133e-08	-0.00011859596764292	8.6612154705094e-14	0.11545725966808
42.2	6.954252165178e-11	4.2408025011281e-10	4.4653263919964e-09	1.2465591986597e-11	1.611201265683e-08	-0.00011863740992183	8.6612185839576e-14	0.11545721818603
42.48	6.866246178071e-11	4.1836828699578e-10	4.4383154189998e-09	1.2302689071159e-11	1.607269029897e-08	-0.00011870047691624	8.6612233229728e-14	0.11545715504594
42.872	6.8335515076803e-11	4.1540722591831e-10	4.442488820118e-09	1.2234571978239e-11	1.6041055599705e-08	-0.00011878188512516	8.6612294351776e-14	0.11545707360692
43	6.8299393561129e-11	4.1495771600827e-10	4.447145854226e-09	1.2226473987374e-11	1.6034015328588e-08	-0.00011880508538428	8.6612311765984e-14	0.11545705040378
43.2	6.681692391792e-11	4.0712614914892e-10	4.4571798401691e-09	1.1978505152661e-11	1.5995692048687e-08	-0.00011884434533152	8.6612341261267e-14	0.11545701110598
43.48	6.5971642563744e-11	4.0164545249767e-10	4.4303098406793e-09	1.1821991723029e-11	1.5958031495162e-08	-0.00011890412106122	8.6612386179879e-14	0.11545695125924
43.872	6.5658521968157e-11	3.9881098934622e-10	4.434575810983e-09	1.1756704033677e-11	1.5927785837729e-08	-0.00011898110354456	8.6612443979428e-14	0.11545687424756
44	6.5624161169496e-11	3.9838209185456e-10	4.4392509604492e-09	1.1748982790075e-11	1.5921063879869e-08	-0.00011900297385151	8.6612460395315e-14	0.11545685237474
44.2	6.4200470576576e-11	3.9086628706244e-10	4.4491812733955e-09	1.1510793417752e-11	1.5884363633263e-08	-0.00011904002422107	8.6612488230942e-14	0.11545681528842
44.48	6.3389375092918e-11	3.8561341770893e-10	4.4224554244381e-09	1.1360565796057e-11	1.5848336155904e-08	-0.00011909648478209	8.6612530660065e-14	0.1154567587589
44.872	6.3089762951616e-11	3.8290296830852e-10	4.4268178225223e-09	1.1298045802274e-11	1.5819450746303e-08	-0.0001191690275733	8.6612585126612e-14	0.11545668618851
45	6.3057106170746e-11	3.8249414373774e-10	4.4315122737129e-09	1.1290690091436e-11	1.5813039843869e-08	-0.00011918956637882	8.6612600543007e-14	0.11545666564754
45.2	6.1690736714708e-11	3.7528676504291e-10	4.4413466546239e-09	1.1062044848608e-11	1.5777922517695e-08	-0.00011922441218631	8.6612626722754e-14	0.11545663076765
45.48	6.0912885163906e-11	3.7025558859178e-10	4.4147653192445e-09	1.0917934348815e-11	1.5743483549721e-08	-0.00011927757914176	8.6612666678579e-14	0.11545657753372
45.872	6.0626333517816e-11	3.6766520226884e-10	4.4192250439234e-09	1.0858093548835e-11	1.5715917714466e-08	-0.00011934572564366	8.6612717844691e-14	0.11545650936117
46	6.0595308752465e-11	3.672757045824e-10	4.4239391590129e-09	1.085108885075e-11	1.570980809331e-08	-0.00011936494802983	8.661273227291e-14	0.11545649013696
46.2	5.9284435534542e-11	3.6036707352686e-10	4.4336836686031e-09	1.0631689517569e-11	1.5676222737316e-08	-0.00011939762003404	8.6612756819885e-14	0.11545645743268
46.48	5.8538686985654e-11	3.5554991424834e-10	4.4072454121448e-09	1.0493490179573e-11	1.5643317652617e-08	-0.00011944755011719	8.6612794345014e-14	0.11545640743755
46.872	5.8264676531669e-11	3.5307488555174e-10	4.4118014705252e-09	1.0436225263668e-11	1.5617023024325e-08	-0.00011951138728228	8.6612842275954e-14	0.11545634357584
47	5.8235203955987e-11	3.527038591382e-10	4.4165350843294e-09	1.0429555334682e-11	1.5611203244034e-08	-0.00011952932087773	8.6612855736731e-14	0.11545632564075
47.2	5.7078695937639e-11	3.4619983938788e-10	4.4262403518034e-09	1.0226084582386e-11	1.5584744160303e-08	-0.00011955933654274	8.6612878284209e-14	0.11545629560047
47.48	5.6411105063743e-11	3.4166312067828e-10	4.4000472641205e-09	1.0096410903947e-11	1.555705251395e-08	-0.00011960443881968	8.6612912181416e-14	0.11545625043897
47.872	5.6165464701813e-11	3.3933824059687e-10	4.4048722729917e-09	1.0042458144134e-11	1.5533912770138e-08	-0.00011966139396391	8.6612954944599e-14	0.11545619346289
48	5.6139324756542e-11	3.3899132102366e-10	4.4096803215211e-09	1.003620141137e-11	1.5528677200715e-08	-0.00011967725355872	8.6612966848332e-14	0.11545617760249
48.2	7.5059663991998e-11	3.9652490374435e-10	4.4267161879164e-09	1.143690840873e-11	1.6489072033146e-08	-0.00011958985957319	8.6612900432651e-14	0.11545626605168
48.48	8.4525375683182e-11	4.3506089360003e-10	4.4179491887077e-09	1.2164595948689e-11	1.7165056960276e-08	-0.00011927218302792	8.6612661423655e-14	0.11545658444417
48.872	8.7973774621573e-11	4.5521927202715e-10	4.452409891603e-09	1.2447100428424e-11	1.7540206181845e-08	-0.00011873835619811	8.66122604333e-14	0.11545711870451
49	8.8389754678442e-11	4.5842342630945e-10	4.4666940180063e-09	1.2484082961682e-11	1.7602788941919e-08	-0.00011857190571971	8.6612135450105e-14	0.11545728523551
49.2	8.6665903826218e-11	4.7942573067351e-10	4.4925867675482e-09	1.3296513424896e-11	1.7188568586124e-08	-0.00011835417396339	8.661197232768e-14	0.11545750259907
49.48	8.7033077247189e-11	4.9658002511067e-10	4.4750718365745e-09	1.4042826486163e-11	1.6959193952842e-08	-0.00011813793378544	8.6611810228224e-14	0.11545771861063
49.872	8.7442565674886e-11	5.0622308692562e-10	4.4853731625328e-09	1.4425237159149e-11	1.6875314731517e-08	-0.00011791951168986	8.6611646362305e-14	0.11545793696958
50	8.7518196984671e-11	5.0780451187172e-10	4.4913544979422e-09	1.4478063949124e-11	1.6867913793865e-08	-0.00011785910604398	8.6611601030103e-14	0.11545799737551
50.2	9.3028537528797e-11	5.3421164269535e-10	4.5034193549002e-09	1.5956230038927e-11	1.6771124052889e-08	-0.00011776321610931	8.6611529103669e-14	0.11545809321412
50.48	9.6621787855075e-11	5.5440972450106e-10	4.4755947374174e-09	1.6939283009024e-11	1.6755421632042e-08	-0.00011762456962931	8.6611425063331e-14	0.11545823184185
50.872	9.8104568987873e-11	5.6561153799157e-10	4.4784677445861e-09	1.737642606271e-11	1.6784409616101e-08	-0.00011742984831062	8.6611278894386e-14	0.11545842660815
51	9.8296388318396e-11	5.6744192616584e-10	4.4827561325338e-09	1.7433642257272e-11	1.6795360195979e-08	-0.00011736851821971	8.661123285498e-14	0.11545848795556
51.2	1.0487709367671e-10	6.0132138757149e-10	4.4934918569744e-09	1.8598005512567e-11	1.6923309133917e-08	-0.00011724817307338	8.6611142396434e-14	0.115458608481
51.48	1.086847355479e-10	6.2559964420358e-10	4.4669151231575e-09	1.9327306116205e-11	1.7057173706752e-08	-0.0001170362819768	8.6610983264361e-14	0.1154588205082
51.872	1.1023139235843e-10	6.3891522626109e-10	4.4731279265383e-09	1.9650697281799e-11	1.7168753335703e-08	-0.00011672327008734	8.6610748254575e-14	0.11545913365307
52	1.1043958392792e-10	6.4111067261343e-10	4.4785443713967e-09	1.9695377198528e-11	1.719402032363e-08	-0.00011662546517179	8.6610674830915e-14	0.11545923149112
52.2	1.1439249461535e-10	6.6554512742562e-10	4.4917789228657e-09	2.037239573608e-11	1.7309033803353e-08	-0.00011646036695403	8.661055080862e-14	0.11545939674664
52.48	1.1670073406351e-10	6.8301177687525e-10	4.4673228032233e-09	2.0799165779848e-11	1.7424898303929e-08	-0.00011620930935451	8.6610362309806e-14	0.11545964791585
52.872	1.1770284346975e-10	6.928313624379e-10	4.4753740185043e-09	2.0999189718676e-11	1.7523591042494e-08	-0.00011586697436565	8.6610105313487e-14	0.1154599903686
53	1.178536766729e-10	6.9451116450993e-10	4.4812495074684e-09	2.1029715600701e-11	1.7546614071077e-08	-0.00011576296089708	8.661002723428e-14	0.11546009441283
53.2	1.1970550831316e-10	7.0795810542559e-10	4.4955193113175e-09	2.1349545081242e-11	1.7622105122506e-08	-0.00011559931627155	8.660990434723e-14	0.11546025816283
53.48	1.208136537567e-10	7.1764786330289e-10	4.4714547732916e-09	2.1553505972374e-11	1.769935351708e-08	-0.00011536968306742	8.6609731969893e-14	0.11546048786022
53.872	1.2135496182578e-10	7.2334268407064e-10	4.4794646462553e-09	2.1658665488486e-11	1.7769153560397e-08	-0.00011507109127667	8.6609507832529e-14	0.11546078653616
54	1.2145047465905e-10	7.2437573897933e-10	4.4852780993457e-09	2.1677192721383e-11	1.7786206460856e-08	-0.00011498176900759	8.6609440784762e-14	0.11546087588244
54.2	1.2182621533562e-10	7.2915380750892e-10	4.4995351740292e-09	2.1747937786367e-11	1.7825123278584e-08	-0.00011484729812614	8.6609339830037e-14	0.11546101041172
54.48	1.2207606178745e-10	7.3265666397264e-10	4.4749716530595e-09	2.1793948639926e-11	1.7866247354924e-08	-0.0001146690231137	8.6609206032221e-14	0.11546118870709
54.872	1.2226820154418e-10	7.3496919053885e-10	4.4821290979707e-09	2.182842418407e-11	1.7907010832942e-08	-0.00011444512354626	8.660903797599e-14	0.11546141265712
55	1.2231723920125e-10	7.3544936594211e-10	4.4876706520562e-09	2.1837202856959e-11	1.7917619593269e-08	-0.0001143787995478	8.6608988193147e-14	0.1154614789978
55.2	1.2168828957645e-10	7.3407483805139e-10	4.5014457817723e-09	2.1738301048514e-11	1.7927108946485e-08	-0.00011428305984518	8.6608916333702e-14	0.11546157475867
55.48	1.2134384084109e-10	7.3314031433995e-10	4.4761149682979e-09	2.1675116295304e-11	1.7938679327467e-08	-0.0001141635584366	8.6608826671038e-14	0.11546169424497
55.872	1.2128164264343e-10	7.3296075989745e-10	4.4822350559889e-09	2.16585468678e-11	1.7954464725001e-08	-0.0001140189253136	8.6608718122043e-14	0.11546183889974
56	1.2129408193281e-10	7.3301946155897e-10	4.4874641963739e-09	2.165979613354e-11	1.7959289763142e-08	-0.00011397641282381	8.6608686213118e-14	0.11546188142236
56.2	1.2000385153459e-10	7.2750249179742e-10	4.5006145881999e-09	2.1448988060425e-11	1.7946637344287e-08	-0.00011391871297618	8.6608642921541e-14	0.11546193911569
56.48	1.1926251264689e-10	7.2355473330378e-10	4.4745513150078e-09	2.1312893861567e-11	1.7935670610092e-08	-0.0001138536351028	8.6608594121116e-14	0.11546200415171
56.872	1.1902297872602e-10	7.2164448033783e-10	4.4797349663592e-09	2.1260963868904e-11	1.7931714888044e-08	-0.00011377986381301	8.6608538765919e-14	0.11546207792202
57	1.1900832560173e-10	7.2140229556831e-10	4.4846864473863e-09	2.1256716101406e-11	1.7931840020983e-08	-0.00011375837407735	8.6608522636834e-14	0.11546209941657
57.2	1.1730168153782e-10	7.1322256984174e-10	4.4972247179648e-09	2.0975204726327e-11	1.7903406230994e-08	-0.00011373334351011	8.6608503875992e-14	0.11546212442108
57.48	1.1630738853056e-10	7.0732706237298e-10	4.4705812173883e-09	2.0792611943111e-11	1.7876211435643e-08	-0.00011371344797461	8.6608488996167e-14	0.1154621442557
57.872	1.1595042877437e-10	7.0427733896414e-10	4.4750293185104e-09	2.0717393955054e-11	1.7857650385512e-08	-0.00011369721472925	8.6608476831026e-14	0.11546216047135
58	1.1591692240485e-10	7.0383248582594e-10	4.4797629050461e-09	2.0709363119148e-11	1.7854227889039e-08	-0.0001136926524624	8.6608473407473e-14	0.11546216503444
58.2	1.1396447893426e-10	6.9403785413831e-10	4.4917629191035e-09	2.0385899382884e-11	1.7815146408496e-08	-0.0001136934403888	8.66084740312e-14	0.11546216420737
58.48	1.128193243668e-10	6.8695848020476e-10	4.4647152477e-09	2.0175527442512e-11	1.7776916925904e-08	-0.00011370839345092	8.6608485312197e-14	0.11546214918059
58.872	1.1238958324584e-10	6.8320514483808e-10	4.4686382994362e-09	2.0085951667121e-11	1.774819538615e-08	-0.0001137357856537	8.66085058928e-14	0.11546212175932
59	1.1234381689979e-10	6.8263251830634e-10	4.4732147280928e-09	2.0075486700903e-11	1.7742263854306e-08	-0.00011374397036312	8.6608512036782e-14	0.11546211357262
59.2	1.1026184611229e-10	6.7194490423275e-10	4.484764617973e-09	1.9729698410178e-11	1.7696458524074e-08	-0.00011376390482419	8.6608527034578e-14	0.11546209359079
59.48	1.0903635610787e-10	6.6421243738218e-10	4.4574715978867e-09	1.950447851665e-11	1.7651215796335e-08	-0.00011380416575589	8.6608557313158e-14	0.11546205324814
59.872	1.0856583450664e-10	6.6006453048303e-10	4.4610522438636e-09	1.9406914135322e-11	1.7615885125023e-08	-0.00011386275127151	8.6608601307247e-14	0.11546199462616
60	1.0851276906527e-10	6.5941851572528e-10	4.4655235255153e-09	1.9395019287655e-11	1.7608294103261e-08	-0.00011387999147218	8.6608614247957e-14	0.11546197738213
