# Time [h]	MS [1]	AA [1]	Butyric [1]	MO_AcidoLCFA [1]	MO_Acetic [1]	MO_hydroM [1]	Propionic [1]	Carbondioxide [1]	Carbondioxide_gas [1]	MO_Propionic [1]	MO_acetoM [1]	MO_ButyricValeric [1]	LCFA [1]	MO_AcidoMS [1]	Methane [1]	Methane_gas [1]	MO_AcidoAA [1]	Valeric [1]	Hydrogen [1]	Hydrogen_gas [1]	Acetic [1]	Phi [1]
0.2	7.3741952655805e-07	1.0515073991225e-06	1.6350271899635e-06	0.015449530167455	0.01162846608004	0.036061385047511	5.5420935827681e-06	0.71272483612367	0.56795906847043	0.01277969332069	0.020966827065669	0.022073655410782	1.562388897545e-05	0.078989327882708	0.062047992450143	0.94107551709658	0.011500779667025	5.2169154506544e-07	8.9938274345296e-08	1.3002417974654e-05	0.0013746198979056	0.90939133966721
0.48	6.7173665485584e-07	1.0612228750704e-06	1.3119464791367e-06	0.01544901757548	0.01164223369719	0.036124355344447	6.7077324586345e-06	0.62981166875616	0.9773223829721	0.012779822696424	0.021040875019649	0.022070021352504	3.1806569201274e-05	0.078962779486371	0.063949387411468	0.59019681927801	0.011498750081973	4.7984416889933e-07	8.7976318352062e-08	1.5446768830021e-05	0.001148687094398	0.90937932100581
0.872	6.7302572481933e-07	1.0636772895359e-06	1.2746326741813e-06	0.015453127924576	0.011660773982593	0.036216019354194	7.3771473132743e-06	0.53050216458306	1.0601313600506	0.012780617683826	0.021141723399327	0.022064323233376	5.2648225422637e-05	0.078925118237989	0.063321788883239	0.46839346729144	0.011495862128636	4.7766878060633e-07	9.1308773293857e-08	1.5713640491635e-05	0.00088117451223374	0.90936205427569
1	6.7296994930364e-07	1.0633344098592e-06	1.2735401169425e-06	0.015455710930902	0.011666642003679	0.036246729403568	7.4686560492432e-06	0.49989875319708	0.98870124644727	0.012780949201694	0.021173934037338	0.022062422211143	5.8907096007628e-05	0.078912720513233	0.062816391109697	0.43978192641812	0.011494904887609	4.7771973796682e-07	9.2287887667226e-08	1.5679578359194e-05	0.00080579365676247	0.9093563089086
1.2	4.4133433854043e-07	7.4835492418379e-07	1.0422875303333e-06	0.015461042115902	0.011675533230763	0.036294559465333	7.8231600789651e-06	0.49226656809195	1.1526456721672	0.012781594177392	0.021223022905996	0.022059156061344	8.1530401707838e-05	0.078892815953903	0.063017715572561	0.62896494750347	0.011493091684362	3.9735172054958e-07	9.1060038103452e-08	1.4390599516685e-05	0.00065724863693228	0.90934747179678
1.48	4.3791940285265e-07	6.8272579633956e-07	9.4767620012595e-07	0.015471552146315	0.011687154933653	0.036361425079023	7.9630809535989e-06	0.43385630013293	0.85369399495409	0.012782666243213	0.021288048234917	0.022054137751582	0.00011172050660651	0.078864893231996	0.060631626086743	0.46481077907609	0.011490266621069	3.595969758165e-07	9.0531689835935e-08	1.413343393649e-05	0.00047826571012155	0.90933531891654
1.872	4.3814451526871e-07	6.7570918267308e-07	9.288471896446e-07	0.015492099215046	0.011701138049068	0.036453458229949	7.9952398747463e-06	0.36941414241727	0.74378852102881	0.012784365821721	0.021368600660652	0.022047107057233	0.0001506663545626	0.078826560772844	0.055507638357905	0.45401026551826	0.011486348985922	3.5146201839338e-07	8.7319911601046e-08	1.4000547574802e-05	0.00029011822441487	0.90931906268615
2	4.3819567051503e-07	6.7544884457951e-07	9.2780365147673e-07	0.015500319844563	0.011705094911188	0.036483050849412	7.9950240816465e-06	0.35112530144593	0.7158417554807	0.012784958526375	0.021392094899629	0.02204485900464	0.00016235077205445	0.078814251160795	0.053498789974742	0.45664167333438	0.011485097753434	3.5101538451003e-07	8.6366237158119e-08	1.3967655521486e-05	0.00024338974138874	0.90931396077237
2.2	2.9324560746491e-07	4.7360854117366e-07	6.9396356972827e-07	0.015514673696699	0.011710288918465	0.036526258490648	6.4282608040692e-06	0.34145733151958	0.81225889712306	0.012785697226865	0.021424025197905	0.022041190320627	0.00018744368367599	0.078795336574385	0.050420656225015	0.61899093122717	0.011483028713446	2.6609814977309e-07	7.7015633852535e-08	1.0906382596816e-05	0.00016454556438721	0.90930674465488
2.48	2.9136205294611e-07	4.3286644524116e-07	6.107441420209e-07	0.0155378871124	0.011715197728276	0.036579676497976	5.3337246040056e-06	0.29403569043977	0.63270216878672	0.012786177856252	0.021457295656127	0.022036039053728	0.00022011689822872	0.078770359924597	0.042724730022441	0.47976151513658	0.011480171613574	2.336008932868e-07	6.7085316134987e-08	9.9255404801804e-06	9.3171136865994e-05	0.90929834935236
2.872	2.9166238616205e-07	4.2891450524518e-07	5.9581896923687e-07	0.015575438240143	0.011718330954115	0.036645662402712	4.8811696775418e-06	0.23497799554752	0.54433243920004	0.01278646818608	0.02148588578436	0.02202928195697	0.00026063385988604	0.078737678126692	0.031909265299766	0.45987099615489	0.011476459221092	2.2744763311443e-07	6.0454287879508e-08	9.7410340695732e-06	5.1322898768884e-05	0.90928891889064
3	2.9174917416689e-07	4.288778573303e-07	5.9517817560418e-07	0.015588728603119	0.011718852019972	0.036666445154719	4.8307571091043e-06	0.21869112912169	0.51883148911189	0.012786533709996	0.021492835876766	0.022027133267185	0.0002724682825139	0.078727241084507	0.029124131295358	0.45988209725597	0.011475279910427	2.2718245075368e-07	6.0419957006808e-08	9.7221272707229e-06	4.5320573550926e-05	0.90928607592521
3.2	1.9887085623534e-07	3.0654292515575e-07	4.5131439698683e-07	0.015610410755142	0.011719282259799	0.036697307478687	3.6752027208834e-06	0.20025314643663	0.50973979049249	0.012786361673294	0.021501800809816	0.022023639579133	0.00029338447937196	0.078711002082309	0.026353789415166	0.58833283594187	0.01147335035169	1.7372926910641e-07	5.596038988469e-08	7.5454027360276e-06	3.6097107947184e-05	0.90928198085794
3.48	1.9781802007365e-07	2.8236413592507e-07	4.0150017078207e-07	0.015642357768883	0.011719369330055	0.03673817514041	2.9890466393891e-06	0.16910187961997	0.4144307199172	0.012785511708231	0.021511817412545	0.022018569209668	0.00031971046061945	0.078688591105189	0.022710967377279	0.49011370916276	0.01147058806063	1.5376587619948e-07	5.3908068275723e-08	7.0524279161079e-06	3.0305141333573e-05	0.90927668860238
3.872	1.9819656903048e-07	2.8032088665672e-07	3.930693153756e-07	0.015689244625637	0.011719077980993	0.036794619595325	2.7480453309634e-06	0.13827230349074	0.35364816822447	0.012783845956076	0.021523896244064	0.022011399743588	0.00035083065202493	0.078657361339465	0.019976852484433	0.48686791046315	0.011466715015513	1.5016801755087e-07	5.4046663829371e-08	6.9808052800204e-06	2.8199719068458e-05	0.90926941836869
4	1.983157423545e-07	2.8040592693076e-07	3.9283871623525e-07	0.015704962822041	0.011718948925198	0.036813202588645	2.7249764985901e-06	0.13025898694504	0.33623595972358	0.012783259245942	0.021527698707108	0.022009046404567	0.00035962472820272	0.07864713674066	0.01949629803304	0.49061349551297	0.01146544565369	1.500619357402e-07	5.4367966241725e-08	6.9739142553961e-06	2.8058647567542e-05	0.90926701365666
4.2	1.3880867801177e-07	2.0464311127788e-07	3.0319139893886e-07	0.015729906891869	0.01171871411432	0.036841636316084	2.1035450030412e-06	0.11915831953157	0.30962246617523	0.012782139314666	0.021533451448195	0.022005248117336	0.00037259883797834	0.078631079974164	0.019534969651112	0.5833672370773	0.011463390733734	1.162469876598e-07	5.2529820183968e-08	5.7319912305191e-06	2.6781393444383e-05	0.90926335001244
4.48	1.3828097373216e-07	1.8990944745956e-07	2.727026155713e-07	0.015765464613951	0.011718305483021	0.03688046244935	1.7702886814179e-06	0.10356275527222	0.26363981023484	0.012780199791363	0.021541084841484	0.021999780619047	0.00038814900728952	0.078608668633676	0.018991406763956	0.52260359882942	0.011460457076913	1.0381019467665e-07	5.189474352237e-08	5.4854722669553e-06	2.5877833657716e-05	0.90925835918206
4.872	1.387807053919e-07	1.8899758444918e-07	2.6800530059867e-07	0.015815996837354	0.011717655896506	0.036934503020105	1.6652216473555e-06	0.087732845729676	0.22793890464525	0.012777237988356	0.021551408511788	0.021992067194161	0.00040527207229916	0.078577330388406	0.018591073984997	0.52433709351212	0.011456338700663	1.0173530171802e-07	5.2132651856246e-08	5.4561375820824e-06	2.5633626101382e-05	0.90925139992508
5	1.3894503893716e-07	1.8917539149668e-07	2.6803956981037e-07	0.015832619006819	0.011717436754107	0.036952184226726	1.6566651363551e-06	0.083472655215362	0.21757783349678	0.012776251907711	0.02155475219725	0.021989543776695	0.00040986588428038	0.078567091014603	0.018538078628535	0.52739613010197	0.011454992516689	1.0173387709655e-07	5.2286561674444e-08	5.4541273377251e-06	2.5655640266666e-05	0.90924911787405
5.2	1.012542578192e-07	1.4202282739235e-07	2.1209513971528e-07	0.015858691745897	0.011717079748465	0.036979340074456	1.3226406343284e-06	0.077244511573742	0.20046754699902	0.012774591878141	0.021559879811829	0.021985529466559	0.00041397294067866	0.078551058845956	0.018833380216232	0.58878785184734	0.011452847250317	8.0387910580044e-08	5.1140158046566e-08	4.7012993789855e-06	2.5068640814693e-05	0.9092456285821
5.48	1.0112121673688e-07	1.3303493520707e-07	1.9337585118105e-07	0.015895274402468	0.011716535603982	0.037016547518904	1.1539134102567e-06	0.068830671627783	0.17609491657788	0.012772066980168	0.021566804692161	0.021979827040923	0.00041805221670205	0.078528698264427	0.018660840439657	0.54759017730352	0.011449814691305	7.2642073900526e-08	5.0693676170818e-08	4.5588451488074e-06	2.4631347620152e-05	0.90924087159769
5.872	1.0183925156038e-07	1.3294497932798e-07	1.9110516377621e-07	0.015946307939298	0.011715721156544	0.037067917967779	1.1061386553367e-06	0.060046643861788	0.1552009110978	0.012768420725916	0.021576211047181	0.021971836456799	0.00042110850661944	0.07849752463365	0.018464384523526	0.54855688464734	0.011445577639596	7.1567659648924e-08	5.0695611595599e-08	4.5461492344224e-06	2.4512452553769e-05	0.90923433551054
6	1.0208214130205e-07	1.332343768e-07	1.9137872993126e-07	0.015962893707471	0.011715448146081	0.037084574674909	1.1035977324274e-06	0.057653675329688	0.14915475154954	0.012767224858824	0.021579242157429	0.02196923211717	0.00042162119657127	0.078487369573736	0.018424801894089	0.55039456907953	0.011444197314837	7.1658463560478e-08	5.0734606767912e-08	4.5466419049956e-06	2.4523976545722e-05	0.90923222303854
6.2	7.9070945355243e-08	1.0431377594557e-07	1.571747504797e-07	0.015988668834416	0.011715009110246	0.037110128404843	9.1678731325264e-07	0.054203889493763	0.13973903322025	0.012765291120237	0.021583888128782	0.021965129015192	0.00041782827108708	0.078471519390763	0.018602902870643	0.59246670714871	0.011442020357942	5.841604445692e-08	4.9930479085982e-08	4.0722708549722e-06	2.4188666905404e-05	0.90922900574644
6.48	7.9345160395899e-08	9.9065616877643e-08	1.4608003375477e-07	0.016024329541218	0.011714358444567	0.037144980934334	8.2670425922141e-07	0.049570906246469	0.12608494653866	0.012762482454165	0.021590161937321	0.021959357386329	0.00041194847340976	0.078449466266039	0.018409985261515	0.56231352819176	0.011438966972234	5.3726473867237e-08	4.9500166486349e-08	3.9800860297505e-06	2.3919584896009e-05	0.90922466578932
6.872	8.050837090211e-08	9.9805182111788e-08	1.4577833472678e-07	0.016073103638554	0.011713390851143	0.037192354933287	8.0687107092961e-07	0.04473031935364	0.11416687944955	0.012758519631606	0.02159857787721	0.021951325953123	0.00040319781321768	0.078418866603631	0.018127180888033	0.56203092659883	0.011434725444436	5.3437888740459e-08	4.9280570709541e-08	3.9760939228748e-06	2.3827668710431e-05	0.90921886139311
7	8.091184760696e-08	1.0028537557548e-07	1.4637914682512e-07	0.016088732639783	0.011713064253173	0.037207513064409	8.0791493952228e-07	0.043422884554444	0.11076738461579	0.012757230417542	0.021601253068481	0.021948719509158	0.00040036265669716	0.078408937000015	0.018044764524669	0.56297238871086	0.011433349285184	5.3647952785691e-08	4.9238927194564e-08	3.9785787689973e-06	2.3830094948336e-05	0.90921702708886
7.2	6.8329021493929e-08	8.3430558185492e-08	1.2684501222722e-07	0.01611272995328	0.011712539165544	0.037230599590089	7.0515846646618e-07	0.041676150904227	0.10644160948663	0.012755188456353	0.02160532016979	0.021944644901686	0.00039074187192338	0.078393497769172	0.018085245943173	0.5939596452095	0.011431196543795	4.5816482027093e-08	4.8602452368411e-08	3.6690905087756e-06	2.3645939973504e-05	0.90921427381532
7.48	6.9256871467562e-08	8.0949499234068e-08	1.2126546389342e-07	0.016145289117968	0.011711764888632	0.037261630678967	6.5981110829183e-07	0.039265025798297	0.098687048929425	0.012752295429271	0.021610735769996	0.021938964974107	0.00037774820450313	0.07837211101772	0.017786547692471	0.56978059358921	0.011428200496876	4.3284017370959e-08	4.8116245425639e-08	3.6030395326657e-06	2.3481369069307e-05	0.90921066502685
7.872	7.1466040214339e-08	8.2971804855766e-08	1.233373314725e-07	0.01618848414056	0.01171060286225	0.037302585378858	6.6017456617217e-07	0.036883841251902	0.092567608897904	0.012748278703556	0.021617762434778	0.021931130858663	0.00036100321015339	0.078342655750835	0.017317134604909	0.56822816232941	0.011424072313499	4.3866224506322e-08	4.7698141926821e-08	3.6072633317929e-06	2.3436948910796e-05	0.90920610298249
8	7.2252823383494e-08	8.3861800976351e-08	1.2457456148014e-07	0.016202011745251	0.011710206311162	0.037315385493959	6.6530990968071e-07	0.036276470055045	0.090902745352953	0.012746981926781	0.021619932581695	0.021928603397993	0.00035599955998192	0.078333150867179	0.017165598751407	0.56849051185824	0.011422740627251	4.4295450048711e-08	4.7597326202571e-08	3.6126122425561e-06	2.3450330587415e-05	0.90920472719247
8.2	6.7570192447088e-08	7.5147088056448e-08	1.1541144557124e-07	0.016222378914883	0.011709565665454	0.037334545393609	6.1639999850532e-07	0.035673317483854	0.090116677586454	0.012744956641381	0.021623160727063	0.021924681327794	0.00034337463337639	0.078318445483376	0.017058393291328	0.59354514887656	0.011420673147695	4.0147276989885e-08	4.7043188305617e-08	3.4047838013766e-06	2.3405498024276e-05	0.90920274162954
8.48	6.997995775544e-08	7.5328958388294e-08	1.1483004042609e-07	0.016249140657983	0.011708617988966	0.037359521786352	6.0388516102222e-07	0.034711605270975	0.085958404034262	0.01274213725107	0.021627300448498	0.021919265209714	0.00032704871182198	0.078298207084476	0.016594076900963	0.57187003934376	0.011417820269101	3.941375122628e-08	4.6503390025349e-08	3.3569884215293e-06	2.3380722386086e-05	0.90920032435912
8.872	7.4857844182001e-08	7.9988805068611e-08	1.2115788102916e-07	0.016282910646773	0.011707182239207	0.037390792982992	6.2933463173126e-07	0.034020244607483	0.083937833552562	0.012738276681119	0.021632297430813	0.021911871496476	0.00030717681849421	0.078270595399504	0.015879178069726	0.56893378783249	0.011413927951089	4.1411506711664e-08	4.5984015032211e-08	3.3759814526408e-06	2.3510750871056e-05	0.90919767570039
9	7.66081631957e-08	8.1812970333255e-08	1.2381496476385e-07	0.016293099467096	0.011706689297967	0.037400180388763	6.4186885278177e-07	0.033905312279105	0.083517296342527	0.012737039348436	0.021633751585348	0.02190950143416	0.00030146172061586	0.078261741157256	0.015649337056134	0.56862073511469	0.011412680336942	4.2303499909949e-08	4.5864997443698e-08	3.3866428277247e-06	2.3584966929576e-05	0.90919697536611
9.2	7.7883986376607e-08	7.8259989730729e-08	1.2222914192109e-07	0.016307998636373	0.01170589164226	0.037413809966098	6.3154566661686e-07	0.034111715606597	0.085286923830027	0.012735124127629	0.021635814207633	0.021905844334228	0.00028878018736483	0.078248102881725	0.015413840225064	0.59122816413619	0.011410754250564	4.0658244217421e-08	4.5389795741325e-08	3.2414537397928e-06	2.3732599074136e-05	0.90919608677481
9.48	8.3549258763944e-08	8.1625789783986e-08	1.2740645457024e-07	0.016326745004122	0.011704716611991	0.037430759120333	6.511877607256e-07	0.034117320901027	0.083451405597635	0.012732484542936	0.02163826202437	0.02190082469957	0.000272849016313	0.078229420333663	0.014814798576148	0.56960990722686	0.011408111131698	4.1717243942862e-08	4.4892667683635e-08	3.2130155088743e-06	2.3963264596777e-05	0.90919526563157
9.872	9.3404305132481e-08	9.0492079793888e-08	1.4054552735176e-07	0.016349149632674	0.011702959244576	0.037450676038939	7.1131571416735e-07	0.034523530049315	0.084298192496449	0.012728886419909	0.021640862487701	0.021893994539159	0.00025409996654088	0.078204009193091	0.014003025218556	0.56548394126111	0.01140451605061	4.5753468947857e-08	4.4441499526784e-08	3.249911010566e-06	2.442925973991e-05	0.90919487731072
10	9.663252508623e-08	9.3605278649126e-08	1.4528121106698e-07	0.016355693947605	0.011702363359626	0.037456423601134	7.3401072581904e-07	0.034715079076733	0.084712823276575	0.012727733376899	0.021641548532783	0.021891805014113	0.00024880986635341	0.078195860244091	0.013765173387982	0.56480938902748	0.011403363623671	4.7265902207427e-08	4.4348607453075e-08	3.2649642248881e-06	2.4602592158763e-05	0.9091949018032
10.2	9.9834072759308e-08	9.1493565516167e-08	1.4767914806166e-07	0.016365121510563	0.011701411036244	0.037464600606338	7.472346022251e-07	0.035372415326694	0.087888109415299	0.012725948130589	0.021642457593557	0.021888420778658	0.00023794439523889	0.078183279718372	0.013556473755982	0.58765113898023	0.011401581075588	4.6807278912758e-08	4.3945251236148e-08	3.144414795175e-06	2.4925895070643e-05	0.90919509983957
10.48	1.0751013069078e-07	9.5619818632452e-08	1.5574207472784e-07	0.016376878147725	0.011700040875046	0.037474606564001	7.8495362685365e-07	0.035841210287051	0.087251103805901	0.012723479139177	0.021643443732117	0.021883750526231	0.00022439460548	0.078165944895145	0.013063071368663	0.56501606641163	0.011399120470681	4.8469222377822e-08	4.3493847512288e-08	3.1199516230802e-06	2.5338849324917e-05	0.90919566310649
10.872	1.1754776943936e-07	1.0394990251675e-07	1.6950392387402e-07	0.016391171890967	0.011698066965449	0.037486497604781	8.5066018371329e-07	0.036696239827821	0.089481059126835	0.012720079496964	0.021644395367418	0.021877322689234	0.0002084249397754	0.078142092183378	0.012518010873613	0.56070838673367	0.011395734020578	5.231337640778e-08	4.2990367067508e-08	3.144047113478e-06	2.5861731244697e-05	0.90919687356084
11	1.2025699504264e-07	1.064878189937e-07	1.7375810849921e-07	0.016395458838598	0.011697413477731	0.037490017627419	8.71586154006e-07	0.036993704820327	0.090236506244787	0.012718981172908	0.021644635207004	0.02187524417651	0.00020388931477089	0.078134375799543	0.012379572982859	0.56007287556325	0.011394638847457	5.3574312250552e-08	4.2856921301155e-08	3.1529077975207e-06	2.6011358839556e-05	0.90919734119504
11.2	1.176069721629e-07	1.0075608809182e-07	1.7274928441198e-07	0.016401810805654	0.011696386292889	0.037495172068959	8.7533912391279e-07	0.037757545160549	0.09366030197354	0.012717271677464	0.021644953858729	0.021872010818831	0.00019518697561104	0.078122379376889	0.012350706408356	0.58478744992174	0.011392933499729	5.2068919058524e-08	4.2356352218486e-08	3.0220332352604e-06	2.622498796288e-05	0.90919814010232
11.48	1.2039183766176e-07	9.9752198652835e-08	1.7450971069325e-07	0.016410111429411	0.011694939748149	0.037501801813221	8.8893013652297e-07	0.038288361410706	0.093243022099161	0.012714888463682	0.021645313805629	0.021867507397958	0.00018429134571784	0.078105692874989	0.012094997200901	0.56106205367163	0.011390556714319	5.1588635216269e-08	4.1722258587969e-08	2.9806372326765e-06	2.6403337641743e-05	0.90919937319594
11.872	1.2384154639269e-07	1.0144858344751e-07	1.7860290936369e-07	0.01642090036767	0.01169290401738	0.037510297827948	9.1121085200338e-07	0.039161520321001	0.095708239798283	0.012711572574356	0.021645705396639	0.021861241185466	0.00017138118514395	0.078082487314339	0.011842351447265	0.557075884054	0.011387249154691	5.2176926828249e-08	4.0902880897388e-08	2.978363655972e-06	2.6480456831659e-05	0.90920125341723
12	1.2461827898512e-07	1.0204616718662e-07	1.7982864070334e-07	0.016424282017664	0.011692237823134	0.037512942966893	9.177114702087e-07	0.039448256218708	0.096481035598138	0.012710494223781	0.021645815952939	0.021859202314597	0.00016770303321603	0.078074936296976	0.011783899871538	0.55659194033145	0.011386172874968	5.2436242060984e-08	4.0664399384513e-08	2.9796071318882e-06	2.6476061372251e-05	0.90920189263334
12.2	1.1615984747591e-07	9.314274709928e-08	1.7299401179675e-07	0.016429431487271	0.011691196654864	0.037516933608438	8.9568975643938e-07	0.040151953819568	0.099652425416214	0.012708809436158	0.021645976222488	0.021856019474192	0.00016112828167777	0.078063156236474	0.011875110928463	0.58332930094832	0.011384491371217	4.9360085947181e-08	4.0018093915621e-08	2.8468609130383e-06	2.640951307364e-05	0.9092029187993
12.48	1.1460641919199e-07	8.8258765362573e-08	1.6770400315854e-07	0.016436398283489	0.011689738519092	0.037522257805104	8.7578731040007e-07	0.04055843558937	0.098945586624009	0.012706448443005	0.02164617765296	0.021851567175149	0.00015295020152894	0.078046706104141	0.011735569299209	0.55845672853905	0.011382138280294	4.6850886404334e-08	3.9215211555593e-08	2.8003581541737e-06	2.623304271831e-05	0.90920440492362
12.872	1.1438041894381e-07	8.6147031389478e-08	1.6450458418393e-07	0.016445795009197	0.011687695523426	0.037529351821528	8.6026537700742e-07	0.04125675608438	0.10111698578023	0.012703144081601	0.02164642350605	0.021845344920207	0.00014337455839751	0.078023745941083	0.011589330894556	0.554622905347	0.011378850386295	4.5253524038319e-08	3.8231978248326e-08	2.7890385096286e-06	2.5906322889248e-05	0.90920655343784
13	1.142865683249e-07	8.5820507050898e-08	1.6389051669147e-07	0.016448800956192	0.011687028067281	0.037531607466536	8.5671668373832e-07	0.041484297103145	0.10177121927549	0.012702065887248	0.021646497192025	0.021843315775092	0.00014067207114086	0.078016261362076	0.011555812869125	0.55422975570396	0.011377778313459	4.4955667895531e-08	3.7953374847801e-08	2.7877361239103e-06	2.5793732604729e-05	0.9092072664546
13.2	1.0473120411123e-07	7.7242193695159e-08	1.5499100802335e-07	0.016453432569695	0.011685985054796	0.03753504688189	8.2138679408088e-07	0.042063638029062	0.10451416695903	0.012700378137919	0.021646605084519	0.021840144549496	0.00013608281096666	0.078004573694588	0.011686481899241	0.58256742919596	0.011376102141271	4.1581450404403e-08	3.7303138658618e-08	2.6706166622152e-06	2.5560253619346e-05	0.90920839641937
13.48	1.0215469685502e-07	7.2103023789457e-08	1.4758478816708e-07	0.016459793074004	0.011684523778733	0.037539695276817	7.8742465846392e-07	0.042286928242229	0.10337169878896	0.012698007437795	0.021646738309705	0.021835702691528	0.00013044963578067	0.077988233900662	0.011574235420434	0.55670491748197	0.011373754426409	3.8715688645524e-08	3.6531013918713e-08	2.6299829351346e-06	2.5219664350858e-05	0.90921000874228
13.872	1.011514886184e-07	6.9518979038546e-08	1.425692624628e-07	0.016468508709965	0.011682475243777	0.037545976310966	7.5932754415458e-07	0.042763970651396	0.1050927061242	0.012694681397851	0.021646894074313	0.021829486601265	0.00012397398286331	0.077965401920219	0.011450551685781	0.55293169399132	0.011370470439413	3.6764406191151e-08	3.5642625648143e-08	2.6189668088386e-06	2.4768304317968e-05	0.90921230745245
14	1.0090130984469e-07	6.9074855627745e-08	1.4155926013586e-07	0.016471321038005	0.011681805764358	0.037547989237833	7.5293641727902e-07	0.04292442873507	0.10559574685816	0.012693594731351	0.021646939173886	0.021827458000322	0.00012216915552134	0.077957954720596	0.011422538420662	0.55259861132263	0.01136939897724	3.6384556608815e-08	3.5398204191306e-08	2.617415292058e-06	2.4633045146641e-05	0.90921306499501
14.2	9.2394836106279e-08	6.2277219558221e-08	1.334068611656e-07	0.016475677265035	0.011680759038397	0.037551072480662	7.1742943943485e-07	0.043374600978131	0.10788713991689	0.012691892839771	0.021647001651644	0.021824286910228	0.00011909479493189	0.077946322108417	0.011566729130751	0.58207178095329	0.011367723818823	3.3551000003674e-08	3.4845453656176e-08	2.5160947442375e-06	2.4368879509029e-05	0.90921426002386
14.48	9.0054297019821e-08	5.8204430591257e-08	1.2670127979106e-07	0.016481700986472	0.011679291551984	0.037555265091883	6.8393748743751e-07	0.043431202893517	0.10635878920982	0.012689501230471	0.021647069909215	0.021819844358758	0.00011534856451038	0.077930052473172	0.011461081379918	0.5555239586663	0.011365377568332	3.1174024610213e-08	3.4210121283496e-08	2.4813372289704e-06	2.40230469687e-05	0.90921595520904
14.872	8.9123836771724e-08	5.6156765351829e-08	1.2223753701727e-07	0.016490018106548	0.011677233303991	0.03756097184573	6.570203003588e-07	0.043722214120241	0.10767675791715	0.012686144265898	0.021647134911436	0.021813625265464	0.00011106985175637	0.077907307031539	0.011344868972053	0.55179989223935	0.011362094711289	2.9580953694726e-08	3.3506362115883e-08	2.4719590131866e-06	2.3607137030431e-05	0.90921835768098
15	8.8902319173792e-08	5.5807339853934e-08	1.2135686048498e-07	0.016492713065277	0.011676560540307	0.037562808467895	6.5106728794508e-07	0.04382903879491	0.1080521622731	0.012685047201039	0.021647150716287	0.0218115952394	0.00010987996501567	0.077899885982484	0.011319272320859	0.55151159014853	0.011361023380258	2.9275698725647e-08	3.3315307024524e-08	2.4706223833227e-06	2.3488482013258e-05	0.90921914694566
15.2	8.1711025995056e-08	5.0728335219082e-08	1.1467096367074e-07	0.016496895574526	0.011675508397028	0.037565627288739	6.2052064175239e-07	0.044178115302627	0.1099770149266	0.012683329366716	0.021647166910543	0.021808422224642	0.0001076247181663	0.077888293419045	0.011471177373855	0.58171724358939	0.011359348801546	2.7122688921432e-08	3.285506000677e-08	2.374447551931e-06	2.324344980179e-05	0.90922038948492
15.48	7.9776110529343e-08	4.7723088102056e-08	1.092560498746e-07	0.016502689611577	0.011674032868623	0.03756946747343	5.9223814562637e-07	0.044116042165109	0.10818348527088	0.012680916577423	0.021647169492118	0.021803977985263	0.0001048379112182	0.077872078015579	0.011369210488869	0.55474916678505	0.011357004042349	2.5339908688094e-08	3.2326993181812e-08	2.3407194381145e-06	2.2932961597787e-05	0.9092221480228
15.872	7.9005253499568e-08	4.6224054989061e-08	1.0571218521977e-07	0.016510702698395	0.011671963057778	0.037574703035815	5.6999002386866e-07	0.044284605377363	0.10922921120276	0.012677531399723	0.021647142674006	0.021797757307995	0.00010157363258276	0.077849404992977	0.011256959158829	0.55105774496883	0.011353723507807	2.4161906139116e-08	3.1737380380202e-08	2.3316122681115e-06	2.2567098496639e-05	0.90922463525586
16	7.8820754794084e-08	4.596764662045e-08	1.0501870435131e-07	0.016513300742131	0.011671286500172	0.037576388874081	5.6513559597034e-07	0.044357862004672	0.10952200767513	0.01267642533885	0.021647128619485	0.021795726834541	0.00010064676092008	0.077842007067605	0.011232526286783	0.550797156958	0.011352652929008	2.3937869735054e-08	3.1574745453153e-08	2.330368986917e-06	2.2463106915228e-05	0.90922545165636
16.2	7.2676526342062e-08	4.2164861354034e-08	9.9606356563287e-08	0.016517328292925	0.011670228242763	0.03757897207047	5.3989609130971e-07	0.044643853410879	0.1112066975733	0.01267469429217	0.021647097217056	0.021792553939777	9.8543231317512e-05	0.077830451732735	0.011388352061367	0.58144134247916	0.011350980057555	2.233284528085e-08	3.1138709013044e-08	2.2274035390251e-06	2.2224249416904e-05	0.90922673674107
16.48	7.1037373475005e-08	3.9930647549774e-08	9.5255189310647e-08	0.016522890653902	0.01166874378762	0.037582475554284	5.1674462951178e-07	0.044515108344355	0.10927174091274	0.012672265127	0.021647030739152	0.02178811193474	9.586470926237e-05	0.077814291065098	0.011286718110003	0.55421400613164	0.011348638778746	2.1010332809362e-08	3.0619679227693e-08	2.1895375506921e-06	2.1919011029386e-05	0.90922855653212
16.872	7.0334653567596e-08	3.8796830267982e-08	9.2394303341559e-08	0.016530550092299	0.011666661083817	0.037587220358129	4.9857022327524e-07	0.044624843459498	0.11018903982452	0.012668859923691	0.021646903629157	0.02178189710116	9.2592906225368e-05	0.077791699009557	0.011172686553493	0.5505216666114	0.011345364306642	2.0133077963484e-08	3.0009504552312e-08	2.1789552659737e-06	2.1548610497108e-05	0.9092311337677
17	7.0157437081901e-08	3.8594748606943e-08	9.1822792014628e-08	0.016533026042137	0.011665980245103	0.037588740926757	4.9457110412321e-07	0.044683777717716	0.11044574670752	0.012667747807087	0.021646856060268	0.021779869002114	9.1636927499229e-05	0.077784328536905	0.011147401390307	0.55027044109311	0.011344295907567	1.9963499494806e-08	2.9835215419966e-08	2.177566046135e-06	2.1440534874866e-05	0.90923198060914
17.2	6.4784923734964e-08	3.5670320379663e-08	8.732462824321e-08	0.016536848446856	0.011664915037348	0.037591055449851	4.7346785919445e-07	0.044941928852982	0.11201031818395	0.012666008364159	0.021646770173254	0.021776701001492	8.923858452618e-05	0.077772818940204	0.01130296245606	0.5811833787753	0.011342627115201	1.8743574511476e-08	2.9345078162981e-08	2.0593422869999e-06	2.1174282488219e-05	0.90923331545248
17.48	6.3322242397029e-08	3.3945731548893e-08	8.3699992207534e-08	0.016542086312125	0.011663420250935	0.037594153969882	4.5410149859374e-07	0.044790264406124	0.11003413362367	0.012663569955451	0.021646622162524	0.021772268673492	8.6128177175807e-05	0.077756728841017	0.011196781749728	0.55375719134606	0.011340292994383	1.7734195485991e-08	2.8734304677107e-08	2.0137589934335e-06	2.0826697489582e-05	0.90923521090683
17.872	6.2599279953207e-08	3.3024456795351e-08	8.1245069966776e-08	0.016549224512818	0.011661322150686	0.03759827602608	4.3862306485588e-07	0.04489348783256	0.11094873422169	0.012660155443139	0.021646371913876	0.021766071622012	8.2249044239035e-05	0.077734246733869	0.011073881792658	0.55002208363053	0.011337030557884	1.7047419387976e-08	2.7980888025876e-08	2.0004208482361e-06	2.038903688361e-05	0.90923790547263
18	6.2404485492693e-08	3.2846935602588e-08	8.0730947820917e-08	0.016551516490966	0.011660636090355	0.037599581311727	4.3511955230083e-07	0.044953653289392	0.11120878983267	0.012659040922293	0.021646282249615	0.021764050112424	8.110229878441e-05	0.077726914483786	0.011045495791251	0.54976352918117	0.011335966463113	1.6909044343499e-08	2.7760893659995e-08	1.9986938574979e-06	2.0258122676166e-05	0.90923879304075
18.2	5.7643273270917e-08	3.0526582764522e-08	7.6870894881736e-08	0.016555029086343	0.011659562319651	0.037601540829448	4.1696996262102e-07	0.045211368266544	0.11274548069424	0.012657298875925	0.021646127155287	0.021760893859506	7.8259450118926e-05	0.077715468852304	0.011197083906383	0.58088712623557	0.011334305186254	1.5950877925218e-08	2.7160692586291e-08	1.8620952264484e-06	1.9936308078153e-05	0.90924019532176
18.48	5.6293771508242e-08	2.91407784251e-08	7.3735112808606e-08	0.016559780063146	0.011658054599116	0.037604097053548	4.0020620362285e-07	0.045068520226975	0.11079832871332	0.012654859472255	0.021645874087419	0.021756481339587	7.4568889245721e-05	0.0776994777988	0.011081452471466	0.55324488839987	0.01133198330721	1.5149889535616e-08	2.6391881507136e-08	1.8075924114908e-06	1.9511057827804e-05	0.90924219442187
18.872	5.5514651184025e-08	2.8344282710952e-08	7.1517492619857e-08	0.016566142708052	0.011655936773149	0.037607376622757	3.8641416297987e-07	0.04520307134143	0.11180696855148	0.012651447592784	0.021645462389579	0.021750317380947	6.9976739096129e-05	0.077677150657454	0.010943106792838	0.54942457717505	0.011328740653753	1.4582765973117e-08	2.5423486572083e-08	1.7910399828201e-06	1.8966222730162e-05	0.90924505091424
19	5.5293986092433e-08	2.8176793621775e-08	7.10267826777e-08	0.016568162559868	0.011655243932444	0.037608389699242	3.8317814118123e-07	0.045275586140668	0.11209990658321	0.012650334660343	0.021645317031292	0.021748307695691	6.8623759464589e-05	0.077669872308296	0.01090964164888	0.54914516590306	0.011327683524339	1.4462188579622e-08	2.5139931416069e-08	1.788895538274e-06	1.8801747639062e-05	0.90924599479728
19.2	5.1082600996468e-08	2.6291080306145e-08	6.7648625224583e-08	0.016571223060012	0.011654159008204	0.037609868984888	3.6722751993996e-07	0.045550952159376	0.11366547440578	0.01264859626461	0.021645070359424	0.021745171520167	6.5459250921083e-05	0.077658516014931	0.011054563019605	0.58050754483141	0.011326033985889	1.3686761021352e-08	2.4411658381365e-08	1.6373181457225e-06	1.8413757257673e-05	0.90924748986318
19.48	4.9838117154627e-08	2.5148207493585e-08	6.4884835352322e-08	0.01657528039481	0.011652634385582	0.037611698857776	3.5240258765839e-07	0.045436011723241	0.11178797643438	0.012646164595061	0.021644678628333	0.021740790703646	6.138659662234e-05	0.077642661105483	0.010925512155242	0.55258168023206	0.01132373038092	1.3031552513597e-08	2.3470950533157e-08	1.5756634430742e-06	1.7901454940472e-05	0.90924962982264
19.872	4.902220500269e-08	2.4441939959521e-08	6.2851060113934e-08	0.016580565413163	0.011650490629597	0.037613863982958	3.3987635069146e-07	0.045624079592203	0.11295279610494	0.012642767652606	0.021644054256701	0.021734677027005	5.6390156446306e-05	0.077620543549129	0.010766907416037	0.54864011950666	0.01132051626642	1.2548608872069e-08	2.228634197565e-08	1.5565005331373e-06	1.724649815351e-05	0.90925270319202
20	4.8784192736312e-08	2.4282380712947e-08	6.2380262157827e-08	0.016582212181749	0.011649788851279	0.037614493439025	3.3684713584271e-07	0.045715215659907	0.1132965522554	0.012641660355277	0.021643835653419	0.021732684891337	5.4933735173258e-05	0.077613337430669	0.010727028779227	0.54833076762373	0.011319469026166	1.2440787310299e-08	2.1942305881115e-08	1.5540052151761e-06	1.7049457148951e-05	0.90925372185832
20.2	4.5108231059204e-08	2.2731109500498e-08	5.9416883139296e-08	0.016584663409813	0.011648689292028	0.037615349453921	3.2275760741391e-07	0.04601596246459	0.11490744020689	0.01263993184259	0.021643469447295	0.021729577674132	5.1744283026014e-05	0.077602099112228	0.010864036259493	0.58001663150752	0.011317835750994	1.1801856589326e-08	2.1113709994872e-08	1.3975967545472e-06	1.6607642423886e-05	0.90925533860729
20.48	4.3993893921643e-08	2.1783524725109e-08	5.6993838105474e-08	0.016587812221778	0.011647142706469	0.037616256055875	3.0966135790244e-07	0.0459346415244	0.11311093036146	0.012637516323622	0.021642899305444	0.021725240666345	4.7694497960912e-05	0.077586419752088	0.010719662234232	0.55172026636769	0.01131555658119	1.1259409435277e-08	2.0048672825604e-08	1.333635092995e-06	1.6030710663347e-05	0.90925765923221
20.872	4.3198149292359e-08	2.1166258396101e-08	5.5169143408576e-08	0.016591730109344	0.011644965644986	0.037617039416919	2.9844443217635e-07	0.046180654913754	0.11445207024298	0.012634145590842	0.021642005914234	0.021719193624395	4.2824483325081e-05	0.077564565325363	0.010539717456502	0.54763775995744	0.011312379341492	1.0848640661985e-08	1.8726064406274e-08	1.3135504399955e-06	1.5304902910002e-05	0.90926100358003
21	4.2962754064171e-08	2.102019281026e-08	5.4735216227682e-08	0.016592911810409	0.0116442524755	0.03761719997473	2.9568609156627e-07	0.046291030398457	0.11485046674051	0.012633047510539	0.021641695612402	0.021717224252715	4.1425284057111e-05	0.077557448535059	0.010493401631257	0.54729611432008	0.011311344651156	1.0753899527493e-08	1.8347072053448e-08	1.3109184556206e-06	1.508910225603e-05	0.90926211430424
21.2	3.980689100327e-08	1.9740849273266e-08	5.2163642329222e-08	0.016594618088253	0.01164313448265	0.037617306427089	2.8337040022195e-07	0.046613241117538	0.1164796574859	0.01263133419812	0.021641181761334	0.021714153718495	3.8541666342556e-05	0.077546353533302	0.01062359988557	0.57941353752373	0.011309731568291	1.0224914971731e-08	1.7489030515561e-08	1.1639339273183e-06	1.4628225619139e-05	0.90926387834299
21.48	3.8854580256595e-08	1.896469469074e-08	5.0087866850909e-08	0.016596690946539	0.011641560824429	0.037617133047113	2.7203738545815e-07	0.046557177748043	0.11474710356753	0.01262894151045	0.021640396440069	0.02170987015394	3.4938795242056e-05	0.077530881294285	0.010465853634277	0.55067565405237	0.011307481715705	9.7785777004228e-09	1.640173270625e-08	1.1042090983061e-06	1.4037808427079e-05	0.90926641148506
21.872	3.8144660990907e-08	1.8447796886835e-08	4.8525467653025e-08	0.016599051099298	0.011639343839209	0.037616355099813	2.6237948611729e-07	0.046846747403319	0.11623806707507	0.012625604932207	0.021639188244526	0.021703900994806	3.0705289627525e-05	0.077509326526839	0.010269779323093	0.54645931857312	0.011304347031356	9.4388197473703e-09	1.5082795286085e-08	1.085452403587e-06	1.3314068229701e-05	0.90927006347588
22	3.7934126355332e-08	1.8322906594131e-08	4.8151274630653e-08	0.016599714690852	0.011638617253921	0.037615996609815	2.6000258847767e-07	0.046971035473165	0.11667958584513	0.012624518374828	0.021638772608128	0.021701957592517	2.9508900390608e-05	0.077502309362488	0.010219081391853	0.54609184444638	0.011303326505004	9.3595047215799e-09	1.4710797235069e-08	1.0829765115121e-06	1.3102600294558e-05	0.90927127654231
22.2	3.5256308279078e-08	1.7268606806793e-08	4.5953399407692e-08	0.016600608554708	0.011637477938909	0.037615289398658	2.4943157430362e-07	0.047300017018125	0.11826412915594	0.012622823378689	0.021638092240782	0.021698927946288	2.7165706992228e-05	0.077491370970032	0.010346770706381	0.57873472075104	0.011301735711339	8.922838441783e-09	1.3914532392579e-08	9.5781154744972e-07	1.2669191734047e-05	0.90927320108527
22.48	3.4482825083588e-08	1.6645484922436e-08	4.4226615588309e-08	0.016601547785011	0.011635873909715	0.037613980727641	2.3991115814445e-07	0.04724940192987	0.11655713832957	0.012620456714045	0.021637071584035	0.02169470178025	2.4287854683121e-05	0.077476117759145	0.01018253191554	0.54953034717763	0.011299517102198	8.5614337876045e-09	1.2926043680899e-08	9.0772822654454e-07	1.2127552583234e-05	0.90927595834668
22.872	3.3904248291478e-08	1.6235469066979e-08	4.2960295674518e-08	0.016602336943035	0.011633613882572	0.037611627910571	2.3199493088333e-07	0.047554345133796	0.11813462374826	0.012617156655812	0.0216355325152	0.021688812526409	2.0986198728085e-05	0.077454866991852	0.0099821018227956	0.54521503220406	0.011296425847559	8.2915883405411e-09	1.1761536246338e-08	8.9211079931077e-07	1.1484374698371e-05	0.90927992142654
23	3.3733671978521e-08	1.613655761585e-08	4.266052004434e-08	0.016602491864229	0.011632873189606	0.037610759064204	2.3007450443791e-07	0.047683181308047	0.11859658818577	0.012616081969482	0.021635008876154	0.021686895038789	2.0068815666136e-05	0.077447948341656	0.0099309926025049	0.54483557645433	0.011295419399928	8.2290971629918e-09	1.1438406962587e-08	8.9003227211585e-07	1.1300243379239e-05	0.90928123533099
23.2	3.1444658645324e-08	1.525955572163e-08	4.0884294946864e-08	0.016602605335016	0.011631711989741	0.037609268528072	2.2122374348535e-07	0.047999550907198	0.12006550563446	0.012614405298078	0.021634161607183	0.021683905316243	1.8338929846472e-05	0.077437161480837	0.010062853993918	0.5780495882398	0.011293850266969	7.8755072293112e-09	1.0777903089509e-08	7.924420241361e-07	1.0935756297069e-05	0.90928331464746
23.48	3.0840450577928e-08	1.4765007888846e-08	3.9522655382339e-08	0.016602491962617	0.011630077957779	0.037606902392456	2.1348486753884e-07	0.047932139278837	0.11834257895335	0.012612063525743	0.021632913353077	0.021679733307835	1.6248512309669e-05	0.077422113230788	0.0099020703974658	0.54840931193133	0.011291660984835	7.5896739615733e-09	9.9766138972139e-09	7.541686093555e-07	1.0491310510611e-05	0.90928628086139
23.872	3.0405529932614e-08	1.445494046968e-08	3.8558339349402e-08	0.016601884705373	0.01162777732676	0.037603143397115	2.0729978849882e-07	0.048224142218992	0.11993788183391	0.012608796489215	0.021631068066871	0.021673916183859	1.3902137335408e-05	0.077401135180988	0.0097112217058637	0.54404203217317	0.011288608767927	7.3839360553549e-09	9.0604818677371e-09	7.4235953163497e-07	9.979568854397e-06	0.90929052174368
24	3.0278799701941e-08	1.4381801177053e-08	3.8334528977432e-08	0.01660159987682	0.011627023693374	0.037601830916139	2.0583780207229e-07	0.048348700687366	0.120397576994	0.012607732161894	0.021630447150738	0.021672021441182	1.3260062119987e-05	0.077394302580343	0.0096639266710476	0.54366542024412	0.011287614635364	7.3374015169679e-09	8.8099795651268e-09	7.4077332727857e-07	9.8358834083394e-06	0.90929192327104
24.2	3.3189688938554e-08	1.5037604576689e-08	5.375093170851e-08	0.016601048816082	0.011625853560467	0.037599748748484	2.451338926042e-07	0.048715008367577	0.12226922864981	0.012606080649869	0.021629509095347	0.02166907383547	1.2085273184264e-05	0.077383638441448	0.0098143722053029	0.57759892417032	0.011286062750097	8.4643178284035e-09	8.629884499376e-09	8.359543609582e-07	1.0014992840618e-05	0.90929411911179
24.48	3.335940729294e-08	1.5242550066115e-08	6.1595784596742e-08	0.016600058202801	0.011624231205688	0.037596758755246	2.7144447650237e-07	0.048805141891505	0.12102578514606	0.012603791425355	0.021628263583242	0.021664969303226	1.0686350696354e-05	0.077368728391385	0.0096966105681882	0.54755855876778	0.011283893077025	9.0284679870567e-09	8.2643844910696e-09	8.4832478412239e-07	1.0029114155762e-05	0.90929720753608
24.872	3.3118167521437e-08	1.5202088547394e-08	6.4140272773334e-08	0.016598322233259	0.011621970464533	0.037592349327783	2.8400547075899e-07	0.049402468790464	0.12350629154356	0.012600610785326	0.021626550352347	0.021659246621888	9.1468547474886e-06	0.077347901434441	0.0095714613411679	0.54303754233468	0.011280862609886	9.1864663745111e-09	7.736264502502e-09	8.4515266533414e-07	9.8630263302026e-06	0.90930157462856
25	3.3039476221936e-08	1.5171505610898e-08	6.4331639796011e-08	0.016597689288304	0.011621232684729	0.037590857369558	2.8560301704593e-07	0.049626760912061	0.12423614949847	0.012599575687601	0.021625988447618	0.021657381858915	8.7314007087684e-06	0.077341111791244	0.009542604493227	0.54260579046769	0.01127987468567	9.1899032325435e-09	7.5808020273989e-09	8.4416303454786e-07	9.7958248449658e-06	0.90930301073095
25.2	4.7169748074151e-08	1.9757550982905e-08	6.2292870879291e-08	0.016596627379894	0.011620072372156	0.037588464586181	2.986358647089e-07	0.050071157879285	0.12600827566462	0.012597964512733	0.021625069330172	0.021654471234186	7.9949146762683e-06	0.077330539861727	0.0097132704640178	0.5773571817849	0.011278335996574	9.7895785703623e-09	7.2899907290132e-09	8.1493696849997e-07	9.4184963758016e-06	0.90930526802205
25.48	4.8593223312313e-08	2.1558155264859e-08	6.2001640110437e-08	0.016594996553168	0.011618433044867	0.037584975931428	3.0880292569148e-07	0.0500331784548	0.12409652505427	0.012595722140295	0.021623699657516	0.021650405685667	7.1278756152013e-06	0.077315787124903	0.0095793828398199	0.54627970685662	0.01127619039374	1.0353133665146e-08	6.9154074945774e-09	7.9768226014561e-07	9.0835177276301e-06	0.9093084587941
25.872	4.833453087155e-08	2.1932378371889e-08	6.1748946306289e-08	0.016592486670612	0.011616123562866	0.037579870407028	3.1313695036561e-07	0.050315166428526	0.12571460071514	0.012592598123168	0.021621694379973	0.021644729130801	6.1872182352422e-06	0.077295184779098	0.0094214984614742	0.54173464402598	0.011273195583155	1.0602398362579e-08	6.5004798063136e-09	7.9189122100405e-07	8.7888290857685e-06	0.90931297225329
26	4.8234376720256e-08	2.1931176617896e-08	6.1644398061656e-08	0.016591624544769	0.011615367527585	0.037578161914912	3.134776743137e-07	0.050430418548132	0.12616419237254	0.012591580277146	0.021621026872346	0.021642878288514	5.9358032716401e-06	0.07728846675471	0.0093850272341002	0.54136399671841	0.011272219138469	1.0623118610008e-08	6.3888029420398e-09	7.9097679459208e-07	8.7152960664427e-06	0.90931445436764
26.2	5.8059855251905e-08	2.5403816565385e-08	6.5459131905747e-08	0.016590230468392	0.011614181969402	0.03757546461493	3.298499386581e-07	0.050674499918079	0.12724497825069	0.012589995698954	0.021619960987046	0.021639991856377	5.4928888334709e-06	0.077277993432083	0.0095543511033256	0.57679174044184	0.011270696763566	1.1795907046535e-08	6.2559991579363e-09	8.0560361845083e-07	8.52722612282e-06	0.9093167765385
26.48	5.8958405929705e-08	2.6728141346449e-08	6.7849876940911e-08	0.016588186389661	0.01161251548276	0.0375716257375	3.418220192298e-07	0.050465432103378	0.12509974969076	0.012587789469693	0.021618430722714	0.021635962092377	4.9752905087033e-06	0.077263358366013	0.0094294986876034	0.54558196973737	0.011268570807684	1.2556038970079e-08	6.0565261330357e-09	8.0217297282335e-07	8.3571692096278e-06	0.90932004195131
26.872	5.8723239537572e-08	2.697933235935e-08	6.8565144376069e-08	0.016585181595044	0.011610176213788	0.03756613316723	3.4726622769259e-07	0.050606881932369	0.12643482478119	0.012584713596516	0.021616247830232	0.021630333050267	4.4187578088448e-06	0.07724289922967	0.0092947372894731	0.54116671693639	0.011265599997675	1.2846207840647e-08	5.8188596587113e-09	7.9931802192209e-07	8.1968426461272e-06	0.90932463822455
27	5.8640583724383e-08	2.6972189174906e-08	6.858514309811e-08	0.016584173808325	0.011609411512435	0.037564315955111	3.4785068754124e-07	0.050686967036832	0.1267981741626	0.012583710983273	0.021615528733896	0.021628496958167	4.2708687334602e-06	0.077236224442877	0.0092658970244119	0.54084178356892	0.011264630848467	1.2870702341719e-08	5.7530947486182e-09	7.9870066154297e-07	8.1550201544829e-06	0.90932614373123
27.2	6.4043748030081e-08	2.8895894412558e-08	7.3285516454251e-08	0.016582569450959	0.011608216067555	0.03756147438997	3.6941097986966e-07	0.050879054175473	0.12772004816932	0.012582150818489	0.021614401507447	0.021625632661594	4.0088819733374e-06	0.077225806459732	0.0094494139947771	0.57654640649011	0.011263118153322	1.3755907298267e-08	5.729435872749e-09	8.3620490799257e-07	8.1157173472224e-06	0.90932849717416
27.48	6.4502799054766e-08	2.9611849431497e-08	7.5849507876843e-08	0.016580265105955	0.011606542320353	0.037557485507767	3.8418501196516e-07	0.050646750041624	0.12558533537683	0.012579979155268	0.02161282060186	0.021621630976619	3.7036539712869e-06	0.077211233331327	0.0093450806942967	0.5453040549156	0.011261002894944	1.4280558668869e-08	5.6487869682703e-09	8.4078201658258e-07	8.0671724918868e-06	0.90933179543203
27.872	6.435431555757e-08	2.9736076622939e-08	7.6652006046751e-08	0.016576950088334	0.011604198843051	0.037551851245215	3.9121949783748e-07	0.050791333202226	0.12695493983099	0.012576950745664	0.021610600394955	0.02161603699765	3.3764728716928e-06	0.077190846572712	0.0092350881883647	0.54092454283683	0.011258044447235	1.446874394037e-08	5.5272454143506e-09	8.3984344882201e-07	8.0010911621518e-06	0.90933642341496
28	6.4304594133889e-08	2.9729079530181e-08	7.6702412196793e-08	0.016575851206631	0.011603433488981	0.03754999919969	3.9212569893779e-07	0.050874588789527	0.12732767754477	0.012575963375806	0.021609873426548	0.02161421167369	3.2896826554958e-06	0.077184193149321	0.0092128207310574	0.54060882345275	0.011257078969377	1.4483899703261e-08	5.4911001929814e-09	8.3946543916397e-07	7.9809571776327e-06	0.90933793692088
28.2	6.6950672705921e-08	3.0683670253312e-08	7.9323274622206e-08	0.01657411582503	0.011602237573826	0.037547105429629	4.0698188136904e-07	0.051071762926904	0.1282621222872	0.012574425118546	0.021608736745097	0.021611362283362	3.1325028996238e-06	0.0771738032673	0.0094058133375426	0.57647521491172	0.011255571278453	1.495768103524e-08	5.4811579338903e-09	8.6234839262478e-07	7.964992110731e-06	0.90934030215068
28.48	6.7161344498495e-08	3.1032643025066e-08	8.0719810032523e-08	0.016571650051489	0.011600563618891	0.037543049184447	4.1698223403268e-07	0.050839486929026	0.12611226597491	0.012572280088859	0.021607145400972	0.021607377967884	2.9491317868823e-06	0.077159264604223	0.0093099108271655	0.54511347257491	0.011253461941352	1.5231130286526e-08	5.4357480759163e-09	8.6502231085345e-07	7.9409542942292e-06	0.90934361513871
28.872	6.7077622410101e-08	3.1087924071161e-08	8.1146773091244e-08	0.016568142720335	0.011598220280677	0.037537341083589	4.2174478510202e-07	0.050981584978311	0.12748240933935	0.012569285061267	0.021604914428783	0.021601805111622	2.7520281460617e-06	0.077138921272603	0.009207756709845	0.54072481104913	0.011250510757503	1.532578874175e-08	5.363795854053e-09	8.6439725899488e-07	7.9038917864271e-06	0.90934825911259
29	6.7050613617505e-08	3.1082992640148e-08	8.1172094502677e-08	0.016566987263681	0.011597455068341	0.037535469714456	4.2236900395649e-07	0.051063414608666	0.12785282783888	0.012568308111642	0.021604184798017	0.021599986264807	2.6996233750328e-06	0.077132281054633	0.0091875189667138	0.54041135663759	0.01124954748901	1.5332840199759e-08	5.3420531166705e-09	8.6414201644356e-07	7.8921783924401e-06	0.90934977682964
29.2	6.7921227648426e-08	3.1414085246839e-08	8.2250310598706e-08	0.016565170298458	0.011596259363258	0.037532543056352	4.2988652276661e-07	0.051256137820388	0.12876866964903	0.012566784115036	0.021603043788633	0.021597145768506	2.601202368803e-06	0.077121909055481	0.0093839466574137	0.57642516047149	0.011248042874648	1.5528923183373e-08	5.3259012823777e-09	8.7252614922032e-07	7.8782542492019e-06	0.90935214889723
29.48	6.7973628820833e-08	3.1529136330489e-08	8.2800887498685e-08	0.01656260340528	0.011594585397612	0.037528437409321	4.348386354893e-07	0.051011746200089	0.12657874436754	0.012564655130411	0.021601444910212	0.021593171743481	2.485798390953e-06	0.077107393449888	0.0092900530924289	0.54494757683223	0.011245937315103	1.5636014955809e-08	5.2909142679889e-09	8.7270200967514e-07	7.8591452074051e-06	0.90935547153287
29.872	6.7926317715399e-08	3.1539569215384e-08	8.2952804289854e-08	0.016558974209142	0.011592241751514	0.0375226665928	4.3714094994444e-07	0.051137485990654	0.12791532859455	0.012561679072112	0.021599202715801	0.021587611446307	2.3608201732267e-06	0.077087080459908	0.0091897366927555	0.54055199307415	0.011242990931837	1.5669228298804e-08	5.2417346658652e-09	8.7207624686305e-07	7.8329010452664e-06	0.909360127243
30	6.791215636618e-08	3.1535417654047e-08	8.2957568494939e-08	0.016557782564559	0.011591476433614	0.037520776959138	4.3743216507589e-07	0.051214135548345	0.12827384016981	0.01256070791966	0.021598469591465	0.021585796466227	2.3274106846217e-06	0.077080449676978	0.0091700821104572	0.54024196022194	0.011242029149204	1.567083645538e-08	5.2272635855823e-09	8.7188548816073e-07	7.8249457122603e-06	0.90936164830357
30.2	6.7640475843757e-08	3.1464631234418e-08	8.302973271308e-08	0.016555913039907	0.01159028049279	0.037517818906769	4.3953426280995e-07	0.05139574442159	0.12914600261398	0.012559191503914	0.021597322639525	0.021582961260884	2.2619992272356e-06	0.077070090827388	0.0093679666421484	0.57637517743091	0.011240526640585	1.5687453819259e-08	5.2027462302176e-09	8.6996082202267e-07	7.8092633247763e-06	0.90936402595491
30.48	6.7588500867093e-08	3.1428420294807e-08	8.3029081842132e-08	0.016553280238218	0.01158860589459	0.037513665235091	4.407786668122e-07	0.051134796147775	0.12691328391489	0.012557070324323	0.021595713859178	0.02157899332702	2.1847712223476e-06	0.077055592676239	0.0092744536149357	0.54481415667606	0.011238423734226	1.5687096747839e-08	5.1703990617255e-09	8.6827148384691e-07	7.7903602074117e-06	0.90936735678719
30.872	6.7559126224815e-08	3.1407956524276e-08	8.2998041086739e-08	0.016549570252902	0.011586261060616	0.037507829227853	4.4125341582702e-07	0.051240720270114	0.12820619506778	0.012554102745598	0.021593456679458	0.021573440468326	2.1003466044373e-06	0.077035303243661	0.0091745025742434	0.54041846710696	0.01123548080578	1.5680022263814e-08	5.1323163624273e-09	8.6758717021305e-07	7.7684545741472e-06	0.90937202321787
31	6.7551597795931e-08	3.1403592073614e-08	8.2987784190042e-08	0.016548354327352	0.011585495336452	0.037505919424228	4.4128986859776e-07	0.05131145626507	0.12855042735128	0.012553134090721	0.021592718677316	0.02157162778201	2.0776316992423e-06	0.077028679904515	0.009155041821647	0.54011262938883	0.01123452010686	1.5677837755038e-08	5.1216740734315e-09	8.6743036060782e-07	7.7622823305527e-06	0.90937354752292
31.2	6.6553966078253e-08	3.1076640001992e-08	8.2415840903716e-08	0.016546449236004	0.011584298699509	0.037502927713716	4.3978256570157e-07	0.051480538590364	0.12937179744315	0.012551620598604	0.021591563695711	0.021568795695097	2.0313897826994e-06	0.077018331727502	0.0093536507752206	0.57632658164594	0.011233019161863	1.5579594846404e-08	5.0904654956381e-09	8.587631861227e-07	7.7444592063283e-06	0.90937593053016
31.48	6.6433541851715e-08	3.0943348678673e-08	8.2061353122438e-08	0.016543771261735	0.011582622906775	0.037498723810027	4.3855579930023e-07	0.051204015200138	0.12710448472905	0.012549501662895	0.02158994249929	0.021564831311028	1.9764326688947e-06	0.07700384800012	0.0092601842516031	0.54471800575294	0.011230918269812	1.5510323904339e-08	5.0584684852675e-09	8.558426631639e-07	7.7246573410946e-06	0.90937926919468
31.872	6.6412244706928e-08	3.0901790607497e-08	8.1910134504855e-08	0.016540004965835	0.011580276179263	0.037492818202886	4.3780115309039e-07	0.051291961826572	0.12835640804131	0.012546535626866	0.021587667042703	0.021559282756796	1.9158325999259e-06	0.076983578302483	0.0091602993890141	0.54032686971334	0.011227978011065	1.5476932423232e-08	5.0262540392379e-09	8.5510549491128e-07	7.7045516751428e-06	0.90938394621703
32	6.6407975135838e-08	3.0896839362336e-08	8.1889164692899e-08	0.016538771926181	0.011579509821328	0.037490886301907	4.3766282021723e-07	0.051357431152404	0.12868759390486	0.012545567299966	0.021586923058056	0.021557471394086	1.8994335920741e-06	0.076976961263762	0.009140927573793	0.54002510361055	0.011227018157749	1.5472120387293e-08	5.0177635133063e-09	8.54967455606e-07	7.6992747057636e-06	0.90938547383321
32.2	6.495997661188e-08	3.0410315263591e-08	8.0912900120786e-08	0.016536841562007	0.011578312150885	0.037487858657469	4.3385022568045e-07	0.051515039812324	0.12946053912953	0.012544053694855	0.021585758445555	0.021554641085681	1.8648650547883e-06	0.07696662234742	0.0093398951160196	0.57628158868618	0.011225518454801	1.5301693629387e-08	4.9820514490366e-09	8.4207078966454e-07	7.6797780982131e-06	0.909387862204
32.48	6.4796025976703e-08	3.0216186067045e-08	8.0335893589016e-08	0.016534131098566	0.011576634766438	0.037483602429762	4.3104582579135e-07	0.051225930051941	0.12716978369087	0.012541933423873	0.021584122991069	0.021550678683331	1.8235556270191e-06	0.076952151275237	0.0092464667426129	0.54465656669948	0.011223419194488	1.5189070615054e-08	4.9500017425629e-09	8.3838580059399e-07	7.6591004063666e-06	0.90939120859765
32.872	6.477820707502e-08	3.0160808349054e-08	8.0107768089172e-08	0.016530323681387	0.011574285667271	0.037477623993529	4.2950174366478e-07	0.051299476694324	0.12838797265045	0.012538964503916	0.021581826987021	0.021545132488263	1.7776788690151e-06	0.076931899009906	0.009146653988689	0.54027261997756	0.01122048112673	1.5138897331973e-08	4.9212619003573e-09	8.3761515229164e-07	7.6398483088719e-06	0.90939589621065
33	6.4775524150539e-08	3.015527986352e-08	8.0079549231604e-08	0.016529078020508	0.011573518524974	0.037475668710077	4.2924977330904e-07	0.051360748436195	0.12870855143894	0.012537995123884	0.021581076282658	0.021543321844273	1.7652052919838e-06	0.07692528757191	0.0091273485637329	0.53997437620922	0.011219521972279	1.5132339783322e-08	4.9140797177621e-09	8.3748874047241e-07	7.6350662552211e-06	0.90939742719166
33.2	6.3059954270895e-08	2.9573371047973e-08	7.8858120573133e-08	0.016527128872451	0.011572319601619	0.037472603696567	4.2401736439189e-07	0.051508737293799	0.12943893635932	0.012536479484489	0.021579900994966	0.021540492481175	1.7380260360513e-06	0.076914957055274	0.0093264522401901	0.5762410375007	0.011218023313243	1.4918046840911e-08	4.8757026554306e-09	8.2204825809205e-07	7.6145005653798e-06	0.90939982092952
33.48	6.2869852884237e-08	2.9342776228863e-08	7.8146352656504e-08	0.016524393970195	0.011570640374593	0.037468293999719	4.2024442509461e-07	0.05121033824731	0.1271352435558	0.012534355637892	0.021578250126632	0.021536531090267	1.7053969850264e-06	0.076900497544678	0.0092331243250859	0.54462394915789	0.011215925448277	1.4779142904107e-08	4.8437486223727e-09	8.1791662952768e-07	7.5932749711507e-06	0.90940317495493
33.872	6.2853642875082e-08	2.9278934747134e-08	7.7871290151641e-08	0.016520555156728	0.011568288611651	0.037462241110492	4.1821551551995e-07	0.051273179046086	0.12832758655977	0.012531381085998	0.021575932210196	0.021530986051883	1.6689386978212e-06	0.076880261261979	0.0091334521501252	0.54024854455819	0.011212989273346	1.4718747181071e-08	4.8172997655842e-09	8.1713123568781e-07	7.5745593323657e-06	0.90940787308236
34	6.2851772106451e-08	2.927299636739e-08	7.7838529994146e-08	0.016519299766778	0.01156752059437	0.037460261789829	4.1789348514604e-07	0.051331321741332	0.12864009127816	0.012530409798018	0.021575174350589	0.021529175752559	1.6589851251778e-06	0.076873654980576	0.0091142121554069	0.53995316905862	0.011212030725972	1.4711106371001e-08	4.8109669325686e-09	8.1701321705238e-07	7.5700866597405e-06	0.90940940743348
34.2	6.0989774159974e-08	2.8638319611784e-08	7.6477562645303e-08	0.016517336021426	0.011566320288455	0.03745715878661	4.1183191808091e-07	0.051471588639831	0.12933436156407	0.012528890945427	0.021573987787059	0.02152634682309	1.636573598643e-06	0.076863332318871	0.0093133009669816	0.57620482321646	0.011210532987395	1.4471746253977e-08	4.7712685491163e-09	8.0014489567934e-07	7.5489753441568e-06	0.90941180648885
34.48	6.078551197212e-08	2.8387611596526e-08	7.5689633289441e-08	0.016514581884394	0.011564639076915	0.037452795357247	4.0749814025833e-07	0.051166826821293	0.12702636578902	0.01252676217031	0.021572320880317	0.021522385855141	1.6095575184423e-06	0.076848883674474	0.0092201339530465	0.5446136627496	0.011208436371114	1.4317960356602e-08	4.7396417444019e-09	7.9577820199227e-07	7.5275457041577e-06	0.90941516800214
34.872	6.0770292565682e-08	2.8319145815891e-08	7.5388221773703e-08	0.016510717971251	0.01156228449283	0.037446667671844	4.0519074412734e-07	0.051222160084692	0.12819984356426	0.01252378034928	0.021569980358368	0.021516841250607	1.5792031343451e-06	0.076828662447226	0.0091206645233673	0.54024740320494	0.011205501904298	1.4251827321044e-08	4.7148261030147e-09	7.9499283260891e-07	7.5092797952587e-06	0.90941987647437
35	6.0768893975455e-08	2.8312993654427e-08	7.535293867855e-08	0.016509454725615	0.011561515552614	0.037444664125099	4.0482879473857e-07	0.051278087064108	0.12850647680025	0.012522806646844	0.021569215125703	0.021515031071954	1.5708846284378e-06	0.076822061037958	0.0091014922494864	0.53995428697258	0.011204543907226	1.4243584851248e-08	4.7090693403171e-09	7.9488176415651e-07	7.5050252147326e-06	0.90942141415911
35.2	5.8840392926249e-08	2.7653719019964e-08	7.3922289253902e-08	0.01650747909404	0.011560313797759	0.037441523107919	3.9832887413535e-07	0.051412284965015	0.12917046480207	0.012521283893133	0.021568017002316	0.021512202273852	1.5515660388079e-06	0.076811745883912	0.0093004594235238	0.57617241587692	0.011203047013408	1.3991598670321e-08	4.6689752142014e-09	7.7732331117923e-07	7.4837685151889e-06	0.90942381843562
35.48	5.863010740213e-08	2.7393789396474e-08	7.3097119780448e-08	0.016504709088693	0.011558630535986	0.037437106318906	3.9370449079147e-07	0.051103519155956	0.12686475945784	0.012519149422626	0.021566333808216	0.02150824138959	1.5281931900122e-06	0.076797307662253	0.0092074967112857	0.54461986752455	0.011200951556862	1.3830504936678e-08	4.6378685804596e-09	7.7286204360298e-07	7.4624152740664e-06	0.90942718725111
35.872	5.861576513601e-08	2.7323372607934e-08	7.2783306386346e-08	0.016500824141451	0.011556273066886	0.037430904383128	3.9125644119631e-07	0.051153892459111	0.12802500820361	0.012516159428044	0.021563970456615	0.02150269681018	1.5018023287337e-06	0.076777100898785	0.0091082737934945	0.54026293557821	0.011198018687027	1.3761664535602e-08	4.6142904863196e-09	7.7208758343896e-07	7.4445928857876e-06	0.90943190582768
36	5.861469650734e-08	2.7317176754375e-08	7.2746940697161e-08	0.016499554247813	0.011555503185232	0.037428876738697	3.9087498576589e-07	0.051208326619796	0.12832753216989	0.01251518303434	0.021563197783835	0.021500886626639	1.4945456871037e-06	0.076770504180356	0.0090891708591692	0.53997156986598	0.011197061206281	1.3753159097116e-08	4.6089390863614e-09	7.719828131633e-07	7.4405093368954e-06	0.90943344677977
36.2	5.6671931442881e-08	2.6651756602453e-08	7.12924606398e-08	0.016497568476809	0.011554299958576	0.037425698088825	3.8419317470825e-07	0.051337788960234	0.12896608595915	0.012513656014976	0.021561988035128	0.021498057794867	1.477248169568e-06	0.076760196313552	0.0092879419681788	0.57614318122859	0.01119556511256	1.349672075336e-08	4.5690743925225e-09	7.5422188683214e-07	7.4193990956423e-06	0.90943585614748
36.48	5.6461035439291e-08	2.6389773241625e-08	7.0455651879291e-08	0.016494784772138	0.011552614633196	0.037421228747052	3.7945548973755e-07	0.051026816184778	0.12666745417935	0.012511515467254	0.021560288563946	0.021494096817838	1.4562579784597e-06	0.07674576823252	0.0091952121238386	0.5446377974637	0.011193470764159	1.3333304992581e-08	4.5386348805547e-09	7.4975961291339e-07	7.3983341652608e-06	0.90943923204855
36.872	5.6447626049245e-08	2.6319215078093e-08	7.0138725839384e-08	0.016490881411268	0.011550254279469	0.037414953714878	3.7695757699642e-07	0.051074158389489	0.12781878733227	0.012508516875	0.021557902482668	0.021488552059409	1.4324627149937e-06	0.076725575555231	0.0090962649811293	0.54029015116411	0.011190539427586	1.3263772423033e-08	4.5160579509475e-09	7.490038897968e-07	7.3809786173975e-06	0.90944396043707
37	5.6446831238414e-08	2.6313104912021e-08	7.0102268480842e-08	0.016489605648471	0.011549483458134	0.037412902318598	3.7657017216352e-07	0.051127645080559	0.12811854277026	0.01250753766358	0.021557122406995	0.021486741809407	1.425902206099e-06	0.076718983411819	0.0090772324726427	0.54000013716808	0.011189582443829	1.3255235039354e-08	4.5110065300804e-09	7.489051057203e-07	7.3770426032875e-06	0.90944550456872
37.2	5.4523407661139e-08	2.5653443524664e-08	6.8653664658861e-08	0.016487610867109	0.0115482787667	0.037409686697757	3.6987278460986e-07	0.051253400563399	0.1287355152948	0.012506006225206	0.021555901118721	0.021483912867746	1.4099619364049e-06	0.076708682690881	0.0092757582761675	0.57611653957851	0.011188087125302	1.2999647651579e-08	4.4717931869817e-09	7.3126252569425e-07	7.3562876383626e-06	0.90944791887252
37.48	5.4315414198811e-08	2.5394040538884e-08	6.7821803219713e-08	0.016484814873021	0.011546591400309	0.037405165916121	3.651365163323e-07	0.050941535850116	0.12644727239495	0.012503859468726	0.021554185560703	0.021479951726063	1.3905770062427e-06	0.076694264567596	0.0091832800786264	0.54466378929606	0.011185993856952	1.2837143857309e-08	4.4421361068165e-09	7.2686144257113e-07	7.3356675232034e-06	0.90945130161753
37.872	5.4303026411942e-08	2.5324530665841e-08	6.7507823989417e-08	0.016480894817367	0.011544228206647	0.037398819375726	3.626475140877e-07	0.0509872537394	0.12759286729572	0.012500852165576	0.021551777076031	0.021474406714917	1.3685393363177e-06	0.076674085728894	0.0090846288782355	0.54032527512999	0.011183064019395	1.2768233110918e-08	4.4204313319258e-09	7.2612997086001e-07	7.3188136296019e-06	0.9094560394838
38	5.4302484958825e-08	2.5318597050973e-08	6.747193404799e-08	0.016479613699907	0.011543456461375	0.037396744728946	3.6226296918262e-07	0.051040189814809	0.12789083755243	0.012499870107144	0.02155098970769	0.021472596377523	1.3624520551191e-06	0.076667498083949	0.0090656679009383	0.54003631365808	0.011182107522313	1.2759816694885e-08	4.4156186485749e-09	7.2603699799661e-07	7.3150153983306e-06	0.90945758669029
38.2	5.2419486037544e-08	2.4672193257291e-08	6.6048063057364e-08	0.016477610660028	0.01154225033279	0.037393493002555	3.5565591653169e-07	0.051163009169099	0.12848921518287	0.012498334232267	0.021549757071473	0.021469767305755	1.3474801189167e-06	0.0766572044132	0.0092639184096232	0.57609202363607	0.011180612966083	1.2508453032412e-08	4.3773411897946e-09	7.0872078214187e-07	7.2947628100313e-06	0.90946000575417
38.48	5.221660084577e-08	2.4418288749706e-08	6.5231652708778e-08	0.016474803329894	0.011540560972747	0.037388922121433	3.5099377400243e-07	0.050851182704315	0.12621354633904	0.012496181295353	0.021548025743117	0.021465805992674	1.329248273812e-06	0.076642796121061	0.0091717044558065	0.54469514481788	0.011178520763695	1.2348912546263e-08	4.3485593053648e-09	7.0442161555057e-07	7.2747013225744e-06	0.90946339507911
38.872	5.2205306828956e-08	2.4350581673585e-08	6.4924463576188e-08	0.016470867767874	0.011538195014336	0.037382505983841	3.4855081951706e-07	0.050896269829834	0.12735566988262	0.012493165365479	0.021545595340398	0.021460260735593	1.3084858002422e-06	0.076622630946114	0.0090733635343168	0.54036556006795	0.011175592408204	1.2281457431369e-08	4.3276676798491e-09	7.0371811766035e-07	7.2583863258063e-06	0.909468142053
39	5.2205011371747e-08	2.4344884181639e-08	6.4889562858495e-08	0.016469581657249	0.011537422370501	0.037380408702566	3.4817469796026e-07	0.050948935227601	0.12765255424742	0.012492180492272	0.021544800840902	0.021458450314844	1.3027443976133e-06	0.076616047744721	0.0090544753235396	0.54007743394278	0.011174636392733	1.2273259641041e-08	4.3230613969434e-09	7.0363082064635e-07	7.2547239174192e-06	0.90946969221567
39.2	5.037514723754e-08	2.3716287315593e-08	6.3502016369098e-08	0.016467570894929	0.011536214846511	0.037377121888094	3.417235536246e-07	0.051069384505064	0.12823462354163	0.012490640248922	0.021543557122541	0.021455621126798	1.288528076685e-06	0.076605761051985	0.009252434454692	0.57606928244791	0.011173142592723	1.2028199061434e-08	4.2859083280891e-09	6.8677194083784e-07	7.2350743236644e-06	0.9094721158458
39.48	5.0178687178259e-08	2.3469645129236e-08	6.2707477520306e-08	0.016464752925735	0.011534523557027	0.037372502419799	3.3718017965928e-07	0.050758233069918	0.12597287535686	0.012488481259451	0.021541810428436	0.021451659674507	1.27120428858e-06	0.076591362492644	0.009160492992892	0.54472994114641	0.011171051449958	1.187287880579e-08	4.2580739063519e-09	6.8260041029166e-07	7.2156514581034e-06	0.90947551146675
39.872	5.016852767616e-08	2.3404194736833e-08	6.2409415350164e-08	0.01646080275549	0.011532154929671	0.037366018835704	3.3480588936729e-07	0.050803369662826	0.12711309715455	0.012485456908931	0.021539358703266	0.021446114225845	1.2514589611291e-06	0.076571210842947	0.0090624721975092	0.54040906631356	0.011168124569007	1.1807387144011e-08	4.2379762619846e-09	6.8192718166518e-07	7.1999086256509e-06	0.90948026714802
40	5.016847366536e-08	2.3398769100605e-08	6.2375759280925e-08	0.016459511931061	0.01153138141913	0.037363899619541	3.3444155671042e-07	0.050855956021859	0.12740937878191	0.012484469291073	0.021538557269479	0.021444303740482	1.2459959371641e-06	0.076564632040793	0.0090436578941752	0.54012162183586	0.011167169032913	1.1799467190114e-08	4.233561266979e-09	6.8184541655058e-07	7.1963837099661e-06	0.90948182013708
40.2	4.8398901319101e-08	2.2790569136448e-08	6.1031296403883e-08	0.016457493868102	0.011530172550904	0.037360578845535	3.2818510783802e-07	0.050974445733566	0.12797688704245	0.012482924799448	0.021537302785502	0.021441474469741	1.2324269641566e-06	0.076554352263944	0.0092413189323364	0.57604806214087	0.011165675986603	1.1561927882092e-08	4.1976512272833e-09	6.6552205928234e-07	7.1774020399529e-06	0.90948424812512
40.48	4.8209585906423e-08	2.2552183574752e-08	6.0262328861343e-08	0.016454665823708	0.011528479407276	0.037355912427105	3.237865192953e-07	0.05066439008254	0.12572980288744	0.012480759945045	0.021535541189658	0.021437512932484	1.2158877670708e-06	0.076539963350752	0.0091496546524573	0.54476684397442	0.011163585901008	1.1411555047182e-08	4.1708153058668e-09	6.6149329827103e-07	7.1586701372429e-06	0.90948764974203
40.872	4.8200568790617e-08	2.248923872846e-08	5.9974716212664e-08	0.016450701796714	0.011526108220101	0.037349363715363	3.2149384146229e-07	0.050710026633026	0.12686917685599	0.012477727452218	0.021533068810633	0.021431967373182	1.1970312850111e-06	0.076519825103162	0.0090519597742664	0.54045445832926	0.011160660491731	1.1348315373583e-08	4.1515097676134e-09	6.6085149543729e-07	7.1435243860614e-06	0.90949241370753
41	4.8200749897682e-08	2.2484103107013e-08	5.9942445148511e-08	0.016449406497165	0.011525333878855	0.037347223321227	3.2114318874891e-07	0.050762661064176	0.12716517995276	0.012476737182196	0.021532260662555	0.02143015685014	1.1918133859234e-06	0.076513250660339	0.0090332201307731	0.54016758875004	0.011159705434175	1.1340706047873e-08	4.1472797475862e-09	6.6077508799494e-07	7.1401394313159e-06	0.90949396938508
41.2	4.6494983326825e-08	2.1897601857573e-08	5.8644639467982e-08	0.016447381499537	0.011524123723506	0.037343869791284	3.1510257940967e-07	0.050879487256308	0.12771947212822	0.012475188592834	0.021530995762195	0.02142732754105	1.1788393817026e-06	0.076502977740169	0.0092305822141452	0.57602818095739	0.011158213140694	1.1111337864472e-08	4.1126793280782e-09	6.4502946250135e-07	7.121863068667e-06	0.90949640151231
41.48	4.6313135864601e-08	2.1667959859258e-08	5.7903148215616e-08	0.016444543879882	0.011522428807817	0.03733915814107	3.1086254405699e-07	0.050570793640884	0.12548737377527	0.01247301809495	0.021529219765792	0.021423365984646	1.1630254166444e-06	0.076488598389697	0.0091391966685363	0.54480494751367	0.01115612411151	1.0966289808076e-08	4.0868715699937e-09	6.4115117281239e-07	7.1038517721586e-06	0.90949980881395
41.872	4.6305239990556e-08	2.160763145713e-08	5.7626632285849e-08	0.016440566678661	0.011520055177812	0.037332546724655	3.0865805474171e-07	0.050617216888684	0.1266265834998	0.012469977778207	0.021526727445499	0.021417820409323	1.1449965003291e-06	0.07646847342597	0.0090418297143435	0.54050083576428	0.011153200173052	1.0905444752756e-08	4.0683590582948e-09	6.4054106642356e-07	7.0893175481304e-06	0.90950458062579
42	4.6305646418315e-08	2.1602791377793e-08	5.7595808104842e-08	0.016439267123812	0.011519280044266	0.037330385943987	3.08321994795e-07	0.050669980645156	0.12692251868866	0.01246898496081	0.021525912816797	0.02141600987974	1.1400078948436e-06	0.076461903303972	0.009023164897619	0.54021446786375	0.011152245593794	1.0898160930353e-08	4.0643110805937e-09	6.4046980669429e-07	7.0860741544426e-06	0.90950613884889
42.2	4.4664842450609e-08	2.1038454801516e-08	5.6346157705065e-08	0.016437235531763	0.011518068662257	0.037327000904868	3.0250687314436e-07	0.05078535720156	0.12746464615505	0.012467432440497	0.021524637868028	0.021413180581956	1.1276024472643e-06	0.076451637181153	0.0092202305413415	0.5760095068967	0.011150754052907	1.0677242882578e-08	4.0310481319094e-09	6.253199115789e-07	7.068519507269e-06	0.90950857489047
42.48	4.4490527798595e-08	2.0817713496927e-08	5.5632878624943e-08	0.016434388807355	0.01151637206017	0.037322245783453	2.9843119976477e-07	0.050478184141832	0.12524756908215	0.012465256537766	0.021522847992143	0.021409219077522	1.1124834728019e-06	0.07643726730978	0.0091291225506242	0.54484364808359	0.011148666079941	1.0537668790327e-08	4.0062784655909e-09	6.2159466751998e-07	7.0512402837263e-06	0.90951198755986
42.872	4.4483708952216e-08	2.0760021204314e-08	5.5367663499063e-08	0.016430399082285	0.011513996108143	0.037315574133969	2.9631733210716e-07	0.050525566976814	0.12638703895916	0.012462208734943	0.021520336464799	0.021403673586805	1.095250290477e-06	0.076417155512467	0.0090320821668636	0.54054760276082	0.011145743612126	1.0479265284597e-08	3.9885551416894e-09	6.2101586999738e-07	7.0373214718741e-06	0.90951676677352
43	4.4484327317564e-08	2.0755473385705e-08	5.5338295553005e-08	0.016429095483012	0.011513220221813	0.037313393773638	2.9599613874013e-07	0.050578509507927	0.12668303769124	0.012461213480835	0.021519515595565	0.021401863083649	1.0904826126964e-06	0.076410589673068	0.0090134917030744	0.54026168662481	0.011144789511132	1.0472309903074e-08	3.9846866594576e-09	6.2094951652921e-07	7.0342196345341e-06	0.90951832739713
43.2	4.290814465314e-08	2.0213234175577e-08	5.4136966414841e-08	0.016427057624331	0.011512007675049	0.037309978488336	2.9040876790955e-07	0.050692592444285	0.12721384058267	0.012459657203629	0.021518230974479	0.021399033848929	1.0786287911216e-06	0.076400330287428	0.0092102651998004	0.57599194073363	0.011143298722763	1.0259882536956e-08	3.9527608231929e-09	6.0639736987029e-07	7.0173875908871e-06	0.90952076712619
43.48	4.274126297607e-08	2.000134030406e-08	5.3451886553967e-08	0.016424202250641	0.011510309473472	0.03730518166552	2.8649817662437e-07	0.050387025034011	0.12501163174555	0.012457476141338	0.021516427747002	0.021395072469255	1.0641847008202e-06	0.0763859698107	0.0091194313392392	0.54488254978296	0.011141211805887	1.0125785187463e-08	3.929022586695e-09	6.0282430345168e-07	7.0008379594735e-06	0.90952418484564
43.872	4.2735460341748e-08	1.994624495549e-08	5.3197891521922e-08	0.01642020063401	0.011507931321108	0.037298452257977	2.8447472101066e-07	0.050435462928373	0.126151608855	0.01245442119672	0.021513897751726	0.021389527165355	1.0477249247189e-06	0.07636587106239	0.0090227134093153	0.54059437178509	0.011138290808635	1.006980862947e-08	3.9120772248488e-09	6.0227596655644e-07	6.9875291859769e-06	0.9095289710171
44	4.2736274362009e-08	1.9941980232934e-08	5.3169954975513e-08	0.01641889319574	0.0115071547217	0.037296253125164	2.8416825990876e-07	0.050488612097683	0.12644774858585	0.012453423618383	0.021513070883136	0.021387716722059	1.043172072211e-06	0.07635930946749	0.0090041962413596	0.54030887337664	0.011137337185913	1.0063176876795e-08	3.9083847624302e-09	6.0221425538649e-07	6.9845671879868e-06	0.90953053389643
44.2	4.1223442866097e-08	1.9421438696324e-08	5.2016275364725e-08	0.016416849390105	0.011505941072168	0.037292808851603	2.7880624954306e-07	0.050601517206605	0.12696791589547	0.012451863759984	0.021511776966137	0.021384887602432	1.0318545582082e-06	0.076349056758369	0.0092006827096041	0.57597540435845	0.011135847149951	9.859130397212e-09	3.8777758862037e-09	5.8825159718554e-07	6.9684475982121e-06	0.90953297708748
44.48	4.1063792970969e-08	1.9218208325633e-08	5.1358913238025e-08	0.016413985811676	0.011504241357591	0.037287972080457	2.7505827954368e-07	0.050297591539374	0.12478030251556	0.012449677783512	0.021509960912238	0.021380926419948	1.0180665233148e-06	0.076334705591592	0.0091101178411912	0.54492139699548	0.011133761288933	9.7304207357639e-09	3.8550496527803e-09	5.848276123419e-07	6.952614926928e-06	0.90953639954282
44.872	4.1058935196024e-08	1.9165634240065e-08	5.1115880015841e-08	0.016409972920671	0.011501861125401	0.037281187358874	2.7312338657637e-07	0.050347128383153	0.12592091509207	0.01244661603977	0.021507413181042	0.021375381404186	1.0023583263e-06	0.076314619775612	0.0090137161578415	0.54064089545915	0.011130841762066	9.6768180884613e-09	3.838863882032e-09	5.8430858888973e-07	6.9399035309373e-06	0.9095411922342
45	4.1059926684271e-08	1.9161639767238e-08	5.108932871431e-08	0.016408661843881	0.011501083852164	0.037278970249846	2.7283127145619e-07	0.050400497687987	0.12621723715684	0.012445616248989	0.021506580551561	0.021373571053874	9.9801416943131e-07	0.076308062387476	0.0089952707637483	0.54035579140894	0.011129888617599	9.6705003165384e-09	3.8353427127075e-09	5.8425124372174e-07	6.9370781806375e-06	0.90954275722663
45.2	3.9608621667762e-08	1.866219616963e-08	4.9982115627419e-08	0.01640661240317	0.011499869161001	0.037275498225126	2.6768938007808e-07	0.050512313008291	0.12672734944696	0.012444052983264	0.021505277709875	0.021370742100625	9.872162756128e-07	0.076297816294445	0.0091914756240194	0.57595983329333	0.011128399333862	9.4746328408419e-09	3.8060174225813e-09	5.7086343104193e-07	6.9216534209926e-06	0.90954520365817
45.48	3.9455943408189e-08	1.8467367488664e-08	4.9351706762448e-08	0.016403741053305	0.011498168018366	0.037270623223064	2.6409964812641e-07	0.050210033150255	0.12455398628827	0.01244186233408	0.02150344934537	0.021366781186295	9.7406353892327e-07	0.076283474353649	0.009101173407195	0.54496002757699	0.011126314528341	9.3511661350679e-09	3.7842747494579e-09	5.6758405848248e-07	6.9065181284664e-06	0.90954863054191
45.872	3.9451953735758e-08	1.8417217681167e-08	4.9119271484043e-08	0.016399717488611	0.011495785824307	0.037263785576055	2.6225049368943e-07	0.050260679140895	0.12569528443199	0.012438794127366	0.021500884594954	0.021361236557751	9.5908255979015e-07	0.076263401355146	0.0090050803139013	0.54068701956074	0.011123396471556	9.299861411298e-09	3.7688245796403e-09	5.6709302683001e-07	6.8943862356031e-06	0.90955342932564
46	3.9453103599393e-08	1.8413478545128e-08	4.909404686917e-08	0.016398402968215	0.011495007915609	0.037261551268353	2.619721909289e-07	0.050314272696096	0.12599180643241	0.0124377922337	0.021500046437775	0.021359426332811	9.5494021351615e-07	0.07625684813674	0.0089867048410439	0.54040229360613	0.0111224438053	9.2938451400071e-09	3.7654688854591e-09	5.6703976826375e-07	6.891693236727e-06	0.90955499629202
46.2	3.8061189899323e-08	1.7934419626274e-08	4.8031820016874e-08	0.016396348195423	0.011493792242476	0.0372580526979	2.5704350638714e-07	0.050425067143138	0.12649236561936	0.012436225730595	0.02149873503378	0.02135659759593	9.4464330888619e-07	0.076246608600316	0.009182633548462	0.5759451720903	0.011120955273539	9.1059009307894e-09	3.7373855323767e-09	5.5420839362978e-07	6.8769409291576e-06	0.9095574457484
46.48	3.7915192229202e-08	1.7747687590795e-08	4.7427438754082e-08	0.016393469494506	0.011492089754446	0.037253141133848	2.5360653005543e-07	0.050124416697683	0.12433286682437	0.012434030643873	0.021496894860756	0.021352637018675	9.3210270056151e-07	0.076232275803156	0.0090925868790289	0.54499834110189	0.011118871523063	8.9875005303645e-09	3.7165921708219e-09	5.5106837739903e-07	6.862479020756e-06	0.90956087676194
46.872	3.7911992487316e-08	1.7699853991444e-08	4.7205179764119e-08	0.016389435837844	0.011489705713041	0.037246252878539	2.5183975179568e-07	0.050176160495262	0.12547485027904	0.012430956300943	0.02149431378721	0.021347092873481	9.1782179578713e-07	0.076212215510105	0.0089967938134189	0.5407326512482	0.011115954935973	8.9384050630793e-09	3.701849814955e-09	5.5060393194142e-07	6.8509053803569e-06	0.90956568122352
47	3.791328156994e-08	1.7696354358276e-08	4.7181216939986e-08	0.016388118062387	0.0114889272061	0.037244002125926	2.5157464963526e-07	0.05022997641136	0.12577157450523	0.01242995241083	0.021493470328625	0.021345282805342	9.1387360419101e-07	0.076205666425391	0.0089784862005624	0.54044829184105	0.011115002747865	8.9326763362792e-09	3.6986530123648e-09	5.5055448477686e-07	6.8483397052691e-06	0.90956725002903
47.2	3.6557698594968e-08	1.7231182778163e-08	4.6244078994906e-08	0.016386058234802	0.011487710680061	0.037240478464017	2.4693467804204e-07	0.050340325997002	0.12626682951981	0.012428382847901	0.021492151078949	0.02134245437802	9.0404437239175e-07	0.076195433289019	0.0091741930734165	0.5759323761011	0.011113514954677	8.7583789044016e-09	3.6728748247429e-09	5.3884046166466e-07	6.836713656669e-06	0.90956970223473
47.48	3.641616161632e-08	1.7050080590359e-08	4.5703036555072e-08	0.016383172534952	0.011486007160611	0.037235532895742	2.4369783297999e-07	0.050042466803394	0.12412409838096	0.012426183590593	0.021490300781431	0.021338494324202	8.9207460599878e-07	0.076181109273616	0.0090845623243327	0.54503684297643	0.011111432217795	8.647283983591e-09	3.6537504094215e-09	5.359712291605e-07	6.8245390563087e-06	0.90957313686925
47.872	3.6413965446631e-08	1.7004035599077e-08	4.5503777738322e-08	0.016379129241982	0.011483621815248	0.037228598002065	2.4203824781912e-07	0.050097272924797	0.12527224912649	0.012423103499122	0.021487706269828	0.021332950945908	8.7844550807758e-07	0.076161061089021	0.0089892868876493	0.54077723539528	0.011108517027097	8.601028450718e-09	3.6400745271726e-09	5.3555000057926e-07	6.8143499628772e-06	0.90957794620364
48	3.6415481876616e-08	1.7000763070757e-08	4.5482519223979e-08	0.016377808354861	0.011482842897429	0.037226332135636	2.4179036685528e-07	0.050151936408319	0.12557085663495	0.012422097740614	0.021486858502136	0.021331141128201	8.7467785663894e-07	0.076154515935193	0.0089711000065066	0.54049278220267	0.011107565291919	8.5956544764322e-09	3.6370902800398e-09	5.3550511900704e-07	6.8120407617717e-06	0.90957951657705
48.2	3.976164317079e-08	1.7907687043119e-08	6.0811623625461e-08	0.016375740563992	0.011481637068475	0.037222865225711	2.8282787259606e-07	0.050345713451696	0.12666741238671	0.012420535329591	0.021485592948704	0.021328321167724	8.6802688844433e-07	0.076144281482894	0.0091754266136008	0.57609837108385	0.011106076837095	9.7953415611604e-09	3.9144656199366e-09	6.840385942581e-07	7.2332769305982e-06	0.90958195504529
48.48	4.0179489971844e-08	1.8283688151054e-08	6.8480441311855e-08	0.016372838292924	0.011479971375452	0.037218146728194	3.1031408900723e-07	0.050246234540661	0.12507808280251	0.012418365177075	0.021483937956351	0.021324384270497	8.6021084963021e-07	0.076129932966243	0.0091176133050234	0.54520819808533	0.011103990228891	1.0418589443814e-08	4.0989662685095e-09	7.1797702278043e-07	7.5297599776961e-06	0.90958534090167
48.872	4.0288443603959e-08	1.8417744210302e-08	7.1274363551998e-08	0.016368768210271	0.011477658378008	0.037211644508587	3.2469278987323e-07	0.050638405296001	0.12714706100949	0.01241534085593	0.021481717688769	0.021318878137759	8.5187824318138e-07	0.076109829247236	0.009067333171154	0.54080245964257	0.011101066937182	1.0660569610759e-08	4.1958482595965e-09	7.2263642408147e-07	7.6943014552568e-06	0.90959005886717
49	4.0316679258279e-08	1.8438643472167e-08	7.1611432703389e-08	0.016367438352278	0.011476905085239	0.037209531320366	3.2697842027106e-07	0.050800939663493	0.12773029289317	0.012414354783765	0.021481002483352	0.021317080662689	8.4970431752856e-07	0.076103263794929	0.0090604933431434	0.54044791399679	0.01110011226901	1.0692251789064e-08	4.2113283785348e-09	7.2290601924138e-07	7.7217510261208e-06	0.90959159710446
49.2	5.4443085972579e-08	2.3122872598621e-08	7.0214762729006e-08	0.016365361152871	0.011475722525079	0.037206240256587	3.4195908547257e-07	0.051095520521354	0.12883877234856	0.012412818206044	0.021479858627074	0.021314271472087	8.5871996797919e-07	0.076093028972135	0.0092699877450767	0.57633305516312	0.011098623651434	1.1388090213566e-08	4.2407572225903e-09	7.3390460009149e-07	7.5400606614482e-06	0.90959399947871
49.48	5.5995066486952e-08	2.4979503156853e-08	7.0512187195379e-08	0.01636245676437	0.011474056811786	0.037201640700621	3.5419420307687e-07	0.050896507124779	0.12663079743214	0.012410676096994	0.021478207904241	0.021310340413758	8.707945645284e-07	0.076078719702988	0.0091799151380765	0.5447409526895	0.011096544082328	1.2027258245988e-08	4.2516953736125e-09	7.3361655106287e-07	7.4394478780624e-06	0.90959736388071
49.872	5.6110586683631e-08	2.5490345968036e-08	7.0843816090452e-08	0.016358397039555	0.011471718043196	0.037195209743001	3.610714947809e-07	0.051013751217067	0.12789931584451	0.012407685390603	0.021475863171791	0.021304839921666	8.866186778119e-07	0.076058693402712	0.0090780408719299	0.54031806160437	0.011093635167359	1.2354746909004e-08	4.2649996162761e-09	7.3387113447521e-07	7.4026399925074e-06	0.9096020740992
50	5.6127372081185e-08	2.5538836159192e-08	7.0905042222193e-08	0.016357072762148	0.011470953837587	0.0371931115707	3.6219922492197e-07	0.051081801289601	0.12823246222745	0.012406709737425	0.021475094769314	0.021303044254737	8.9145178995075e-07	0.076052155108126	0.0090580954184662	0.54001066852594	0.011092685546627	1.2399982197575e-08	4.2688740521451e-09	7.3391267033483e-07	7.3993866327689e-06	0.90960361178196
50.2	6.6550982416681e-08	2.9249486250703e-08	7.536941177765e-08	0.016355006160846	0.011469757575531	0.037189857537036	3.8103461155857e-07	0.051219057020766	0.12884743525637	0.01240518986936	0.021473885013166	0.021300241607811	9.1966704653096e-07	0.076041953575723	0.009255748198054	0.57613946537114	0.011091203758816	1.3666002255381e-08	4.357716366627e-09	7.8004809732002e-07	7.3569208460202e-06	0.9096060102213
50.48	6.7717747078136e-08	3.0729691703626e-08	7.8280393043621e-08	0.016352120655943	0.011468080314763	0.037185343422935	3.9544035047258e-07	0.050902741321417	0.12651442803181	0.012403071728238	0.021472181364017	0.021296324112895	9.5579965667295e-07	0.076027679365115	0.0091639734146406	0.54467031922449	0.011089131837188	1.4507915023918e-08	4.4174744074057e-09	7.8902207316629e-07	7.3500177984691e-06	0.90960936135796
50.872	6.782883960137e-08	3.1147155884982e-08	7.9481511103047e-08	0.016348095140955	0.011465731693781	0.037179063676169	4.0342920214943e-07	0.050935486098435	0.12761167465115	0.012400114776967	0.021469795253219	0.021290844015232	9.9997236335789e-07	0.076007694827144	0.009070070569213	0.54035707101129	0.011086232258098	1.4882272325005e-08	4.462657579517e-09	7.9054786822483e-07	7.3627096942613e-06	0.90961404576786
51	6.7849612911499e-08	3.1189438905337e-08	7.9636864886556e-08	0.016346783678816	0.011464964917587	0.037177018780576	4.047344759664e-07	0.050984282380582	0.12789602541205	0.012399150141378	0.021469016730234	0.021289055000886	1.0128031784949e-06	0.07600116933976	0.0090529954481683	0.54007699291502	0.011085285544719	1.4931265811852e-08	4.472949951311e-09	7.9064027255443e-07	7.3675052708163e-06	0.90961557415306
51.2	7.4094341998448e-08	3.34254640259e-08	8.4968468000154e-08	0.016344738392104	0.011463767634127	0.037173857636629	4.2889985779907e-07	0.051106435018362	0.12851486810204	0.012397648646799	0.021467806197615	0.021286262697725	1.053641140676e-06	0.075990978881828	0.0092557648745228	0.57617098115552	0.011083807053015	1.5928521402031e-08	4.5991307750706e-09	8.513507100454e-07	7.4236165048083e-06	0.90961795604109
51.48	7.4843923828733e-08	3.4336631034361e-08	8.8053233419438e-08	0.016341884908992	0.011462094119649	0.037169493563059	4.4621617950774e-07	0.050804347283722	0.1262593597039	0.012395557764165	0.021466127743466	0.021282358579968	1.1049128410329e-06	0.075976711254521	0.0091744203647263	0.54482469111561	0.011081737869519	1.6553126227354e-08	4.6921427649031e-09	8.6483432597124e-07	7.4823193711402e-06	0.90962127961141
51.872	7.4978757101902e-08	3.4620180639236e-08	8.9306237323104e-08	0.016337908076493	0.011459754756886	0.037163442533057	4.5571329117048e-07	0.050875140015166	0.12745979647468	0.012392639829148	0.021463797511433	0.021276895801485	1.1656734656967e-06	0.075956731484044	0.0090925498992074	0.54052779042329	0.011078840989153	1.6830087675563e-08	4.7596672607206e-09	8.6708918779803e-07	7.5312451540015e-06	0.90962592128147
52	7.5011774405765e-08	3.4655643861833e-08	8.9474895019298e-08	0.016336613271562	0.011458991400688	0.037161474507811	4.5727913381278e-07	0.050936786078527	0.12777670241031	0.012391687998867	0.021463039296158	0.021275112280261	1.1829245244793e-06	0.075950207097759	0.0090783470296173	0.54024396773473	0.011077895059802	1.686835169775e-08	4.7744800453899e-09	8.6724233388679e-07	7.5423229211467e-06	0.9096274352317
52.2	7.8380054378949e-08	3.5878986043669e-08	9.267752889827e-08	0.016334594725725	0.011457799576559	0.037158424818854	4.7470780937826e-07	0.051087381490498	0.12851477109466	0.012390204932378	0.021461860418098	0.021272327189823	1.2266795909613e-06	0.075940014965534	0.0092840016304929	0.57628985375472	0.011076417339603	1.7448211901842e-08	4.868921854471e-09	9.0785116513137e-07	7.5927640721631e-06	0.90962979607326
52.48	7.883316329167e-08	3.6396075760353e-08	9.4547599075713e-08	0.01633177940161	0.011456133324891	0.037154201064215	4.8716602914293e-07	0.050809429787277	0.12628760539428	0.012388136491616	0.021460223424419	0.021268430781709	1.2807207860707e-06	0.075925744166672	0.0092041011364328	0.54492895534945	0.011074348727876	1.7813724671074e-08	4.9437097302751e-09	9.1717991079749e-07	7.6435760144808e-06	0.90963309276556
52.872	7.8969403109412e-08	3.6580996194294e-08	9.5359483350172e-08	0.016327856326872	0.011453803453776	0.037148334295693	4.9416986720434e-07	0.050901148252771	0.12753512967275	0.012385247161994	0.021457947250521	0.02126297736767	1.3432827965231e-06	0.075905761465315	0.0091217057525727	0.5406105359137	0.011071452537693	1.7985037405808e-08	5.0022113029164e-09	9.1891820860049e-07	7.6868529393237e-06	0.90963769878248
53	7.9006139487388e-08	3.6609574418718e-08	9.5481680468597e-08	0.016326579037387	0.011453043102597	0.037146425135533	4.9536796657602e-07	0.050968019202437	0.12786568542472	0.012384304392137	0.021457206157393	0.021261196813594	1.3607589169147e-06	0.075899236326305	0.0091071387358331	0.54032037507966	0.011070506842483	1.801118072584e-08	5.0156480788464e-09	9.1905587666554e-07	7.696947193251e-06	0.90963920130807
53.2	8.0348025510033e-08	3.7121380252445e-08	9.698203081066e-08	0.016324587632837	0.011451855683209	0.037143457120074	5.0495943239947e-07	0.051130388082277	0.12865930125064	0.01238283361181	0.021456051924038	0.021258415440029	1.3996575558173e-06	0.075889041359532	0.0093119331517874	0.57637209834804	0.011069029277522	1.8285111984915e-08	5.0726173133429e-09	9.4027821357795e-07	7.7300531478558e-06	0.9096415460963
53.48	8.0575076985341e-08	3.7354752783263e-08	9.7879811384619e-08	0.016321809167568	0.011450194724848	0.037139329203104	5.1187065371263e-07	0.050856874967518	0.12642118578587	0.012380778733711	0.02145444403831	0.021254522700547	1.4470497182992e-06	0.075874767247832	0.0092294329074361	0.54496491901017	0.011066960711463	1.8459795163968e-08	5.121757306848e-09	9.4525575362234e-07	7.7639266469486e-06	0.90964482343252
53.872	8.0691994461836e-08	3.7460300894683e-08	9.8318326972471e-08	0.016317935112341	0.011447871197169	0.037133580438842	5.1593225632648e-07	0.050948100654147	0.12766667877038	0.012377905435943	0.021452202471892	0.021249073660841	1.5008996939547e-06	0.075854782267022	0.0091432392769585	0.54063078330373	0.011064064698208	1.8549852467618e-08	5.1638923330314e-09	9.4633614554135e-07	7.7945280824027e-06	0.90964940511723
54	8.072546204344e-08	3.7481075421237e-08	9.8395688038003e-08	0.016316673239912	0.011447112777963	0.037131707843278	5.166689639461e-07	0.051014258755038	0.12799611274065	0.012376967613699	0.021451471884578	0.021247294513386	1.5157518432783e-06	0.075848256712705	0.0091276252425147	0.54033815122593	0.011063119093806	1.8565716155224e-08	5.1740741751843e-09	9.4642802016186e-07	7.8020026706929e-06	0.90965090004701
54.2	8.0662538456706e-08	3.7498953232904e-08	9.8700075625365e-08	0.016314705118732	0.011445928099171	0.03712878853322	5.200768531432e-07	0.051176467760544	0.12879657723116	0.012375503115158	0.021450332149591	0.021244514763942	1.5456047116792e-06	0.075838060195861	0.0093309347946992	0.57641407124735	0.011061641560907	1.8626301365801e-08	5.1997748985627e-09	9.5297815379172e-07	7.8190640932236e-06	0.90965323444269
54.48	8.0719176878845e-08	3.7529772439523e-08	9.890243150867e-08	0.016311957115555	0.011444270239684	0.037124713547318	5.2257490508338e-07	0.050897248750065	0.12653411993772	0.012373454262078	0.021448740017388	0.021240623354006	1.5815146211893e-06	0.075823784793898	0.0092455605771391	0.54496894343824	0.011059572985339	1.8665695571367e-08	5.2256809226382e-09	9.5452641392188e-07	7.8370892164305e-06	0.90965649983098
54.872	8.0807471827175e-08	3.7572430223617e-08	9.9057974388529e-08	0.016308121765048	0.011441950156181	0.037119024563352	5.2422360308975e-07	0.050978739759525	0.12775579028161	0.012370587166847	0.021446515283045	0.021235175795744	1.6216073250632e-06	0.075803800189136	0.0091556796072783	0.54062838002306	0.011056677117185	1.8695198500334e-08	5.2511880283467e-09	9.5501968503137e-07	7.8549491062821e-06	0.90966106729103
55	8.083433407593e-08	3.7585552513172e-08	9.9097654080147e-08	0.016306871709897	0.011441192741835	0.037117169607685	5.2456581114408e-07	0.051041793482836	0.12807777528229	0.012369651156203	0.021445789492134	0.021233397141537	1.6325316397602e-06	0.075797275078684	0.0091390818451937	0.54033594116446	0.011055731596432	1.8702707544549e-08	5.257759528525e-09	9.5505807450494e-07	7.8595953508264e-06	0.90966255791751
55.2	7.9825868806701e-08	3.7269786562623e-08	9.8587994498119e-08	0.016304921040716	0.011440009414265	0.037114271570859	5.2358487914666e-07	0.051198500958166	0.12886042274389	0.012368188485389	0.021444655763555	0.021230617810157	1.6521523166191e-06	0.075787078779555	0.0093410084525294	0.5764282216103	0.011054254138858	1.8617982125247e-08	5.2596339816547e-09	9.5127041510944e-07	7.8637460799207e-06	0.90966488669987
55.48	7.9758754295999e-08	3.7160071640368e-08	9.8308802934493e-08	0.016302195084907	0.011438352892108	0.037110214888793	5.2291756699943e-07	0.050910521020191	0.12657473475978	0.012366140284743	0.021443068614005	0.02122672641379	1.6753841392287e-06	0.075772804499797	0.0092532904055848	0.54496591654243	0.011052185666013	1.8563841724473e-08	5.2667588789558e-09	9.5033006960882e-07	7.8688039671806e-06	0.90966814621286
55.872	7.9817826892387e-08	3.7155142052561e-08	9.8258195552727e-08	0.016298386456165	0.01143603400575	0.037104540142507	5.227882795154e-07	0.050980171190627	0.12776726543165	0.012363272576799	0.021440846856617	0.021221278703979	1.7007442370011e-06	0.075752823251155	0.0091604740660314	0.54062553643641	0.011049290094244	1.8549609176748e-08	5.2777782377086e-09	9.5035646103855e-07	7.8757018491026e-06	0.90967270747131
56	7.9837418357913e-08	3.7161638056539e-08	9.8268195144944e-08	0.016297144291792	0.011435276889705	0.037102688259532	5.2282971246491e-07	0.051039659108264	0.12808035681613	0.012362336222411	0.021440121485576	0.021219500021648	1.7075436012926e-06	0.075746299509501	0.0091430925164044	0.54033447888886	0.011048344702824	1.8550664096242e-08	5.2810457127514e-09	9.5034588936757e-07	7.877809323926e-06	0.90967419636359
56.2	7.8216864247338e-08	3.6628699752099e-08	9.7222725789963e-08	0.016295204967843	0.011434093867231	0.037099790550125	5.1889381057464e-07	0.051189241236972	0.12883530218423	0.01236087235469	0.021438987326478	0.021216720436864	1.7176178935097e-06	0.075736105125305	0.0093438339805574	0.57642483298256	0.011046867423192	1.837008387476e-08	5.2656808902642e-09	9.395973710984e-07	7.872245118657e-06	0.90967652323265
56.48	7.8064041472993e-08	3.6425245818068e-08	9.6621928340418e-08	0.016292492697023	0.011432437377732	0.037095726116274	5.1607697460222e-07	0.050892899566297	0.12653338992795	0.012358821230106	0.021437397124985	0.021212828352732	1.7291773969599e-06	0.075721834201822	0.0092543839402427	0.54496742829173	0.011044799219275	1.8253488506012e-08	5.2585791305898e-09	9.3694292675795e-07	7.8674136759607e-06	0.9096797815028
56.872	7.8097936023964e-08	3.6386183155791e-08	9.6427570094935e-08	0.016288699523078	0.011430118054481	0.037090032005686	5.1471284446084e-07	0.050951861002831	0.12769916893635	0.01235594843932	0.021435168199485	0.021207379623421	1.7412051070495e-06	0.075701859014682	0.0091594163270876	0.5406313660191	0.011041904152759	1.8208956332919e-08	5.2580296274647e-09	9.3662499851491e-07	7.8656472471543e-06	0.90968434255484
57	7.8111042794764e-08	3.6387459337457e-08	9.6415595913717e-08	0.016287461672935	0.011429360728297	0.037088172574967	5.1453954001583e-07	0.051008179752714	0.12800416613984	0.012355010334031	0.021434440078351	0.021205600631775	1.7443135167413e-06	0.075695337466301	0.0091414557766006	0.54034202643733	0.011040958952748	1.8205298709303e-08	5.2585759240114e-09	9.3657534606361e-07	7.8656915794888e-06	0.90968583160824
57.2	7.6114373505588e-08	3.5719985981792e-08	9.5032723439172e-08	0.016285528250818	0.011428177264724	0.037085260022621	5.0870418828413e-07	0.051150782762941	0.12872915260436	0.012353543314351	0.021433300865242	0.02120282044633	1.746435454519e-06	0.07568514643113	0.0093412003781352	0.57641080155304	0.011039481965503	1.7964156644569e-08	5.2313097748728e-09	9.2135014384575e-07	7.8532028098916e-06	0.90968815927571
57.48	7.5905431605513e-08	3.545710397302e-08	9.4226950582424e-08	0.016282822428935	0.011426519889658	0.037081169196443	5.04497894895e-07	0.050847816448793	0.12641931565282	0.012351486995419	0.021431701915909	0.02119892734002	1.7483622003364e-06	0.075670880715927	0.009250559384749	0.54497735331542	0.011037414198212	1.7807729603719e-08	5.2140083954635e-09	9.1757427394151e-07	7.841250120424e-06	0.90969141965571
57.872	7.5919845280402e-08	3.5394938615303e-08	9.3937400528144e-08	0.016279035287749	0.011424198997986	0.037075432099231	5.023207409622e-07	0.050898381018551	0.12756349494854	0.012348606322449	0.021429458747246	0.021193477181353	1.7495221971116e-06	0.075650913803398	0.0091541195504045	0.54064807816531	0.011034519843108	1.7743241637978e-08	5.2048274025037e-09	9.1701899761929e-07	7.8330732062145e-06	0.90969598476169
58	7.5927822802091e-08	3.539241100564e-08	9.391013441255e-08	0.016277798822967	0.011423441113004	0.037073557737129	5.0200279133801e-07	0.050952212455375	0.12786198280145	0.012347665588719	0.021428725687477	0.021191697744204	1.7496467606796e-06	0.075644395114269	0.0091357577222487	0.54036039717059	0.011033574895347	1.7736340687195e-08	5.2032995652641e-09	9.1694128000249e-07	7.8315601784442e-06	0.90969747530733
58.2	7.3717871266149e-08	3.4647619372345e-08	9.23281066253e-08	0.016275866909305	0.011422256701112	0.037070619875718	4.9501549223923e-07	0.051088680015192	0.12855822728648	0.012346194213332	0.021427578255454	0.021188916803536	1.7456630587394e-06	0.075634208549164	0.0093346669456059	0.57639056971056	0.011032098304739	1.7459264803937e-08	5.1682437966796e-09	8.9900364584462e-07	7.8143992812894e-06	0.90969980566318
58.48	7.3474803717407e-08	3.4349716174155e-08	9.1400088938893e-08	0.016273161815353	0.011420597825405	0.037066489973824	4.8996468845211e-07	0.050781097625144	0.12624797451773	0.012344131335087	0.021425966714581	0.021185022553327	1.740250757599e-06	0.075619949469885	0.00924327284095	0.54499587817506	0.011030031119975	1.7279042035134e-08	5.1440318710745e-09	8.9453969759743e-07	7.7976041884156e-06	0.90970307045775
58.872	7.3475354880729e-08	3.4272961202476e-08	9.1051538370709e-08	0.016269373442563	0.011418274621009	0.037060694114141	4.8728550914979e-07	0.050825666952539	0.12737603867531	0.012341241127724	0.021423704613584	0.021179570821494	1.7332155241592e-06	0.075599992518092	0.0091459045986769	0.54067480899078	0.01102713765346	1.7202250754185e-08	5.1288009219585e-09	8.9383246491003e-07	7.7849676157126e-06	0.90970764249105
59	7.3479612500857e-08	3.4267857184726e-08	9.1014328490123e-08	0.016268136141149	0.011417515950385	0.037058799947429	4.8687636959201e-07	0.05087770406611	0.12766967759258	0.012340297250582	0.021422965180593	0.021177790887811	1.7311056538271e-06	0.075593477190314	0.0091272842554222	0.5403885801447	0.011026193009999	1.7193263017543e-08	5.1257944954952e-09	8.9373661749089e-07	7.7823531540219e-06	0.90970913541574
59.2	7.1166212323893e-08	3.348448693943e-08	8.932736245497e-08	0.016266202440103	0.011416330263678	0.037055829941584	4.7925213275126e-07	0.05100904205901	0.12833968483532	0.012338820827512	0.021421807476833	0.021175009148359	1.722737460826e-06	0.075583295921636	0.009325489760603	0.57636696705863	0.011024716901796	1.6897066929539e-08	5.0859918406511e-09	8.7430493143109e-07	7.7622418610487e-06	0.90971146970637
59.48	7.0904730700416e-08	3.3168444363452e-08	8.8334253350387e-08	0.016263493851766	0.011414669499067	0.037051652832605	4.7373548138804e-07	0.050698655590791	0.12603501364041	0.012336750636273	0.021420180897779	0.021171113751251	1.7120919907146e-06	0.075569044518328	0.009233677724313	0.54502171945354	0.01102265041644	1.6704126411077e-08	5.0574037270506e-09	8.6945848397113e-07	7.7423690937155e-06	0.90971474040842
59.872	7.0896164030849e-08	3.3083351221974e-08	8.7952646569088e-08	0.016259698996221	0.01141234352349	0.03704578832934	4.7077480070069e-07	0.050739313696083	0.12715175949098	0.012333850011749	0.021417896949103	0.021165660451803	1.6992682698608e-06	0.0755490987417	0.0091357937415473	0.54070962303133	0.011019757979418	1.6620490194376e-08	5.0382033851933e-09	8.6866323734701e-07	7.7268316451363e-06	0.90971932118783
60	7.0897919931163e-08	3.3076639842226e-08	8.7909517481863e-08	0.016258459274014	0.01141158392953	0.037043871349528	4.7031329127486e-07	0.050790149990647	0.12744199200671	0.012332902719	0.021417150263603	0.02116388001918	1.6955904145711e-06	0.075542587133491	0.0091170233986647	0.54042461231333	0.011018813681545	1.6610276790305e-08	5.0342105679318e-09	8.6855723634153e-07	7.723488704718e-06	0.90972081704475
