# Time [h]	hydro_Methanogenesis [g/h]	aceto_Methanogenesis [g/h]	Valeric_Degradation [g/h]	Acidogenesis_MS [g/h]	Acetic_Degradation [g/h]	Propionic_Degradation [g/h]	Acidogenesis_LCFA [g/h]	Acidogenesis_AA [g/h]	Butyric_Degradation [g/h]
0.2	2.3408028598644	22.790833726004	0.16794625537187	0.51109067341617	3.1599929867661	1.1303036584917	0.34011498218326	0.29184601050884	0.51732778049569
0.48	2.272870151727	22.405256392878	0.153654596352	0.46524746461594	3.0992165510722	1.2481879814326	0.58390456937986	0.29331110088214	0.40967037377783
0.872	2.3518801865874	21.686884747889	0.1529238883236	0.46606940718921	2.9901951112625	1.3443310447269	0.89968001727514	0.29418337081493	0.39725428942426
1	2.3773009406502	21.390518208075	0.15296675195106	0.46599797877212	2.9462811651492	1.3602457621725	0.99394411135396	0.29417247210509	0.39696682884487
1.2	2.3593977934058	20.667707612809	0.12772117271087	0.3064302186998	2.8422233817813	1.4074017473399	1.2108893612681	0.20862685227297	0.32800477339786
1.48	2.3527131894357	19.295916821448	0.11571350634867	0.3039563616944	2.6479481099669	1.4301676909216	1.4955770817375	0.190515499078	0.29889671332801
1.872	2.2803641693993	16.516904099298	0.11311403319579	0.30395312021744	2.2603862455246	1.4378880373979	1.8688366631024	0.18858899214747	0.29301320597427
2	2.2584697884414	15.329202613716	0.11297065994612	0.3039284748854	2.0960599250755	1.4386077756325	1.9773172652062	0.18852079512077	0.29268463568576
2.2	2.0487198732493	12.859423951984	0.085961103909812	0.2036845920266	1.7562233635368	1.2395283083793	2.1809820343189	0.13279499926541	0.22101775427626
2.48	1.8091325683353	9.3137091121341	0.075509017997538	0.20225226834142	1.2701989211358	1.0624878748249	2.4361604962767	0.12140461453997	0.19483090458735
2.872	1.6446771848412	6.0933889720453	0.073481202190334	0.20225640442992	0.82982085294433	0.97814727298906	2.7214919173246	0.12022830110543	0.18997046172288
3	1.6451352552639	5.5071728163895	0.073376778606868	0.20223902340292	0.74969215278897	0.96805409721137	2.7924364741024	0.12018833453213	0.18971676779471
3.2	1.5406434288897	4.6848115933572	0.05621326385875	0.1379220374393	0.63746982031663	0.77966244335445	2.9173926714001	0.086099269472008	0.14463811789289
3.48	1.4908794099085	4.105605963115	0.049739814612974	0.13704113779867	0.55839543170243	0.64790183987906	3.0515548076824	0.079269196810934	0.12871412556096
3.872	1.4943272725221	3.8750205318063	0.048500918843937	0.13704570804703	0.52670884255868	0.596752694709	3.1843315472607	0.078570744115817	0.12581559328914
4	1.5021080450332	3.8575432974827	0.048435399962227	0.13702901878724	0.52422669721391	0.59140647262806	3.2171021759425	0.078544293913664	0.12566014988296
4.2	1.4552925287012	3.7281088904947	0.037527495703542	0.095861120231279	0.5065191188915	0.47204166723844	3.2728740130187	0.05734873903415	0.097220403773863
4.48	1.436139332662	3.6237607766798	0.033462439345083	0.095300557441732	0.49216769352553	0.40114215856588	3.3267745448426	0.053133698734737	0.087344319719772
4.872	1.4359328250452	3.5793926433818	0.032683348628351	0.095302832407557	0.48587367568949	0.37663289175016	3.3708382049973	0.05269907559304	0.085549952874935
5	1.4371935509574	3.57462654265	0.032638487390501	0.095282593197538	0.48513576252445	0.37419913460543	3.3790508205558	0.052677422448894	0.085444322886204
5.2	1.4028968752383	3.498927616926	0.025746446390112	0.069298394860739	0.47475324957512	0.30395430571191	3.3905701898177	0.039488956604262	0.067592556443604
5.48	1.3828194397195	3.4273717865989	0.023180890610192	0.06893037597866	0.46487852839097	0.26576300463548	3.3901470220393	0.036853415060534	0.061415782954361
5.872	1.3674935713486	3.3731800492453	0.022678556604138	0.068928813761506	0.4572778633317	0.25315538388445	3.3667734962561	0.036571226340434	0.060269735108514
6	1.3623930148714	3.3585279579127	0.022643592960904	0.068900095225942	0.45520742890346	0.25186084120814	3.3541135003775	0.036548712454971	0.060186420750521
6.2	1.3309291156073	3.2934752351799	0.018372675125553	0.053121269712421	0.4462815519101	0.21052623818509	3.3270987509871	0.028487631643299	0.049242962732866
6.48	1.3022736727341	3.2172210183027	0.016762674870338	0.052871144455953	0.4357882952004	0.1889113707384	3.2753428795835	0.026839161903491	0.045407178722405
6.872	1.2662528983301	3.1279026437588	0.016427222029049	0.052862575862714	0.42345668016417	0.18169626526154	3.1811187118599	0.026643520521566	0.044645643561884
7	1.2534355273654	3.0977970879367	0.016393511089181	0.052815930160325	0.41930366219724	0.1808294200453	3.1448375724721	0.026613583687267	0.044562457510184
7.2	1.2170582060631	3.0250939256822	0.013851953312683	0.044146350254771	0.40935695503563	0.15709705863214	3.0751785360516	0.021912471238311	0.038228408843627
7.48	1.1724702698982	2.9227137661206	0.012856618047749	0.043967887447558	0.39535447920514	0.14462268982081	2.9639137786696	0.020891632036623	0.035908502193278
7.872	1.1079723677937	2.7764735096938	0.012612141909768	0.043942002898124	0.3753692994734	0.14000330959368	2.7852734519744	0.020733423459633	0.03535180112868
8	1.0851078852372	2.7245361728938	0.01256846033519	0.043855345244048	0.36828172426385	0.13920337951831	2.7207176495897	0.02068375191628	0.035238223105888
8.2	1.0375411816436	2.6295055253165	0.011123364471596	0.040084271642089	0.35534329436402	0.12629189881432	2.6034144096935	0.018107440231415	0.031891487659019
8.48	0.9720929856513	2.4862357576476	0.010497492844308	0.039941051269967	0.33586159134342	0.11894580374142	2.4282260307799	0.017457891231223	0.030505364833579
8.872	0.87816817469701	2.2764499924565	0.010275871684326	0.039870571164368	0.30737127895479	0.11531481686563	2.170105544021	0.017284671790356	0.029987957938203
9	0.84650807930313	2.2040871121238	0.010207660803298	0.039704221571559	0.29755427774464	0.11429886830272	2.0829366736738	0.017196747023053	0.029801085155733
9.2	0.7905421753822	2.0897760915634	0.0093433580253984	0.038513751821045	0.28205691923527	0.10719060699527	1.9359600070887	0.01568100609036	0.028031526928094
9.48	0.71668378619998	1.9284746259056	0.0088877434792754	0.038380314617524	0.26020960438036	0.10234649148936	1.7374370306737	0.015179770564949	0.027092796516813
9.872	0.62540701362898	1.7234879007656	0.0086746378359401	0.038298624801539	0.23246562923558	0.09923824552423	1.4901511985932	0.014997441269202	0.026598818080876
10	0.59876751422202	1.6620261499928	0.0086102373294104	0.03810772163641	0.22415111644931	0.098311035104703	1.417975843664	0.0149123684182	0.026418534128141
10.2	0.5572167993234	1.5780533376427	0.0080135976003096	0.037102592302281	0.21279148839226	0.094085077329944	1.3085414854597	0.013715528952122	0.025256852579578
10.48	0.51025119299023	1.4790224579799	0.0076720150562801	0.037039991642497	0.19939856629358	0.091263898104823	1.1823015886398	0.013272330194297	0.024633959327247
10.872	0.46388267403007	1.3810694636608	0.0075799464358055	0.037179921800574	0.18614726767585	0.090336013466027	1.0550626659853	0.013227145795918	0.02454351709157
11	0.45254780519406	1.3570917799775	0.0075803492440157	0.037174532857743	0.18290162413218	0.090326366381288	1.0231994890006	0.013237069280241	0.024568754806519
11.2	0.43463427180148	1.3278522759767	0.0071300643978547	0.035292705341534	0.17894009601599	0.087875642873344	0.97637511156464	0.012135058307989	0.023662375389435
11.48	0.41633703659366	1.2974464230399	0.0068389225561952	0.035072152507258	0.17481591104581	0.086364448433514	0.92634771135362	0.011649821451598	0.023154019698286
11.872	0.39976715986	1.2710826771321	0.0067375514509322	0.035203410151658	0.17122731325177	0.086117417905126	0.87893015717263	0.01155455608431	0.023082746409567
12	0.3959469975229	1.2651649080724	0.0067340676602564	0.035242139898838	0.17041817962816	0.086222298421857	0.86728778257934	0.011561596215376	0.023112811902362
12.2	0.38797743642485	1.2566573552264	0.0062874622844715	0.032674459137055	0.16925427821049	0.083602288631203	0.8484557966736	0.010476369981145	0.022077346395325
12.48	0.37981705399012	1.2468028254594	0.0059410936865647	0.03215492996385	0.16790201442801	0.081412863763935	0.82767051135039	0.0098955388268046	0.021319100096368
12.872	0.37215023346938	1.2369268283393	0.0057481575375313	0.032136326947942	0.16653607821879	0.080052529784567	0.80687531152548	0.0096786936726968	0.020942360400352
13	0.37033826509492	1.2344262571148	0.0057187058550166	0.032144489544814	0.16618741710892	0.079821155585553	0.80151635247712	0.0096550616701096	0.020891039979376
13.2	0.36528552510937	1.2286681988717	0.0052912170230341	0.029527263720283	0.16539486127407	0.076699425605832	0.79201676028871	0.0086973347302748	0.019782785579336
13.48	0.36016476870277	1.2214223963437	0.0049476722039788	0.028946295576837	0.1643946505055	0.073902996799071	0.78118386594901	0.0081595365838583	0.018926308048514
13.872	0.35537637531885	1.213693464938	0.0047423030075346	0.028878931622367	0.16331846096082	0.071922396850094	0.76996599273778	0.0079374442119514	0.018444779344768
14	0.35424284891344	1.2116736545667	0.0047081302980651	0.028875617381489	0.1630347445053	0.071536756847761	0.76701431222857	0.0079089145924204	0.018367160760973
14.2	0.35043904189688	1.2059145104507	0.0043516723332138	0.026543060241784	0.16224311220431	0.068449559192655	0.76123927356993	0.0071493038955561	0.017364618949324
14.48	0.34670125219613	1.1990532672716	0.0040675924795961	0.026029273136883	0.16129586729025	0.065703783818166	0.75460557965935	0.0067242741600199	0.016594933617825
14.872	0.34332068382317	1.1921255679463	0.0038986803734897	0.025963460746105	0.16032908310384	0.063762577378806	0.74769022170009	0.0065482025743413	0.016161873470744
15	0.3425283519007	1.1903780198374	0.0038706010414836	0.025958630856987	0.16008252491473	0.063384732233733	0.74586737148843	0.0065253029556453	0.016091603563602
15.2	0.33926756398576	1.1844421836235	0.0035949346166233	0.023948153946823	0.15926866897128	0.060659860523024	0.74119265136745	0.0059474194326837	0.015253710240047
15.48	0.33605623601735	1.1776602132124	0.0033783667395371	0.023518437618573	0.15833391608327	0.058282422033598	0.73570064782943	0.0056292896259932	0.014621275021746
15.872	0.33310304665394	1.1709880025728	0.0032518806362876	0.02346469813866	0.15740368930358	0.05663806583059	0.72976194920886	0.0054999386797587	0.014272960943229
16	0.3323918208075	1.1693181385124	0.0032311444611875	0.023460655371034	0.15716823177547	0.056323094432016	0.72815370332139	0.0054833409558603	0.014217334479172
16.2	0.32899964409637	1.1626431161395	0.0030223590824057	0.021712327496494	0.1562568963569	0.054019542199394	0.7225275176549	0.0050437120671338	0.013527400119455
16.48	0.3254744987773	1.1550623681467	0.0028605685942185	0.021351624227759	0.15521692785492	0.052050651266612	0.71565030447453	0.0048063516438918	0.013016324064742
16.872	0.32197353511235	1.1474189014097	0.0027679040175773	0.021309238516137	0.15415851917668	0.050723777247788	0.70780643438736	0.0047121973777926	0.012742382802012
17	0.32108297667828	1.1454475164409	0.0027529311778882	0.021306033367292	0.15388319125555	0.050474003550037	0.70560512319783	0.0047003151743636	0.012699464376821
17.2	0.31695208876252	1.1371863331998	0.0025931920780316	0.01975887819353	0.15276085000959	0.048530764841972	0.69740080418023	0.00435914546598	0.012122459861334
17.48	0.31237357997964	1.1276536618286	0.002471078143576	0.019451775516893	0.15146098097166	0.046903998043477	0.68711536868903	0.0041788531938079	0.011703467751405
17.872	0.30748120442971	1.1175992138727	0.0024025434367152	0.019418203318426	0.15008112445628	0.045836860907006	0.67504200460189	0.0041092582563999	0.011485323136904
18	0.30618855232743	1.1149032902271	0.0023915971401308	0.019415342088924	0.14970912219275	0.045638906367848	0.67159078203883	0.0041005623894818	0.011451662996788
18.2	0.30086664049979	1.1042489121784	0.0022663758654874	0.018031554254358	0.14826770903528	0.043972975919529	0.6596819297922	0.0038288221645837	0.010957714772673
18.48	0.29468263226602	1.0916834172547	0.0021720790881007	0.017768818461366	0.14656314536011	0.042607459103633	0.64456332060934	0.0036886827764521	0.010606720969439
18.872	0.2877596247547	1.077876287045	0.0021202916381379	0.017741978167964	0.14468207568328	0.041735133556299	0.62658154397229	0.0036361251764046	0.010429265353789
19	0.28589515324278	1.0740598657213	0.0021120725825346	0.017738937118096	0.14416035065949	0.041574770876809	0.62139502712202	0.0036295297174477	0.010402055999006
19.2	0.27914200743646	1.0604294067783	0.0020111692505044	0.016500429255479	0.14232197568881	0.040119037801492	0.6052418233981	0.0034078321040761	0.009971041955413
19.48	0.27106213303902	1.0440447157101	0.0019364925569055	0.016277478302215	0.1401076250402	0.03895054647646	0.58461609356987	0.0032966709852481	0.0096719049130337
19.872	0.26178035340673	1.0255167620197	0.0018964099803119	0.016255916516158	0.13759601218704	0.038221903341603	0.55994534425381	0.0032561902094434	0.0095248790738869
20	0.25925729581503	1.020298786841	0.0018900466447349	0.016252373023156	0.1368870449459	0.038088199036358	0.55280551301219	0.0032509959015762	0.0095022379179845
20.2	0.25114793550257	1.0035848467499	0.0018067022586895	0.015150064367371	0.13463754527999	0.036797388078049	0.53271830805517	0.0030666626699325	0.0091217253892469
20.48	0.24130544852384	0.98328013835565	0.0017462010561745	0.014963801102709	0.13190025418264	0.035781617032796	0.50708871410736	0.0029771120062324	0.0088641596827613
20.872	0.22989535474304	0.96002799258431	0.0017144734583585	0.014946394852891	0.12875825261969	0.035160941542045	0.47650145654856	0.0029454233653354	0.0087408557903253
21	0.22678476746941	0.95344095115095	0.0017094131525191	0.014942385233457	0.12786662438321	0.035046730242404	0.46768053515425	0.0029412169293253	0.0087216728112581
21.2	0.21782836423213	0.93437717019585	0.0016391663731463	0.013966660182339	0.12530436387284	0.033892009055353	0.44514090804214	0.0027856000731015	0.0083836298635975
21.48	0.20694959449721	0.91126347176633	0.0015892077132831	0.013813208050063	0.12219321622498	0.032999897016942	0.41662286724933	0.0027125382470136	0.0081606656351054
21.872	0.19441686587561	0.88493816918708	0.0015636245060916	0.013799044642346	0.11864261340481	0.032464357261751	0.38299285598519	0.0026874062764509	0.0080566420089565
22	0.19101103670799	0.8775322643935	0.0015595418819342	0.013794984895274	0.11764228385053	0.032365863279701	0.37340540548169	0.0026839795448753	0.0080403903742573
22.2	0.18210487063082	0.85782212256148	0.0014993333827556	0.012931373155163	0.11499532255914	0.031328033510989	0.35092820810393	0.0025506818048428	0.0077386954548578
22.48	0.17140716019433	0.83428471291143	0.001457424704833	0.01280559257359	0.11182988190761	0.030540674532247	0.32292300346981	0.0024902981555979	0.007544990545932
22.872	0.15931418739447	0.80804576732993	0.0014365321061573	0.012794053213011	0.10829433610353	0.030077159477613	0.2905736778828	0.0024701711167132	0.007457208066206
23	0.15605582030196	0.80078994209442	0.0014332435095943	0.012790496267316	0.10731529435486	0.029992951667488	0.28151466844211	0.002467430129407	0.0074436854211101
23.2	0.14816134053071	0.78274000826099	0.0013819573243455	0.012013074025301	0.10489219106856	0.029068429863016	0.26169371468077	0.0023505870197459	0.0071877806112848
23.48	0.13885440433344	0.76163344554944	0.0013467961044803	0.011908280291084	0.10205461527282	0.028379722871931	0.23746395857214	0.002299548094761	0.0070263162278363
23.872	0.12859759520351	0.7387564392069	0.0013297367253204	0.011898966230511	0.098972955647884	0.027984015556547	0.2101613117797	0.0022831919482164	0.0069551813316305
24	0.12586527300425	0.73256221321002	0.0013271275824363	0.011896258201779	0.098137349082457	0.027913907295881	0.20266773773437	0.0022810519465332	0.0069445125608578
24.2	0.12514742495791	0.75587886065937	0.0015442986132259	0.013107864227923	0.10122561677385	0.033553001923666	0.18700058914636	0.0023991874498238	0.0098374178365796
24.48	0.12167164507646	0.76732366650421	0.00165856225442	0.013254601562359	0.10273165574114	0.037407774119327	0.16816429927942	0.002447301412883	0.011339920510494
24.872	0.11586489037469	0.76563593764174	0.0017002720480247	0.013259983903337	0.10248216918445	0.039402789832016	0.14745409508201	0.0024598414101923	0.011884646421465
25	0.11412243347916	0.76353187884927	0.0017047182040685	0.013258785730889	0.10219382554719	0.039701827116773	0.141891910253	0.0024606128698257	0.011944046232864
25.2	0.11044679155729	0.73700569750788	0.0018245547654766	0.019006352855661	0.098650895598281	0.041667026099804	0.1311194682102	0.0032234464098467	0.011600607978754
25.48	0.10571043977751	0.71533938076162	0.0019399140087381	0.019680047947448	0.095747319804055	0.043295044404336	0.11849789997437	0.0035339381351215	0.011606318821555
25.872	0.10067695250354	0.69890010090056	0.0019986256244006	0.019707711751105	0.09353373658423	0.04417196749768	0.1049773615195	0.0036171115755059	0.011637656227876
26	0.099362799111265	0.69520125361586	0.0020061129943974	0.019705886488974	0.093033838052459	0.0443015782246	0.10140273997073	0.0036236720441164	0.01164139190976
26.2	0.097995403663708	0.68269710036972	0.0022374548586195	0.023792891208155	0.091359176411722	0.046766222564212	0.094536846522292	0.0042142433204724	0.012408415311577
26.48	0.095654515406627	0.67277085779301	0.0023905335247956	0.024250659809443	0.090023403856229	0.048640064992232	0.08656116660005	0.00444927433121	0.012911379491044
26.872	0.092841833399392	0.66470230203266	0.0024553804085109	0.024266435809925	0.088930983894981	0.049621093849928	0.078111355849562	0.0045101824134902	0.013104579868293
27	0.092072795095622	0.66275663264316	0.002462922642864	0.024264809663773	0.088666417202246	0.049764988675024	0.07589684106821	0.0045147575991619	0.013125156587707
27.2	0.092287695703648	0.66178689825427	0.0026394306731958	0.026549829748025	0.088528808425376	0.052955117292097	0.071628867381876	0.0048479384997024	0.014060184809056
27.48	0.091563306594209	0.66053346414667	0.0027459153847974	0.026796825505766	0.088351091161233	0.055175453415027	0.066693338438333	0.0049781180429545	0.014582672935282
27.872	0.090195860958041	0.65816666449414	0.0027881281496604	0.026804068278651	0.088021875945416	0.056296429842329	0.061493934524705	0.0050109873268147	0.014770161800587
28	0.089776062457287	0.65736557642055	0.0027928303733512	0.026803063732433	0.087910769844338	0.056459187812257	0.060137462423264	0.0050133610598668	0.014789686931145
28.2	0.089960663783478	0.65735440355347	0.0028882223730177	0.027933806745619	0.087902191804027	0.058649852342979	0.057473852804699	0.0051806069079882	0.015314705730143
28.48	0.089549879875088	0.65691495903122	0.0029443731280774	0.028053446568348	0.087834348180437	0.060141680740058	0.054395494997804	0.0052452699488192	0.015601420952574
28.872	0.088713910597146	0.65556296618674	0.0029661279050855	0.028056372202402	0.087641801409681	0.060885007826815	0.051152013715568	0.0052613135661498	0.01570252088048
29	0.088452734553868	0.65507111120987	0.0029684985298838	0.028055767605102	0.087572293888447	0.060992036159373	0.050305614421294	0.0052624291657787	0.015712867178505
29.2	0.08836236546207	0.65461809117582	0.0030085095723677	0.028434907268868	0.087505674187868	0.062103557348482	0.048583914623323	0.0053216544309524	0.015931644684462
29.48	0.087963623978329	0.65387960735381	0.003031124363309	0.028474224162909	0.087398751353321	0.062847312461431	0.046586565474688	0.0053443550058946	0.01604787342515
29.872	0.087347137469351	0.65266924905244	0.0030395469527351	0.028474568538538	0.087225814836159	0.063213227556252	0.044470319589631	0.0053498055080328	0.016087869974139
30	0.087164048121303	0.65228322360717	0.00304041979172	0.028474172071379	0.087170614880026	0.063265215332813	0.043915880547288	0.0053501349803748	0.016091792905718
30.2	0.086831484846716	0.65134579059639	0.0030445388279421	0.028368230046171	0.087040034426619	0.063584823142627	0.042741700940089	0.005339557060912	0.016110437155662
30.48	0.086386401629741	0.65024274164041	0.0030455592604994	0.028356480457535	0.086885050930304	0.063785026385766	0.041371611945214	0.0053353380488601	0.016116065460851
30.872	0.085870170368465	0.64899866871806	0.0030454461423929	0.028355163955772	0.086708100848636	0.063878446312527	0.039908867883622	0.0053340249426125	0.016116648351977
31	0.085728399018043	0.64865478716656	0.0030453608427968	0.028354867428525	0.086658651150698	0.063890786169115	0.039523646144638	0.0053338476677099	0.01611642642678
31.2	0.085224135898471	0.64735585532172	0.0030265358665302	0.027940667271285	0.086480353668527	0.063684237228826	0.038677125224775	0.0052788207857538	0.016007073706351
31.48	0.084734851912959	0.64597527837203	0.0030137966195052	0.027896683403521	0.086288791717387	0.063524544398481	0.037683772799346	0.0052575107695143	0.015942191805194
31.872	0.084271367659427	0.64467712331113	0.0030082530932185	0.027894284850086	0.086105007426808	0.063437925737681	0.036615679898683	0.0052519015309155	0.015917677104862
32	0.084153556170336	0.64435336504482	0.0030075564818803	0.027894034340724	0.086058344455135	0.063424068682768	0.036333047904924	0.0052513979870445	0.015914805280529
32.2	0.083538825686715	0.64281449520973	0.0029743414408624	0.027288731054112	0.085848445574597	0.06288174667452	0.035691076208334	0.0051687272305637	0.01572523339425
32.48	0.083020390785346	0.64125162739252	0.0029529973821484	0.027224835225956	0.085632934242542	0.06249308699242	0.034934102688371	0.0051368016514305	0.015616270892161
32.872	0.082589936335139	0.63991680931632	0.0029440611521506	0.027221751334035	0.085444589048561	0.062292152761358	0.034115242104226	0.0051285197709314	0.015576070024884
33	0.082487333577611	0.63960560145947	0.0029429816505442	0.02722152279405	0.085399690929209	0.062261665162593	0.033897674960085	0.0051278110561741	0.015571536041832
33.2	0.081807015534039	0.63792024234589	0.002901030854632	0.026502665690027	0.085170586595744	0.061512043832786	0.033387283512908	0.0050286252518593	0.015333342104378
33.48	0.081273581505662	0.6362499928898	0.0028744862543213	0.026426981098804	0.084941068991308	0.060982734871052	0.032782887902034	0.0049903650039819	0.015197756829889
33.872	0.08086671352847	0.63489957392635	0.0028635049805179	0.026423491039976	0.084750943476587	0.060711845964727	0.032125540461377	0.0049804878555803	0.0151480959372
34	0.080774352910852	0.63459802719515	0.0028621947653531	0.026423275396699	0.084707418492127	0.060671202525536	0.031950240722457	0.0049796562220946	0.015142558933076
34.2	0.080059221158754	0.63283243515081	0.002815245604068	0.025642128329133	0.084467894915756	0.059799623049965	0.03152533505854	0.0048713163311403	0.014876629209014
34.48	0.079521118391875	0.63110788983452	0.0027857508592525	0.025560019409486	0.08423141567134	0.059188327398195	0.03102019052753	0.0048295525541893	0.01472595969111
34.872	0.079132331661662	0.62975817360027	0.0027736175673627	0.025556318370503	0.084041663771418	0.058876974150147	0.030468028274242	0.0048187960165141	0.014670964169139
35	0.079047080536688	0.62946484477779	0.00277217819154	0.025556113179529	0.083999314956743	0.058830490193867	0.030320272544079	0.0048178972136994	0.014664864462873
35.2	0.078317701181278	0.62766473061795	0.0027226956324151	0.024746433846934	0.083755428562947	0.057893320305042	0.029950832240406	0.0047052548804721	0.014384971544197
35.48	0.077781935387664	0.62592224751964	0.0026917349560663	0.024661430907987	0.083516807879955	0.057238744608486	0.02951009960591	0.0046618537000419	0.014226824645588
35.872	0.077407720150085	0.62458468930168	0.0026790396517021	0.024657652419687	0.083328940116629	0.056906380716629	0.029026206914514	0.0046506913253131	0.014169219107354
36	0.07732753530516	0.62429874567418	0.0026775385465635	0.024657457645419	0.083287652598675	0.05685690665715	0.02889633038673	0.0046497627454372	0.014162849197227
36.2	0.076597606316552	0.62249555969512	0.0026271387630767	0.02384129058036	0.083043565026466	0.055891166990445	0.028563027791179	0.0045359908133715	0.013878018991031
36.48	0.076068966746236	0.62076003999373	0.0025956845371324	0.023755695447436	0.082806099377461	0.055218669797124	0.028164310132735	0.0044921721586593	0.013717375186018
36.872	0.075707224105982	0.61944286388428	0.0025828138988568	0.023751928269691	0.082621197030872	0.054878017223475	0.027725018498596	0.0044809140452096	0.013658944307024
37	0.075630822162134	0.6191639200589	0.0025812953677964	0.023751744426992	0.0825809159017	0.054827416570418	0.027606838122648	0.0044799803640576	0.013652496358695
37.2	0.074909515662916	0.61737939145071	0.002531026176807	0.022943273901709	0.082339497727465	0.053857194948989	0.027297758769228	0.0043671250617348	0.013368576084394
37.48	0.074391413813225	0.61566807824257	0.0024997076085336	0.022858563008552	0.082105465503535	0.053183206591249	0.02692731764044	0.0043236748105914	0.013208655347294
37.872	0.074041119096189	0.61437751887611	0.0024869115156051	0.022854864144573	0.08192434573853	0.052842478152321	0.026518208535591	0.0043125206636791	0.013150551612837
38	0.073967761256629	0.61410554952432	0.0024854041881477	0.022854691627627	0.081885064301478	0.052791951488677	0.026407976122471	0.0043115978100471	0.013144149758207
38.2	0.073261223296362	0.61235465079868	0.0024359324612373	0.022062829691103	0.081648289358341	0.051832682699625	0.026116231898374	0.0042009494709687	0.012864856303696
38.48	0.072756158966888	0.61067951562132	0.0024051485891254	0.021979925615626	0.081419268584344	0.051167663786182	0.025766183348188	0.004158362142931	0.012707698330232
38.872	0.072417013870794	0.60942041273919	0.0023925849856681	0.021976330085963	0.081242563517006	0.050832057573732	0.025379064373638	0.0041474373233815	0.012650649591294
39	0.072346326121321	0.60915562247542	0.002391106911312	0.02197616900953	0.081204305873735	0.05078236175048	0.02527466482964	0.0041465352694989	0.012644372039578
39.2	0.071658611275459	0.60744847321353	0.0023428448197769	0.021206306465862	0.080973504379894	0.049843699697186	0.024996572101819	0.0040388790443016	0.012371998345463
39.48	0.071168393775175	0.60581766890398	0.0023128408072273	0.021125762095877	0.080750566049014	0.049194130008168	0.024662738674841	0.0039974544524344	0.012218854207508
39.872	0.070840489623184	0.60459366793192	0.0023006061346404	0.021122290029026	0.080578749332862	0.048866836635798	0.024293321555322	0.0039868345643207	0.012163304425515
40	0.0707723142968	0.60433634778447	0.0022991682689906	0.021122140249819	0.080541551202214	0.048818433076756	0.024193656907446	0.0039859592708772	0.012157198605402
40.2	0.070105984351301	0.60267949219038	0.0022523586550616	0.020377333927932	0.080317579508074	0.047906186325991	0.023927406436894	0.0038817450990826	0.0118930913709
40.48	0.069631843935671	0.60109829226791	0.0022232774526537	0.020299457516126	0.080101412502825	0.047275905424364	0.023607756537864	0.0038416539359413	0.011744688636322
40.872	0.069315396445974	0.59991191638141	0.0022114273136794	0.020296119138952	0.079934808819849	0.046958787435645	0.023253982400233	0.0038313815780144	0.011690893399822
41	0.06924968272953	0.59966232937442	0.0022100358977093	0.020295980319258	0.079898702257876	0.046911942343392	0.023158529948314	0.0038305363355608	0.011684986293287
41.2	0.068606215778986	0.59805965738368	0.0021648099642821	0.019577755994821	0.079682065149602	0.046029379300452	0.022903293700789	0.0037299939117789	0.011429868742279
41.48	0.068148886060592	0.59653113667331	0.0021367272384368	0.019502695777949	0.079473066708839	0.045420489617011	0.022596902847608	0.0036913221282577	0.011286590645329
41.872	0.067844067722971	0.59538387448886	0.0021252903860166	0.019499494849493	0.079311863390102	0.045114538846199	0.02225784082436	0.0036814182516542	0.011234681792898
42	0.067780801559585	0.59514218868602	0.002123948561157	0.01949936651758	0.079276867857879	0.045069390679265	0.02216636496668	0.0036806045962064	0.011228986947452
42.2	0.067160890793255	0.59359563970333	0.0020803646892658	0.018808258661482	0.079067811957863	0.044218117254516	0.021921753807747	0.0035838206898725	0.010983175944661
42.48	0.066720692951677	0.59212121576833	0.0020533123222721	0.01873605974296	0.078866159634661	0.043631590233709	0.021628181221598	0.0035465993442425	0.010845181874025
42.872	0.066427553695266	0.5910136628892	0.002042300075662	0.018732995881458	0.078710425500696	0.043337234318946	0.021303377508207	0.0035370708998466	0.010795210967547
43	0.066366719987901	0.59077992815384	0.0020410089728034	0.018732877479501	0.078676544774922	0.043293838996435	0.021215761220869	0.0035362892322135	0.010789733222488
43.2	0.065770500515493	0.58929004103428	0.001999078676881	0.018068789335589	0.078475131519709	0.042474385808972	0.020981532204299	0.0034432593075583	0.010553284390831
43.48	0.065347431678788	0.58786991923741	0.0019730604726213	0.017999431615634	0.078280842336137	0.041910466461462	0.020700489376122	0.0034074844910069	0.010420590372245
43.872	0.065065881356204	0.58680195662074	0.001962473011251	0.017996501860179	0.078130551470561	0.041627773016935	0.020389628061337	0.0033983295386854	0.010372557738681
44	0.065007448318785	0.58657611102269	0.0019612324797817	0.017996392780997	0.078097774513479	0.041586134011652	0.020305786320717	0.0033975795401389	0.010367296388093
44.2	0.064434670266105	0.58514245033239	0.0019209376422523	0.017358834674614	0.07790393670741	0.040798346843272	0.020081707164427	0.0033082419541031	0.010140100422906
44.48	0.064028488357094	0.58377598416669	0.0018959397471722	0.017292257928065	0.077716915050692	0.040256821971253	0.019812907869714	0.0032738879872865	0.01001263248827
44.872	0.063758313323503	0.58274696187082	0.0018857702866163	0.017289457779266	0.077571971299762	0.039985633650863	0.019515662176013	0.0032650990825927	0.0099665064776731
45	0.063702229591542	0.58252885291675	0.0018845793789672	0.017289357394446	0.077540275105721	0.039945721883001	0.01943550483642	0.0032643799918591	0.0099614573721777
45.2	0.063152387869293	0.5811503309485	0.0018458836167614	0.016677603251795	0.077353859636351	0.039189019658654	0.01922130562843	0.0031786384842479	0.0097433035280698
45.48	0.062762685411967	0.57983630301819	0.0018218813855024	0.016613723567814	0.077173934605081	0.038669394477169	0.01896441506223	0.00314566659048	0.0096209328516646
45.872	0.062503578307195	0.57884520464165	0.0018121189279902	0.016611047676207	0.077034193501141	0.038409417673477	0.018680400466341	0.0031372330120695	0.009576662513141
46	0.062449775975026	0.57863461441657	0.0018109762193153	0.016610955357397	0.077003546461178	0.038371184563617	0.018603821221393	0.0031365438085296	0.0095718194461866
46.2	0.061922204830973	0.5773097268629	0.0017738323322848	0.016024144752406	0.07682434555135	0.037644728753285	0.018399187855037	0.0030542821895434	0.0093624371141756
46.48	0.061548467982501	0.57604655875038	0.0017507948199174	0.015962865217008	0.07665129884211	0.037146342391283	0.018153818175882	0.0030226461520997	0.0092450029827887
46.872	0.061300058291369	0.57509213441401	0.0017414259524788	0.015960307833735	0.076516585326348	0.03689720504142	0.017882591864895	0.0030145553547193	0.0092025263446322
47	0.061248457763439	0.57488880248247	0.0017403297498722	0.01596022296817	0.076486950289276	0.036860591004899	0.017809468828163	0.0030138948784864	0.0091978819594003
47.2	0.060763787913608	0.5738499435356	0.0017058694896316	0.015388616584035	0.076345598187479	0.036175656622292	0.017613674150187	0.0029339932165077	0.0090130758786683
47.48	0.060419410632809	0.57278778772163	0.001684224719851	0.015328914329326	0.076199266847828	0.03570531535816	0.017378903214774	0.0029032587905527	0.0089077886046206
47.872	0.06018776321141	0.57194157924363	0.0016753560101766	0.015326441249758	0.076079044498479	0.035470290151747	0.017119393782438	0.0028954013981055	0.008869456739901
48	0.060139152225206	0.57175547540265	0.0016743147942491	0.015326365413284	0.07605173887774	0.035435769462295	0.017049430970512	0.0028947614657624	0.0088652520125637
48.2	0.065494866906641	0.61103402761588	0.0019105128082421	0.016720900694692	0.081224916092718	0.041487693566196	0.016903422470841	0.0030479497533865	0.011879830480364
48.48	0.068898973976855	0.63771409324517	0.0020286030144161	0.016865251671515	0.084744505988286	0.045416269949521	0.016729710805894	0.0031061732615186	0.013346365563707
48.872	0.070513813429453	0.65127296259356	0.0020696470873905	0.016871542928901	0.086531343447886	0.047338146079419	0.016542613552053	0.0031211370953273	0.013841340318923
49	0.070737294899547	0.65325003541236	0.0020740374586499	0.016871831649121	0.086790461948027	0.047617128964859	0.016493541447036	0.003122418444697	0.013893208398107
49.2	0.07120870812303	0.63595918997091	0.0022085233783983	0.022768239035663	0.084509242208609	0.049735477528728	0.016693655442756	0.003918238997723	0.013602304917801
49.48	0.071320538786821	0.62586993592586	0.0023297873353248	0.023392109858366	0.083170466425733	0.051427953242894	0.016960829054064	0.0042265253501995	0.013644019935623
49.872	0.071470240521194	0.62170687420269	0.0023886299085233	0.023416377365106	0.082609786443996	0.052320578499036	0.017294745474136	0.004305642707699	0.013690724230651
50	0.071513867469831	0.62120837440888	0.0023960677582445	0.023416405195882	0.082540548073728	0.052454729382155	0.017391722898804	0.0043119938622508	0.013697617261036
50.2	0.07316776973198	0.61699568329733	0.0026423026581911	0.027752542864451	0.081980635071165	0.055147252746703	0.017990693133979	0.0049399827071939	0.014560717185982
50.48	0.074217994000824	0.61593258743012	0.0028021908054795	0.02821419675627	0.081833579354075	0.057157519921442	0.018741100261391	0.0051838740693705	0.015109043366951
50.872	0.074938231209681	0.61647162943716	0.0028691367908584	0.028232039310267	0.081895872373501	0.05820504551368	0.01961556037855	0.0052466157676544	0.01531812085888
51	0.075088008042329	0.61670183192612	0.0028770476382092	0.028231998094577	0.08192344372322	0.058361836972165	0.019858962213335	0.005251660878574	0.015341432252506
51.2	0.077413531493685	0.62147155510887	0.0030693508019798	0.030810320593507	0.082547153430046	0.061793834159226	0.020680634323806	0.0056267090000024	0.016366292654337
51.48	0.079025081536123	0.62619503010771	0.0031856483185208	0.03108613443262	0.083164577014074	0.064180391239471	0.021685803359312	0.0057725531843382	0.016938505867586
51.872	0.080072663567171	0.62961057886158	0.0032324585336596	0.031097223623004	0.083607769068979	0.065394986471571	0.022822179590669	0.0058103201240981	0.017146828486787
52	0.080279904787988	0.6302718036735	0.0032379122044534	0.031097317807384	0.083692464042649	0.065575283895116	0.023132172003659	0.0058134208074382	0.017169701024554
52.2	0.081953995901423	0.63429106592513	0.0033476998092808	0.032468022558117	0.084217501055183	0.067998998437305	0.023972032721285	0.0060150341773521	0.017774119024676
52.48	0.08318214353075	0.63805729501236	0.0034133830714245	0.032616087196736	0.084708408112762	0.06966552637998	0.024983071931753	0.0060938018941516	0.01810857559531
52.872	0.084030471882511	0.64076875761915	0.0034398156414683	0.032622539849763	0.085058024111701	0.070513916510186	0.026102500344123	0.0061144930566015	0.018230894949542
53	0.084205564878389	0.64130109253311	0.00344293016688	0.032622707526658	0.085125495169384	0.070640392884019	0.02640365395879	0.0061162564372807	0.018244532509544
53.2	0.085160876775127	0.6436999775791	0.0034930647237676	0.033151593561529	0.085436820790629	0.071936293104527	0.027121109306129	0.0061974421059426	0.018518444861248
53.48	0.085913564573587	0.64593626867092	0.0035224021276217	0.033209444800835	0.085725344635204	0.072820297735601	0.027973785179264	0.0062293890740989	0.018668276611429
53.872	0.086479295687136	0.64759710385251	0.0035341635964675	0.033212337975655	0.085935437061753	0.073271650674427	0.028902364674519	0.0062380055126616	0.018723554117899
54	0.086602363265803	0.64793379463992	0.0035355743584777	0.033212494303806	0.085976837901424	0.073339428865505	0.029149422002469	0.0062387932566551	0.018729886106783
54.2	0.086983614884632	0.64896132800721	0.003544803149697	0.03316547017769	0.086107301014461	0.073767193293429	0.029679952869235	0.0062376599961315	0.018775505414238
54.48	0.087333199207795	0.649909969399	0.0035490903016729	0.033160478984198	0.086225523593974	0.074047982025989	0.030302610181226	0.0062373299348739	0.018797099555003
54.872	0.087638382378688	0.65065609396656	0.0035506201370877	0.03316063029619	0.086314207566729	0.074190749045587	0.030969561639291	0.0062374735802088	0.018805213237093
55	0.087709946426156	0.65081494637861	0.0035508206353824	0.033160723168961	0.086331939099094	0.074212444020168	0.031144990612139	0.0062375505905955	0.018806300270931
55.2	0.087669508793207	0.65080876732672	0.0035326608282346	0.032731138060234	0.086326130491008	0.074035723934939	0.03147867761511	0.0061816705168439	0.018699082972974
55.48	0.0877091751258	0.65078127772887	0.0035200961113433	0.032683648204678	0.086315318894393	0.07389477448984	0.031863567859884	0.0061596843830459	0.018634312033374
55.872	0.087801106744929	0.65081180210697	0.0035146638376331	0.03268176743405	0.086309099254695	0.073819992541895	0.032266080932004	0.0061540414194767	0.018610253282044
56	0.087828468798401	0.65082669215405	0.0035140260665503	0.032681777973171	0.086307696132231	0.073808882241519	0.032370116004209	0.0061536152590156	0.018607690918425
56.2	0.087492306522352	0.65008189728466	0.0034780850573009	0.032007531601725	0.08620458960573	0.073231065351173	0.032527456141558	0.0060626158648436	0.018401387595024
56.48	0.087306370961381	0.64935310705959	0.0034545475389198	0.031932440372528	0.086101150322032	0.072809653133477	0.032701578677486	0.0060266276438095	0.018280380530476
56.872	0.08723538841658	0.64885614626833	0.003444539054599	0.031929132281207	0.086025059150239	0.072589317723302	0.032872719983591	0.0060171821724118	0.018235139859708
57	0.087227831615005	0.64876206238669	0.0034433416213305	0.031929063894946	0.086009197823474	0.07255608414916	0.032914801616904	0.0060164143958281	0.018230131838688
57.2	0.086692940638649	0.64751279255973	0.0033963306039743	0.031106162607966	0.085839712325084	0.071723087976218	0.032929088259423	0.005903957229133	0.017962282054837
57.48	0.086350451373312	0.64630325689586	0.0033659583577268	0.031014094285921	0.085672857998271	0.07112342265448	0.032933540362692	0.0058593569860075	0.017806270550339
57.872	0.08616188896368	0.64543701776428	0.0033530794588515	0.031009846506989	0.085547940481945	0.070810301051422	0.032920204198859	0.0058475383586722	0.017747726200159
58	0.086128483278611	0.64526498331307	0.0033515262395558	0.031009714041681	0.085521763578278	0.070762884693489	0.032913192919961	0.0058465508506933	0.017741157924939
58.2	0.08546665865859	0.64368782875613	0.0032980431147952	0.030103503910592	0.08530921278411	0.0697760823377	0.032819627348524	0.005721941414373	0.017437461900397
58.48	0.085021069182153	0.64216543328117	0.0032636878437407	0.030001831999394	0.085101174743771	0.069069577960318	0.03269699146868	0.0056724366189316	0.017261084126762
58.872	0.08475226615071	0.6410543984025	0.0032491291527217	0.029997016886792	0.084943983575868	0.068700892612069	0.032546610618075	0.0056592469806215	0.017194744770434
59	0.084700835219436	0.64082968317719	0.0032473652209135	0.029996838763909	0.084910862790743	0.068644956713385	0.032503325298735	0.0056581285345948	0.01718724877988
59.2	0.083963590538707	0.63905300712551	0.003190502691293	0.02905092162212	0.084672187470367	0.067573260403257	0.032333263313251	0.0055275847764059	0.016864977473295
59.48	0.083454525486793	0.63734055399939	0.0031540904609508	0.028944637214913	0.084439221470285	0.066808604315962	0.03212104543268	0.005475671392978	0.016678119637086
59.872	0.083134333154354	0.63607789314554	0.0031386640244626	0.028939525943703	0.084262139657661	0.066409890140415	0.031874824123294	0.0054617957629119	0.016607746335947
60	0.083071094982201	0.63581985265719	0.0031367898459639	0.028939319539632	0.08422465552139	0.066349350877276	0.031806304425906	0.0054606089667406	0.016599761939097
