# Time [h]	MS [g/L]	AA [g/L]	Butyric [g/L]	MO_AcidoLCFA [g/L]	MO_Acetic [g/L]	MO_hydroM [g/L]	Propionic [g/L]	Carbondioxide [g/L]	MO_Propionic [g/L]	MO_acetoM [g/L]	MO_ButyricValeric [g/L]	LCFA [g/L]	MO_AcidoMS [g/L]	Methane [g/L]	MO_AcidoAA [g/L]	Valeric [g/L]	Hydrogen [g/L]	Acetic [g/L]	Nitrogen [g/L]	NH4N [g/L]
0.2	0.00067064736904097	0.00095629589165697	0.0014869814228116	1.3709162339522	1.0318535794825	3.199912123341	0.0050402741258029	0.71272483612367	1.1340078909463	1.860494375197	1.9587089266955	0.014209194806699	7.0091291361365	0.062047992450143	1.0205233071276	0.00047445414725959	8.9938274345296e-08	1.2501557905577	2.1241798129247	2.0733888116945
0.48	0.0006108874774864	0.00096509432349324	0.0011931094171208	1.3710757943586	1.0332297565727	3.2059796055852	0.006100144996193	0.62981166875616	1.1341890212829	1.8673443429855	1.958679382773	0.028925612175317	7.0078211955019	0.063949387411468	1.0204958386349	0.00043637951611373	8.7976318352062e-08	1.0446534431327	1.703686213057	1.6977818439659
0.872	0.00061203027839228	0.00096728099002888	0.0011591213083613	1.3717354012824	1.0350975169544	3.2148067522697	0.0067086245470362	0.53050216458306	1.1345034920759	1.8766978171341	1.9585945459427	0.047877679217919	7.0059834773066	0.063321788883239	1.0204588403173	0.00043438110110465	9.1308773293857e-08	0.80134116547247	1.2942555923048	1.2941737582895
1	0.00061197048027786	0.0009669552791562	0.0011581114073665	1.3720628466095	1.0356924298066	3.2177635679855	0.0067917484878122	0.49989875319708	1.1346141285748	1.8796915275331	1.9585658576463	0.053568834006414	7.0053835428657	0.062816391109697	1.0204468544034	0.00043442134788097	9.2287887667226e-08	0.73278151691093	1.1847495951279	1.1847482617564
1.2	0.00040131726853953	0.00068050411949062	0.00094779040269519	1.3726872046419	1.0365956877083	3.2223652597921	0.0071139115926215	0.49226656809195	1.1347963458681	1.8842566595671	1.9584913208123	0.074140066169387	7.0043862609488	0.063017715572561	1.0203981321974	0.00036132684987379	9.1060038103452e-08	0.59768559953688	1.0327201840446	1.0327201700167
1.48	0.00039819692816239	0.00062080219602004	0.00086172562400901	1.3738283724416	1.0377843721843	3.2287923073747	0.007240900231262	0.43385630013293	1.1350634839986	1.8903158996725	1.9583419726675	0.10159082697875	7.002965289463	0.060631626086743	1.0203016409482	0.00032698324081361	9.0531689835935e-08	0.4349127176724	0.8526893370896	0.85268932740506
1.872	0.00039838423442559	0.00061439567885221	0.00084456862032162	1.3759317968208	1.0392361454393	3.2376235222456	0.0072698488927932	0.36941414241727	1.1354446586336	1.8978530282427	1.9581138409073	0.13700155607756	7.0009760872202	0.055507638357905	1.0201601808698	0.00031957259460916	8.7319911601046e-08	0.26381097458753	0.65267068378941	0.6526706782455
2	0.00039842548569366	0.00061415109708556	0.00084360915462296	1.3767495410557	1.039653552781	3.2404590993056	0.0072695645662706	0.35112530144593	1.1355696257356	1.9000605011444	1.9580385319344	0.1476250762765	7.0003266833935	0.053498789974742	1.0201138417485	0.00031916248427254	8.6366237158119e-08	0.22131692348573	0.59768319844543	0.59768319368512
2.2	0.00026662447701964	0.00043061893831569	0.00063097676676072	1.3781486024939	1.0402082690575	3.2445906596507	0.0058448639520992	0.34145733151958	1.1357375808609	1.9030678404156	1.9578885267342	0.17043939137732	6.9992742826636	0.050420656225015	1.0200216815109	0.00024194637346143	7.7015633852535e-08	0.14962106206699	0.52096731824106	0.52096731441884
2.48	0.00026490504601807	0.00039356461131406	0.00055529628653745	1.380355455261	1.0407530306955	3.2496787052227	0.0048495454823101	0.29403569043977	1.1358994354381	1.9062229738359	1.957635510307	0.20014576315598	6.9977855125644	0.042724730022441	1.0198744596318	0.00021239318177862	6.7085316134987e-08	0.084718805120785	0.4299962902961	0.42999628740653
2.872	0.00026517060714715	0.00038996069364984	0.00054171119283624	1.3838547932619	1.0411535942655	3.2559282072186	0.0044379465943183	0.23497799554752	1.1360593172224	1.9089879276603	1.9572650571271	0.23698391012234	6.9957015693998	0.031909265299766	1.0196643927567	0.00020679286219524	6.0454287879508e-08	0.046665629788765	0.32900343752452	0.32900343549928
3	0.00026524723365773	0.00038992418159366	0.0005411242657248	1.3850849440318	1.0412367464256	3.2578918485308	0.0043920758894078	0.21869112912169	1.1361056079144	1.9096733742843	1.9571434525319	0.24774377614044	6.9950212421973	0.029124131295358	1.0195957168409	0.00020655011941248	6.0419957006808e-08	0.041207594746845	0.30124856574621	0.30124856393321
3.2	0.00018080354581786	0.00027869794438954	0.00041032288228967	1.3870826285688	1.0413280690067	3.2608028578779	0.0033414390625502	0.20025314643663	1.1361486038578	1.9105678489645	1.9569328252917	0.26676060352746	6.9939340443963	0.026353789415166	1.0194762553321	0.00015795024491798	5.596038988469e-08	0.032821115661748	0.26252383617768	0.26252383464521
3.48	0.00017984358787566	0.00025671122667491	0.00036502725894422	1.3900135657974	1.0414044174855	3.2646525392362	0.0027175551025889	0.16910187961997	1.1361483570117	1.9115844656814	1.9566112098035	0.29069609951969	6.9924022074332	0.022710967377279	1.0192979635217	0.00013979779356029	5.3908068275723e-08	0.027554673082801	0.21657048869613	0.21657048747518
3.872	0.00018018432171992	0.00025484884137019	0.00035735552046072	1.3943071421991	1.0414727727123	3.2699686802126	0.0024983914750103	0.13827230349074	1.1361037242415	1.9128317659618	1.9561511662673	0.31899020802819	6.9902580925212	0.019976852484433	1.0190460243886	0.00013652418055962	5.4046663829371e-08	0.02564010277976	0.16547093705692	0.16547093615803
4	0.00018029156414257	0.00025492467099383	0.00035714383270184	1.395746099616	1.0414924754281	3.2717195533412	0.0024774033145813	0.13025898694504	1.1360857802945	1.9132272362193	1.9560005814005	0.32698553377671	6.9895581248812	0.01949629803304	1.0189637187815	0.00013642696090237	5.4367966241725e-08	0.025511756046067	0.15141503932476	0.15141503851036
4.2	0.0001261918114825	0.0001860456429781	0.00027564113192709	1.3980271753745	1.0415190966556	3.2743979269676	0.0019124278013876	0.11915831953157	1.1360383055217	1.9138261781751	1.9557521875985	0.33878105864847	6.9884489866184	0.019534969651112	1.0188275390819	0.00010568413113203	5.2529820183968e-08	0.024350455151637	0.13179464798523	0.13179464728598
4.48	0.0001257105747392	0.00017264863224509	0.00024791952108858	1.4012751487402	1.0415474639644	3.2780549044211	0.0016094289995641	0.10356275527222	1.1359367746058	1.9146240564277	1.9553876688356	0.35291840930146	6.9868900461893	0.018991406763956	1.0186300480314	9.4376169763012e-05	5.189474352237e-08	0.023528843984226	0.10850284637213	0.10850284580557
4.872	0.00012616297767556	0.00017181705111464	0.00024364530925163	1.4058892949843	1.0415799157244	3.2831460986724	0.0015138825964523	0.087732845729676	1.135772271204	1.9157082657329	1.9548713202859	0.3684850819095	6.9847080462528	0.018591073984997	1.0183521512662	9.2488391732253e-05	5.2132651856246e-08	0.023306630856303	0.082598273530992	0.08259827310713
5	0.00012631175295346	0.00017197788787109	0.0002436753307039	1.407407131196	1.0415900100125	3.2848122586517	0.0015060962058556	0.083472655215362	1.1357169980472	1.9160601330057	1.9547025039521	0.37266114023723	6.9839957109681	0.018538078628535	1.0182613929771	9.2486667519569e-05	5.2286561674444e-08	0.023326584154153	0.075473059368538	0.075473058983064
5.2	9.2047314953099e-05	0.00012911138919542	0.00019281567237511	1.4097865300276	1.0416034921059	3.287370659174	0.0012024295874972	0.077244511573742	1.1356189070819	1.9165995068445	1.9544304717683	0.37639445084206	6.9828730021848	0.018833380216232	1.0181148691119	7.3080821448104e-05	5.1140158046566e-08	0.022792862155792	0.06552882933374	0.065528829001241
5.48	9.1925452841156e-05	0.00012093919415346	0.00017579594902126	1.4131229776186	1.0416167592017	3.2908752714761	0.0010490258500789	0.068830671627783	1.1354618497615	1.9173290493144	1.954039118551	0.38010195157505	6.9812974188106	0.018660840439657	1.0179054832956	6.6038301147093e-05	5.0693676170818e-08	0.022395190743129	0.053728433132982	0.053728432862451
5.872	9.25770274916e-05	0.00012085587532418	0.00017372938890436	1.4177763182888	1.0416290408321	3.295713302598	0.001005578807275	0.060046643861788	1.1352302630349	1.9183219278227	1.953487478234	0.38287841480776	6.9790921496509	0.018464384523526	1.0176114832507	6.5060688284096e-05	5.0695611595599e-08	0.022286931543927	0.040613864211872	0.040613864009103
6	9.2797449017565e-05	0.00012111848265878	0.00017397740335977	1.419288610399	1.0416321391485	3.2972819280438	0.0010032646960916	0.057653675329688	1.1351538586198	1.9186420603018	1.9533072277084	0.38334372603328	6.9783722171985	0.018424801894089	1.0175154798571	6.5142982348412e-05	5.0734606767912e-08	0.022297354053582	0.0370089270489	0.037008926864557
6.2	7.1878797549859e-05	9.4827569612313e-05	0.00014288322380234	1.4216377989925	1.0416347898138	3.2996875418818	0.00083343803002695	0.054203889493763	1.135027469031	1.9191322811631	1.953020515558	0.37989446111453	6.9772415123912	0.018602902870643	1.0173626024023	5.3104559412966e-05	4.9930479085982e-08	0.021992458062253	0.031981469825047	0.031981469666258
6.48	7.2127459106404e-05	9.0055775622305e-05	0.00013279601451649	1.4248863406387	1.0416331657267	3.3029668136532	0.00075153767636924	0.049570906246469	1.1348391368262	1.9197942095057	1.9526126441869	0.37454721017635	6.9756563067403	0.018409985261515	1.0171459636471	4.8840900601739e-05	4.9500166486349e-08	0.021747728911118	0.026024526505499	0.026024526376777
6.872	7.3184086378898e-05	9.0727109415459e-05	0.00013252028069945	1.4293277732751	1.0416223309326	3.3074210091888	0.00073349878140207	0.04473031935364	1.1345688648004	1.9206818672525	1.9520392898024	0.36658886304506	6.9734375758258	0.018127180888033	1.0168421440145	4.8578009975787e-05	4.9280570709541e-08	0.021664019400955	0.019422899273595	0.019422899177928
7	7.3550608352531e-05	9.1163332125856e-05	0.00013306602591574	1.4307506763741	1.0416170549932	3.3088454427427	0.00073444523188326	0.043422884554444	1.1344801676041	1.920963807834	1.9518520000065	0.36401035958072	6.9727132466897	0.018044764524669	1.0167429409062	4.8768814019378e-05	4.9238927194564e-08	0.021666178281716	0.017612723384383	0.017612723297732
7.2	6.2112264528303e-05	7.5841483024458e-05	0.00011530836309522	1.4329344764254	1.041606035327	3.3110133674059	0.00064103319623818	0.041676150904227	1.1343375133028	1.9213916273158	1.951556413955	0.35526278901429	6.9715783708271	0.018085245943173	1.0165862736043	4.1649569258399e-05	4.8602452368411e-08	0.021498707088289	0.015094853687316	0.015094853613171
7.48	6.2955262324133e-05	7.3585518279642e-05	0.00011023542267691	1.4358954491183	1.0415839408639	3.3139237984941	0.00059980513192167	0.039265025798297	1.1341312487692	1.9219599883874	1.951138768396	0.34344808641094	6.9699884119967	0.017786547692471	1.0163653932695	3.9347114009731e-05	4.8116245425639e-08	0.0213490115911	0.012126794064658	0.012126794005203
7.872	6.4962882431423e-05	7.5423238366158e-05	0.00011211790446459	1.4398201785522	1.0415397192703	3.3177573297588	0.00060013008688332	0.036883841251902	1.1338385171759	1.9226946946036	1.9505525911687	0.32822196032572	6.9677630125057	0.017317134604909	1.0160558316057	3.987602704205e-05	4.7698141926821e-08	0.021308517134161	0.0088700881975539	0.008870088154155
8	6.5677901677339e-05	7.6232086090707e-05	0.00011324233222691	1.441048491183	1.0415222833548	3.3189535715971	0.00060479691883971	0.036276470055045	1.1337426385477	1.9229208474765	1.9503611361761	0.32367209135966	6.9670365020133	0.017165598751407	1.0159547545097	4.0266117666316e-05	4.7597326202571e-08	0.021320648512002	0.0079848861341924	0.0079848860951464
8.2	6.1421173326384e-05	6.8310147801259e-05	0.00010491268706176	1.4428964177555	1.0414910450175	3.32074124684	0.00056033580852766	0.035673317483854	1.1335905858011	1.9232558335721	1.9500604038725	0.31219363949115	6.9659000656596	0.017058393291328	1.0157959222481	3.6495288624107e-05	4.7043188305617e-08	0.021279852136454	0.0067644168135379	0.0067644167804854
8.48	6.3611343620058e-05	6.8475114509686e-05	0.00010438368337698	1.4453213018358	1.0414381033768	3.3230648064183	0.00054895687950118	0.034711605270975	1.1333740100391	1.9236824022568	1.9496372222612	0.29734990761609	6.9643086671753	0.016594076900963	1.0155726687089	3.5828313047209e-05	4.6503390025349e-08	0.021257280649397	0.0053496134147678	0.0053496133886517
8.872	6.8044968066568e-05	7.2710670781233e-05	0.00011013543007589	1.4483743655334	1.0413447714992	3.3259589015394	0.00057208911675091	0.034020244607483	1.1330681324691	1.9241910180057	1.9490437241249	0.27928170880676	6.9620812026307	0.015879178069726	1.0152598672125	3.764417919777e-05	4.5984015032211e-08	0.021375438920259	0.0038456209361685	0.0038456209174125
9	6.9635890820208e-05	7.4368783599721e-05	0.00011255069431558	1.4492938206247	1.041310020985	3.3268239028589	0.00058348274715391	0.033905312279105	1.1329680050595	1.9243373810662	1.9488498726359	0.27408528210176	6.9613540103702	0.015649337056134	1.0151577268979	3.8454995356933e-05	4.5864997443698e-08	0.021442896417649	0.0034479204872654	0.0034479204704533
9.2	7.079548575149e-05	7.1139144954048e-05	0.00011110926442732	1.4506359712265	1.0412506223592	3.3280746012497	0.00057409972356231	0.034111715606597	1.1328102657458	1.9245425223791	1.9485460979437	0.26255573195702	6.9602174585808	0.015413840225064	1.0149976095319	3.6959496298445e-05	4.5389795741325e-08	0.021577099309196	0.0029134925341123	0.0029134925199109
9.48	7.594501967718e-05	7.419859981103e-05	0.00011581554108157	1.4523194427391	1.0411568066112	3.3296183686595	0.00059195533328335	0.034117320901027	1.1325871810771	1.9247804744303	1.9481194953451	0.24807142472748	6.9586262955331	0.014814798576148	1.0147728614081	3.7922142681166e-05	4.4892667683635e-08	0.021786801818466	0.0023214898525404	0.0023214898412289
9.872	8.4903061296454e-05	8.2258231404385e-05	0.00012775954270574	1.4543209051701	1.0410056249866	3.3314089592588	0.00064661551762029	0.034523530049315	1.1322728001716	1.9250218555813	1.9475213878466	0.23102479862787	6.9563991302361	0.014003025218556	1.0144579869069	4.1591264032565e-05	4.4441499526784e-08	0.022210466112769	0.0017386993153809	0.0017386993069121
10	8.7837467552567e-05	8.5088224903614e-05	0.00013206454458441	1.4549030701229	1.0409523413929	3.3319201154003	0.00066724701804948	0.034715079076733	1.1321699610413	1.925082542072	1.947326053048	0.2262149865992	6.9556720479208	0.013765173387982	1.014355176104	4.2966157764668e-05	4.4348607453075e-08	0.022368055475096	0.0015939000191077	0.0015939000113449
10.2	9.0747688008295e-05	8.3168988401779e-05	0.00013424485730786	1.4557388004527	1.0408651295521	3.3326406417565	0.00067927115216348	0.035372415326694	1.1320084820482	1.9251590446854	1.9470202619419	0.2163366928484	6.9545357396752	0.013556473755982	1.0141941337103	4.2549482721086e-05	4.3945251236148e-08	0.022661994301935	0.0014086339306478	0.0014086339237882
10.48	9.7725214799214e-05	8.6919987828503e-05	0.00014157479773989	1.456775305176	1.0407360521979	3.3335091532283	0.00071356252997163	0.035841210287051	1.1317810849051	1.9252337964899	1.9465912637743	0.20401769400588	6.9529449735396	0.013063071368663	1.013968184728	4.406040397511e-05	4.3493847512288e-08	0.023037459480799	0.0012185163497279	0.0012185163437947
10.872	0.00010684951059763	9.4492528806614e-05	0.00015408558198522	1.4580260223471	1.0405449382996	3.3345190854893	0.00077329760045245	0.036696239827821	1.1314618643915	1.9252901652209	1.9459903159386	0.18949829773114	6.950718573927	0.012518010873613	1.0136517480571	4.7555120909245e-05	4.2990367067508e-08	0.02351288490758	0.0010503797249998	0.0010503797198859
11	0.00010931223402759	9.6799672385573e-05	0.00015795306619367	1.4583992497369	1.0404808032544	3.3348135645147	0.00079232196170909	0.036993704820327	1.1313576597596	1.9253005275348	1.9457941559368	0.18537451750967	6.9499917873326	0.012379572982859	1.0135484567661	4.8701446434615e-05	4.2856921301155e-08	0.023648934724183	0.0010118123694162	0.0010118123644902
11.2	0.00010690357602592	9.1589949502378e-05	0.00015703680973242	1.4589503416897	1.0403791682239	3.3352400754589	0.00079573793403171	0.037757545160549	1.1311944708016	1.9253100909897	1.9454872845266	0.17746279473128	6.9488556929395	0.012350706408356	1.0133867281989	4.7333298124398e-05	4.2356352218486e-08	0.023843180518768	0.00096511796710557	0.00096511796240703
11.48	0.0001094350787876	9.0677552553854e-05	0.00015863766419603	1.4596670699504	1.0402346459347	3.3357801953928	0.00080809659613576	0.038288361410706	1.1309652925724	1.9253130633364	1.945056974879	0.16755683033455	6.9472649700376	0.012094997200901	1.0131598221177	4.6896871780567e-05	4.1722258587969e-08	0.024005368039346	0.0009214923896449	0.00092149238515886
11.872	0.00011257098089563	9.2219759550561e-05	0.00016235907534374	1.460593627989	1.0400293925763	3.3364600222577	0.00082835460543318	0.039161520321001	1.1306441233024	1.9253035392443	1.9444542783248	0.15581905294741	6.9450386125618	0.011842351447265	1.0128420032247	4.7431782227707e-05	4.0902880897388e-08	0.024075531920669	0.00088879114860501	0.00088879114427826
12	0.0001132770667103	9.276303166941e-05	0.00016347346720351	1.4608831414863	1.0399619161101	3.3366694682908	0.00083426502993366	0.039448256218708	1.1305392903857	1.9252982840263	1.9442575193895	0.1524748745837	6.9443118227305	0.011783899871538	1.0127382437296	4.7667548092877e-05	4.0664399384513e-08	0.024071550286639	0.00088246930082864	0.00088246929653268
12.2	0.00010558859804438	8.4670055031189e-05	0.00015726116170504	1.461323042879	1.0398561110079	3.3369829015258	0.00081424950093212	0.040151953819568	1.1303751171651	1.9252883062285	1.9439496842544	0.14649735258261	6.9431755111492	0.011875110928463	1.0125757934027	4.4871428824816e-05	4.0018093915621e-08	0.024011073321404	0.0008762344923517	0.00087623448808611
12.48	0.0001041765164042	8.0230361391241e-05	0.00015245250957501	1.461916410091	1.0397073042454	3.3373962451642	0.00079615880686316	0.04055843558937	1.1301443788843	1.9252711090676	1.9435178577451	0.13906200624488	6.9415841886886	0.011735569299209	1.0123478361198	4.2590495987784e-05	3.9215211555593e-08	0.023850667593148	0.00087347654304073	0.00087347653878857
12.872	0.00010397112699736	7.8310639495464e-05	0.00014954407835837	1.4627141147969	1.0394979630585	3.3379400663071	0.00078204899510337	0.04125675608438	1.1298204956753	1.9252421913025	1.9429126611248	0.13035585883786	6.9393568055706	0.011589330894556	1.0120284273665	4.1138364899531e-05	3.8231978248326e-08	0.023553662763782	0.0008769533897316	0.00087695338546251
13	0.00010388583560919	7.8013805305934e-05	0.00014898585632586	1.4629688266572	1.0394294294292	3.3381117575382	0.00077882307115183	0.041484297103145	1.1297146503455	1.9252318889731	1.9427150083373	0.12789873971756	6.9386296552189	0.011555812869125	1.0119241257809	4.0867583636537e-05	3.7953374847801e-08	0.023451309627992	0.00087903102490478	0.00087903102062557
13.2	9.5200220331394e-05	7.0216197816053e-05	0.00014089623764911	1.4633607182468	1.0393221329611	3.3383717864744	0.00074670821069018	0.042063638029062	1.1295487726649	1.9252147672361	1.9424057368805	0.12372629974774	6.9374927592691	0.011686481899241	1.0117608633712	3.7800411647186e-05	3.7303138658618e-08	0.023239061801383	0.00088322606141415	0.00088322605711451
13.48	9.2858130973171e-05	6.5544440943772e-05	0.00013416359467968	1.4638977872097	1.039171436266	3.3387197032466	0.00071583471126912	0.042286928242229	1.1293154236299	1.9251884838892	1.9419718450843	0.11860468565536	6.9359005790294	0.011574235420434	1.0115318248233	3.5195261101391e-05	3.6531013918713e-08	0.02292943663276	0.00089073897756657	0.00089073897323034
13.872	9.1946240418628e-05	6.3195313701505e-05	0.00012960400695576	1.4646320851623	1.0389596907956	3.3391848856422	0.00069029156066218	0.042763970651396	1.1289875397821	1.9251479631828	1.9413636466468	0.11271702035281	6.9336719444961	0.011450551685781	1.0112109144667	3.3421333195941e-05	3.5642625648143e-08	0.022519102836793	0.00090270779631793	0.0009027077919234
14	9.1718843434928e-05	6.2791564869615e-05	0.00012868580873326	1.4648687361395	1.0388904116156	3.3393331119303	0.00068448126325694	0.04292442873507	1.128880327942	1.9251340547716	1.9411649924917	0.11107606007214	6.932944378018	0.011422538420662	1.011106120413	3.3076001366451e-05	3.5398204191306e-08	0.022396137374879	0.0009066041516858	0.00090660414727229
14.2	8.39866303598e-05	5.6612539055052e-05	0.00012127520535106	1.4652349054866	1.0387819595041	3.339558719649	0.00065220460956703	0.043374600978131	1.1287122984377	1.9251113401587	1.9408542022715	0.10828094075655	6.9318069239281	0.011566729130751	1.0109421509215	3.0500258570379e-05	3.4845453656176e-08	0.022155989130315	0.00091289455350536	0.00091289454906121
14.48	8.1859042669229e-05	5.2910155238127e-05	0.00011517941152965	1.4657404524919	1.038629661538	3.3398626056182	0.00062175791869134	0.043431202893517	1.1284759545545	1.9250773009364	1.9404183054076	0.10487493835886	6.9302140586719	0.011461081379918	1.010712230597	2.8339422050373e-05	3.4210121283496e-08	0.021841594789003	0.00092212077765494	0.00092212077316585
14.872	8.1013285600015e-05	5.104864217389e-05	0.00011112141718671	1.4664373358495	1.0384157424584	3.3402723332445	0.00059728706950561	0.043722214120241	1.1281439038358	1.9250262331915	1.9398074160739	0.10098477617714	6.9279844855968	0.011344868972053	1.0103901585714	2.6891136909972e-05	3.3506362115883e-08	0.021463490352229	0.00093481814225831	0.00093481813770738
15	8.0811943004037e-05	5.0730983557589e-05	0.00011032078678219	1.4666629439188	1.0383457715204	3.3404035390928	0.00059187500431341	0.04382903879491	1.1280353350937	1.9250089630757	1.9396078960924	0.099902939903744	6.9272566123486	0.011319272320859	1.0102849913201	2.6613619902252e-05	3.3315307024524e-08	0.021355621198169	0.00093870446766572	0.00093870446309586
15.2	7.4275196027301e-05	4.611417921745e-05	0.00010424323011985	1.4670127555235	1.0382362397529	3.3406036206902	0.00056410723859721	0.044178115302627	1.1278652416686	1.9249809993891	1.9392958299952	0.097852600573953	6.9261187854405	0.011471177373855	1.0101204982003	2.4656497396777e-05	3.285506000677e-08	0.021132871154562	0.00094486059262086	0.00094486058802101
15.48	7.2516332966007e-05	4.3382246452158e-05	9.9320726724996e-05	1.4674966594648	1.0380824305532	3.3408734797225	0.00053839621748996	0.044116042165109	1.1276261545664	1.924939608467	1.9388583137099	0.095318960604944	6.9245255103879	0.011369210488869	1.0098899455439	2.30358219247e-05	3.2326993181812e-08	0.020850613602753	0.00095380720398475	0.00095380719934132
15.872	7.1815663707687e-05	4.2019496203842e-05	9.6099002733843e-05	1.4681648687894	1.0378664198202	3.3412377034822	0.00051817005710689	0.044284605377363	1.1272904470485	1.924878352981	1.938245322694	0.092351186178868	6.9222953956702	0.011256959158829	1.0095670592365	2.1964882200104e-05	3.1737380380202e-08	0.020518013824786	0.00096606588574439	0.00096606588104124
16	7.1647972946417e-05	4.1786401430248e-05	9.5468558470933e-05	1.4683813329781	1.0377957713361	3.3413543459245	0.00051375675515034	0.044357862004672	1.1271807112066	1.9248577799979	1.9380451360012	0.091508500725034	6.9215673467863	0.011232526286783	1.0094616325005	2.1761204489995e-05	3.1574745453153e-08	0.020423477301837	0.00096982348090587	0.00096982347618441
16.2	6.6062981308001e-05	3.8329674923243e-05	9.0548673133408e-05	1.4687165383041	1.0376851625221	3.3415316613884	0.00049081332422897	0.044643853410879	1.1270088673866	1.9248245678028	1.9377320980014	0.089596164331146	6.9204293325045	0.011388352061367	1.0092967797097	2.0302209224878e-05	3.1138709013044e-08	0.020206344997152	0.00097593779834446	0.00097593779359322
16.48	6.4572976815029e-05	3.6298654985407e-05	8.659318815572e-05	1.469178646667	1.0375297911474	3.3417689643051	0.00046976682463942	0.044515108344355	1.1267674950754	1.9247755717072	1.9372933651638	0.087161033245952	6.9188358864814	0.011286718110003	1.0090657998423	1.9099950428643e-05	3.0619679227693e-08	0.019928863683676	0.00098526805235406	0.00098526804755738
16.872	6.3934250587335e-05	3.5267926079923e-05	8.3992374900181e-05	1.4698136515721	1.0373115037148	3.3420857018253	0.00045324420311087	0.044624843459498	1.1264287873912	1.9247032448865	1.936678811894	0.084186452784774	6.9166055594377	0.011172686553493	1.0087423688721	1.8302427965456e-05	3.0009504552312e-08	0.019592140324541	0.00099872366814938	0.00099872366328714
17	6.3773180459197e-05	3.5084221644237e-05	8.3472819467538e-05	1.4700186648477	1.0372400920133	3.3421863473222	0.00044960851204361	0.044683777717716	1.1263181003408	1.9246789632899	1.9364781316017	0.083317306905643	6.9158774424086	0.011147401390307	1.0086367690975	1.8148260910287e-05	2.9835215419966e-08	0.019493890719864	0.0010029726454015	0.0010029726405186
17.2	5.8889655541047e-05	3.242591685853e-05	7.9383935810053e-05	1.4703346565501	1.0371282392187	3.3423376443185	0.00043042505973364	0.044941928852982	1.1261448344779	1.9246397147493	1.9361643753808	0.08113696824671	6.9147393882256	0.01130296245606	1.0084716786031	1.703932693551e-05	2.9345078162981e-08	0.01925185417763	0.0010101233445435	0.0010101233396257
17.48	5.7560071206702e-05	3.0858174889886e-05	7.6088916173663e-05	1.4707664329747	1.0369709956296	3.3425357006998	0.00041281952663542	0.044790264406124	1.1259016109519	1.9245816553074	1.9357247450555	0.078309188981255	6.9131459568384	0.011196781749728	1.0082404200744	1.6121729164715e-05	2.8734304677107e-08	0.018935872953655	0.0010215576318678	0.0010215576268943
17.872	5.6902948942676e-05	3.0020672149933e-05	7.3857175385337e-05	1.4713528039382	1.0367498576397	3.3427920492606	0.00039874790890255	0.04489348783256	1.1255604759856	1.9244955656565	1.9351090397854	0.074782406424014	6.9109156710027	0.011073881792658	1.0079166364269	1.5497376274652e-05	2.7980888025876e-08	0.018537995209691	0.0010388273028789	0.0010388272978212
18	5.6725901096858e-05	2.9859297252828e-05	7.3389796820688e-05	1.4715406671673	1.0366774668969	3.3428718136921	0.0003955628087027	0.044953653289392	1.125449019393	1.9244665644056	1.9349079954244	0.07373980208085	6.9101875682685	0.011045495791251	1.0078109248119	1.5371578224626e-05	2.7760893659995e-08	0.018418979598986	0.0010444187407954	0.0010444187357105
18.2	5.2398028877294e-05	2.7750091885783e-05	6.9880955424337e-05	1.4718278014652	1.0365639995312	3.3429886659914	0.00037906428312871	0.045211368266544	1.1252746006974	1.9244195443934	1.9345937086695	0.07115531934438	6.9090495900458	0.011197083906383	1.0076456825605	1.4500585657408e-05	2.7160692586291e-08	0.018126426900094	0.0010539468648477	0.0010539468597165
18.48	5.11713310213e-05	2.6490323856121e-05	6.7030333076724e-05	1.4722142750639	1.0364042927288	3.3431340805931	0.00036382470650649	0.045068520226975	1.1250298701755	1.9243496561543	1.9341534139918	0.067800037903582	6.9074563228392	0.011081452471466	1.0074142496931	1.3772429522964e-05	2.6391881507136e-08	0.01773983078916	0.0010693801237295	0.0010693801185231
18.872	5.0463165059839e-05	2.5766261181732e-05	6.5014330694933e-05	1.472728557038	1.0361793463821	3.3433086206962	0.00035128624449898	0.04520307134143	1.1246867496317	1.9242453246658	1.9335368539709	0.063624911281285	6.9052262833048	0.010943106792838	1.0070902480751	1.3256856275932e-05	2.5423486572083e-08	0.017244503784245	0.0010930639054854	0.0010930639001636
19	5.0262601415748e-05	2.5614007832378e-05	6.4568239217985e-05	1.4728911385821	1.0361056378223	3.3433600079243	0.00034834434185328	0.045275586140668	1.1245746618259	1.9242100199878	1.9333355391027	0.062394772369836	6.9044982615341	0.01090964164888	1.0069844675529	1.3147239381729e-05	2.5139931416069e-08	0.017094971980787	0.0011008058911318	0.0011008058857723
19.2	4.6434503778593e-05	2.3899885153754e-05	6.1497436170859e-05	1.4731362884185	1.0359900001234	3.3434302154903	0.00033384469171879	0.045550952159376	1.1243992941458	1.9241526305605	1.9330208578108	0.059517793076301	6.9033604571415	0.011054563019605	1.0068191341395	1.2442357690747e-05	2.4411658381365e-08	0.016742250063386	0.0011139224100222	0.0011139224045988
19.48	4.5303273678513e-05	2.2860955480688e-05	5.8984975111144e-05	1.4734583800541	1.0358269997277	3.3435050620624	0.00032036763484948	0.045436011723241	1.124153315886	1.9240670321162	1.9325800690259	0.055815044364506	6.9017674849926	0.010925512155242	1.0065876011357	1.1846725376931e-05	2.3470950533157e-08	0.016276500592264	0.0011349222003805	0.0011349221948547
19.872	4.4561668417411e-05	2.2218922348856e-05	5.7136112300023e-05	1.4738726920922	1.0355969885905	3.3435713135938	0.00030897995368014	0.045624079592203	1.1238085410139	1.9239385862657	1.9319628728247	0.051272239800855	6.8995378724681	0.010766907416037	1.0062634779516	1.1407682765227e-05	2.228634197565e-08	0.015681040288882	0.0011669676243255	0.0011669676186436
20	4.4345337099043e-05	2.2073879202098e-05	5.6708125609695e-05	1.4740006727702	1.0355215336336	3.3435854242627	0.00030622607664335	0.045715215659907	1.1236959255484	1.9238949749481	1.931761356447	0.049948021104084	6.8988099904695	0.010727028779227	1.0061576593134	1.1309663223974e-05	2.1942305881115e-08	0.0155018957566	0.0011774339963373	0.0011774339906044
20.2	4.100392327037e-05	2.0663761205738e-05	5.4014352815066e-05	1.4741893285806	1.0354030457222	3.3435950641206	0.00029341816869625	0.04601596246459	1.1235197623093	1.9238240381335	1.9314463819686	0.047048290946392	6.897672448739	0.010864036259493	1.0059922786092	1.0728858161255e-05	2.1113709994872e-08	0.015100231087206	0.0011949134696052	0.0011949134637871
20.48	3.999100392152e-05	1.9802360021373e-05	5.1811649481286e-05	1.4744272006303	1.0352357920409	3.3435801799409	0.00028151260284247	0.0459346415244	1.1232727332781	1.9237182429375	1.9310052280492	0.043366249075256	6.8960798924362	0.010719662234232	1.0057606998988	1.0235733932399e-05	2.0048672825604e-08	0.014575711355721	0.0012222521543804	0.0012222521484291
20.872	3.9267736588343e-05	1.9241240586896e-05	5.015286922285e-05	1.4747148142656	1.0349993683413	3.3435121352942	0.00027131526330348	0.046180654913754	1.1229265579122	1.923559380173	1.9303875633804	0.038938297639805	6.893850874275	0.010539717456502	1.0054365264406	9.862308067734e-06	1.8726064406274e-08	0.013915820115377	0.001263218625037	0.0012632186188861
21	3.9053785520401e-05	1.9108465530018e-05	4.9758404994247e-05	1.4747997014362	1.0349217280524	3.3434806735623	0.0002688076591138	0.046291030398457	1.1228134944505	1.9235054090636	1.9301858987044	0.037666080626434	6.8931231865718	0.010493401631257	1.0053306925195	9.7761809335524e-06	1.8347072053448e-08	0.013719615159422	0.0012764995558863	0.0012764995496706
21.2	3.6185127979581e-05	1.794552858324e-05	4.7420784613851e-05	1.4749193372721	1.0347997252223	3.34341746333	0.00025761220187228	0.046613241117538	1.1226366548918	1.9234178149855	1.9298707100695	0.035044339278771	6.8919859897492	0.01062359988557	1.0051652973306	9.2953185577046e-06	1.7489030515561e-08	0.01330061121487	0.0012982762440423	0.0012982762377205
21.48	3.5319498633703e-05	1.7239968680155e-05	4.5533774582911e-05	1.4750575354209	1.0346273580323	3.3432976149249	0.00024730956249185	0.046557177748043	1.1223887305222	1.9232877965659	1.9294292930985	0.031768556710846	6.8903939602676	0.010465853634277	1.004933714024	8.8895658460386e-06	1.640173270625e-08	0.012763819818934	0.0013313467567971	0.0013313467503142
21.872	3.4674252931134e-05	1.6770096351886e-05	4.4113456421657e-05	1.4752008635179	1.0343834677177	3.3430778310293	0.00023852960170592	0.046846747403319	1.1220413582444	1.9230935780945	1.9288112943955	0.027919260291499	6.888165690236	0.010269779323093	1.0046095445181	8.5806986812343e-06	1.5082795286085e-08	0.01210579619055	0.0013795804404927	0.0013795804337747
22	3.4482901822815e-05	1.6656572504092e-05	4.3773300218247e-05	1.4752377645538	1.0343033318807	3.342995926596	0.00023636879506126	0.046971035473165	1.1219279112124	1.9230277921576	1.9286095243114	0.026831426962081	6.8874382469742	0.010219081391853	1.0045037127307	8.5085964453599e-06	1.4710797235069e-08	0.011913527280883	0.0013950200627075	0.0013950200559142
22.2	3.2048776412685e-05	1.5698200844231e-05	4.1775378782814e-05	1.4752821614789	1.0341773907409	3.3428536466919	0.00022675931455163	0.047300017018125	1.1217504927251	1.9229215529514	1.9282941856548	0.02470098250858	6.8863014690447	0.010346770706381	1.0043383281782	8.1116537915498e-06	1.3914532392579e-08	0.011519488957716	0.0014198275320454	0.0014198275251312
22.48	3.1345708952116e-05	1.5131758422803e-05	4.0205631201619e-05	1.4753153815125	1.0339994726246	3.3426234829328	0.00021810450437776	0.04724940192987	1.1215018018502	1.9227652520494	1.9278525891497	0.022084343731245	6.8847100640963	0.01018253191554	1.0041067718755	7.7831123600406e-06	1.2926043680899e-08	0.011027037656641	0.0014563002783205	0.0014563002712285
22.872	3.0819859607278e-05	1.4759053704228e-05	3.9054488542624e-05	1.4753132400021	1.0337478015758	3.342250687001	0.00021090798238681	0.047554345133796	1.1211534045731	1.9225341834107	1.927234367414	0.019082272231463	6.8824826774081	0.0099821018227956	1.0037826482005	7.5378054248702e-06	1.1761536246338e-08	0.010442254199076	0.0015077808030743	0.0015077807957314
23	3.0664832279864e-05	1.4669147649986e-05	3.8781988829849e-05	1.4753030415809	1.0336651304876	3.3421192007288	0.00020916218537838	0.047683181308047	1.1210396289746	1.9224563871076	1.9270325275238	0.018248114543827	6.8817555227359	0.0099309926025049	1.003676832034	7.4809987233511e-06	1.1438406962587e-08	0.010274838481295	0.0015239886778583	0.0015239886704364
23.2	2.8584120978868e-05	1.3871940945087e-05	3.7167359557979e-05	1.4752751841059	1.0335352786139	3.3419008286669	0.00020111650289791	0.047999550907198	1.1208617170325	1.9223316150706	1.9267170972536	0.016675261052917	6.8806192243666	0.010062853993918	1.0035114772902	7.1595754043076e-06	1.0777903089509e-08	0.0099434573211397	0.001549500733287	0.0015495007257408
23.48	2.8034930613177e-05	1.3422381522002e-05	3.5929561280065e-05	1.4752109558699	1.0333520428617	3.3415679614183	0.00019408130422104	0.047932139278837	1.1206123772674	1.9221500967425	1.9262754057348	0.01477454933535	6.879028519955	0.0099020703974658	1.0032799716495	6.8997355498476e-06	9.9766138972139e-09	0.0095393697698402	0.0015858254644211	0.0015858254566978
23.872	2.7639669372332e-05	1.3140540175741e-05	3.5052980482895e-05	1.4750795445001	1.0330932434168	3.3410586220383	0.0001884586576865	0.048224142218992	1.1202631168399	1.9218851867028	1.9256570793274	0.012641043749498	6.8768021211785	0.0097112217058637	1.0029559249388	6.712711263247e-06	9.0604818677371e-09	0.0090740880412523	0.001635378414037	0.0016353784060721
24	2.7524499433865e-05	1.3074063682257e-05	3.4849544147226e-05	1.4750286383566	1.0330083131686	3.3408840630075	0.00018712965926411	0.048348700687366	1.1201490651822	1.9217966563064	1.9254552081793	0.012057208782018	6.8760752892746	0.0096639266710476	1.0028501344178	6.6704115644547e-06	8.8099795651268e-09	0.0089434466577347	0.0016507010676875	0.0016507010596479
24.2	3.0170632674672e-05	1.3670232285416e-05	4.8863718944638e-05	1.4749395664921	1.0328762001358	3.3406083159459	0.00022285158991048	0.048715008367577	1.1199718106404	1.9216610604088	1.9251408068319	0.010989043438384	6.8749401948399	0.0098143722053029	1.0026848979472	7.6948300935759e-06	8.629884499376e-09	0.0091062294842029	0.0016725326241075	0.0016725326159615
24.48	3.0325013048143e-05	1.3856585612001e-05	5.5995690810254e-05	1.4747951309372	1.0326924801466	3.3402150781238	0.00024677143375367	0.048805141891505	1.1197255116333	1.9214769412115	1.9247022984826	0.0097170521426067	6.8733516832924	0.0096966105681882	1.0024536663513	8.2077233428682e-06	8.2643844910696e-09	0.0091190439657273	0.0016993728597871	0.0016993728515102
24.872	3.0105827617461e-05	1.3819859512381e-05	5.8309342862531e-05	1.4745611158629	1.032435676075	3.3396429572961	0.00025819276695446	0.049402468790464	1.1193822789009	1.921220880069	1.9240895036789	0.0083172019765723	6.8711284237332	0.0095714613411679	1.0021300568483	8.3514070526697e-06	7.736264502502e-09	0.0089680373146966	0.0017327870096423	0.0017327870012024
25	3.0034329343099e-05	1.3792074247152e-05	5.8483431762261e-05	1.4744786490934	1.0323517343707	3.3394511033364	0.00025964570298879	0.049626760912061	1.1192703786072	1.9211368115553	1.9238895214855	0.007939426788317	6.870402617904	0.009542604493227	1.0020244125019	8.3545446321261e-06	7.5808020273989e-09	0.0089069401900595	0.0017428650841055	0.0017428650756166
25.2	4.2879330349461e-05	1.7961031402112e-05	5.6630271191784e-05	1.4743430701324	1.0322197373386	3.3391453082688	0.00027149416664185	0.050071157879285	1.1190959031701	1.9210014736152	1.923577013359	0.0072697720398643	6.8692707315	0.0097132704640178	1.0018596227277	8.8997030637555e-06	7.2899907290132e-09	0.0085639179375978	0.001758712491584	0.0017587124830178
25.48	4.41735518122e-05	1.9598044963666e-05	5.6365696220367e-05	1.4741398919756	1.0320332331043	3.3387036023443	0.00028073831422163	0.0500331784548	1.118852405695	1.920803896259	1.923139624165	0.0064813915061737	6.8676878379162	0.0095793828398199	1.0016293109038	9.4120733137373e-06	6.9154074945774e-09	0.0082593768777526	0.0017813757272483	0.0017813757185716
25.872	4.3938566844715e-05	1.9938375847003e-05	5.6136208456609e-05	1.4738344643324	1.0317702686268	3.3380636550348	0.00028468016027547	0.050315166428526	1.1185122518443	1.920518394061	1.9225275713153	0.0056260489969729	6.8654725796389	0.0094214984614742	1.0013071255856	9.6387469732164e-06	6.5004798063136e-09	0.0079914578845877	0.0018116208559524	0.0018116208471281
26	4.3847576594754e-05	1.9937315676478e-05	5.6041237331576e-05	1.4737308039679	1.0316841302919	3.3378506834647	0.00028499041881001	0.050430418548132	1.118401271572	1.9204238438828	1.9223277728837	0.0053974331229832	6.8647493871501	0.0093850272341002	1.0012019541217	9.6576020258843e-06	6.3888029420398e-09	0.007924605058803	0.0018207861381531	0.0018207861292842
26.2	5.2779478116726e-05	2.3094185729076e-05	5.9509177590331e-05	1.4735645465261	1.0315490838936	3.337515201101	0.00029987456656675	0.050674499918079	1.1182283005834	1.9202739239019	1.9220159383818	0.0049947062534178	6.8636209994654	0.0095543511033256	1.0010378465259	1.0723765023102e-05	6.2559991579363e-09	0.0077536302330437	0.0018345034309189	0.0018345034219831
26.48	5.3596526340344e-05	2.4298236430466e-05	6.1682855578322e-05	1.4733233253557	1.0313592482641	3.3370393911892	0.00031075979489848	0.050465432103378	1.117987039492	1.9200603199756	1.9215800518198	0.0045240608206786	6.8620425740304	0.0094294986876034	1.0008084078869	1.1414861826366e-05	6.0565261330357e-09	0.0075990276788025	0.0018526173253722	0.0018526173163481
26.872	5.3382963148125e-05	2.4526730319435e-05	6.2333456605331e-05	1.4729724766577	1.0310926320567	3.3363617908758	0.00031571115719417	0.050606881932369	1.1176501007361	1.9197571032329	1.9209703924286	0.0040180007053018	6.859833510551	0.0092947372894731	1.0004874038122	1.167873765084e-05	5.8188596587113e-09	0.0074532748291716	0.0018753078974928	0.001875307888358
27	5.3307892540164e-05	2.4520273663137e-05	6.2351736610493e-05	1.4728554697397	1.0310054426021	3.3361382465193	0.00031624307183125	0.050686967036832	1.1175401776826	1.9196574261359	1.9207713949658	0.0038835220474401	6.8591123396887	0.0092658970244119	1.0003826154249	1.170102759321e-05	5.7530947486182e-09	0.0074152554854012	0.0018819997150383	0.0018819997058709
27.2	5.8219776031936e-05	2.6269101525378e-05	6.6624847344399e-05	1.4726699958386	1.0308691471978	3.3357887452565	0.00033584376334077	0.050879054175473	1.1173689870968	1.9195013381628	1.9204608574056	0.0036453058033497	6.8579864732696	0.0094494139947771	1.0002190191514	1.250577192701e-05	5.729435872749e-09	0.0073795286867178	0.0018915245463083	0.0018915245370944
27.48	5.8637284094308e-05	2.6920082123638e-05	6.8956083965365e-05	1.4724051091899	1.0306782894333	3.3352983921212	0.00034927663293441	0.050646750041624	1.1171304060148	1.9192824985434	1.920026789479	0.0033677654284878	6.8564111283049	0.0093450806942967	0.99999017872208	1.2982795659152e-05	5.6487869682703e-09	0.0073354053717102	0.0019032124864594	0.0019032124771885
27.872	5.8502536595586e-05	2.7033148473851e-05	6.9686031935211e-05	1.47202620665	1.0304109554727	3.3346071003525	0.00035567412849735	0.050791333202226	1.1167973352496	1.9189752808521	1.9194196397808	0.0030702568654308	6.8542063217235	0.0092350881883647	0.99966995745078	1.3153954824748e-05	5.5272454143506e-09	0.0072753473008628	0.0019171168966882	0.0019171168873495
28	5.8457411568957e-05	2.7026825883231e-05	6.9731967589311e-05	1.4719009895319	1.0303236260256	3.3343801990685	0.00035649864559309	0.050874588789527	1.1166886851941	1.9188747369376	1.9192214575322	0.0029913369076243	6.8534865402369	0.0092128207310574	0.99956542151297	1.3167755009147e-05	5.4911001929814e-09	0.0072570495197646	0.0019211427704653	0.001921142761107
28.2	6.0862985537462e-05	2.7894677911448e-05	7.2114700881284e-05	1.471703705838	1.0301871698395	3.3340256752085	0.00037000510815021	0.051071762926904	1.1165193229061	1.9187175639323	1.9189120396488	0.0028484191673508	6.8523624356444	0.0094058133375426	0.9994021632559	1.3598491769078e-05	5.4811579338903e-09	0.0072425454943794	0.0019268186471905	0.0019268186378045
28.48	6.105469117129e-05	2.8212028546806e-05	7.3384586337142e-05	1.471424274292	1.029996149659	3.3335288672425	0.00037909824722975	0.050839486929026	1.1162829660362	1.91849749533	1.918479269903	0.0026816829802557	6.8507892750714	0.0093099108271655	0.99917372148944	1.3847141798432e-05	5.4357480759163e-09	0.0072207086123235	0.001933716071958	0.0019337160625384
28.872	6.0978823288332e-05	2.8262411195404e-05	7.3773110594258e-05	1.4710280880786	1.0297286858363	3.3328305466423	0.00038343022860884	0.050981584978311	1.1159527256623	1.9181890088384	1.9178737640915	0.0025024565876864	6.8485874936849	0.009207756709845	0.99885402474687	1.3933268337134e-05	5.363795854053e-09	0.0071870391705135	0.0019418755952024	0.001941875585743
29	6.0954348597051e-05	2.8257966971676e-05	7.3796240522432e-05	1.470897798745	1.0296413354937	3.3326018170466	0.00038399838464781	0.051063414608666	1.1158449710878	1.9180881504203	1.9176761054002	0.0024548045334966	6.8478686996974	0.0091875189667138	0.99874965820926	1.393970015293e-05	5.3420531166705e-09	0.007176398683094	0.0019442334552401	0.0019442334457691
29.2	6.1745923397474e-05	2.8559017580663e-05	7.4776598997074e-05	1.470693190554	1.029504842271	3.3322441820802	0.00039083347653477	0.051256137820388	1.1156768239941	1.9179304642247	1.9173673900135	0.0023653152507288	6.8467458713994	0.0093839466574137	0.99858662790785	1.4117988729829e-05	5.3259012823777e-09	0.0071637532752127	0.0019475927042093	0.001947592694722
29.48	6.1793740490166e-05	2.8663701712132e-05	7.52773910431e-05	1.4704046673199	1.029313742057	3.3317427117228	0.00039533705888436	0.051011746200089	1.1154418179007	1.9177095431382	1.9169354094382	0.0022603819779444	6.8451743157582	0.0092900530924289	0.99835845714703	1.421539623378e-05	5.2909142679889e-09	0.0071464002975044	0.0019517531489716	0.001951753139464
29.872	6.175097509294e-05	2.8673307951748e-05	7.5415842395679e-05	1.4699975361205	1.0290461627753	3.3310385072295	0.00039743218579151	0.051137485990654	1.1151131821089	1.9173998447567	1.9163308863908	0.0021467412527905	6.842974760559	0.0091897366927555	0.99803911844606	1.4245656488124e-05	5.2417346658652e-09	0.0071225692620124	0.001956747529971	0.0019567475204391
30	6.1738180846781e-05	2.8669572596928e-05	7.5420280774373e-05	1.4698640022017	1.0289587805465	3.3308080730758	0.00039769756254977	0.051214135548345	1.1150059229361	1.9172986173967	1.9161335394502	0.0021163623956894	6.8422566932672	0.0091700821104572	0.99793486764029	1.4247138985791e-05	5.2272635855823e-09	0.0071153462434124	0.0019581970099697	0.0019581970004307
30.2	6.1491325082433e-05	2.8605281316334e-05	7.5486048977745e-05	1.469654671761	1.0288222265601	3.3304475032301	0.00039960952495262	0.05139574442159	1.1148384130997	1.9171403026793	1.9158252356293	0.0020568882398344	6.8411348281903	0.0093679666421484	0.99777199442582	1.4262277058628e-05	5.2027462302176e-09	0.0071011039126228	0.0019603182970103	0.0019603182874609
30.48	6.1444247336123e-05	2.8572444312146e-05	7.5485686718462e-05	1.4693602124288	1.0286310094552	3.3299415429247	0.00040074218598847	0.051134796147775	1.1146040436344	1.9169183512508	1.9153937049602	0.0019866686414423	6.8395645041997	0.0092744536149357	0.9975440125971	1.426199606924e-05	5.1703990617255e-09	0.0070839394830282	0.0019630552678147	0.001963055258252
30.872	6.1417786736316e-05	2.8553957341164e-05	7.545778586635e-05	1.4689458049753	1.0283632493118	3.3292312638145	0.000401175622429	0.051240720270114	1.1142760917735	1.9166071282461	1.9147897329591	0.0019099044615998	6.8373666600501	0.0091745025742434	0.99722492471969	1.4255625019697e-05	5.1323163624273e-09	0.0070640541281619	0.0019664282907697	0.0019664282811906
31	6.1411022356157e-05	2.8550027933502e-05	7.544856506708e-05	1.4688100863836	1.0282758096787	3.328998955857	0.00040120934694264	0.05131145626507	1.1141690353505	1.9165054105081	1.9145925600602	0.0018892506306712	6.8366491512927	0.009155041821647	0.99712075505834	1.4253658770723e-05	5.1216740734315e-09	0.0070584525921021	0.0019674131080696	0.0019674130984856
31.2	6.0504207717049e-05	2.8252854843725e-05	7.4928768745691e-05	1.4685975479468	1.028139156862	3.3286352542303	0.00039983994414415	0.051480538590364	1.1140017510283	1.9163462861978	1.9142844798445	0.0018472069620194	6.8355280494016	0.0093536507752206	0.99695799350482	1.4164375984448e-05	5.0904654956381e-09	0.0070422647376311	0.0019689107723967	0.0019689107628055
31.48	6.0394895492658e-05	2.8131753461365e-05	7.4606702414107e-05	1.4682990019676	1.0279477775429	3.3281246171836	0.00039872583724811	0.051204015200138	1.1137675279151	1.9161230885888	1.9138531816182	0.0017972383280548	6.833958719728	0.0092601842516031	0.99673014829489	1.4101439184499e-05	5.0584684852675e-09	0.007024283728126	0.0019709458978397	0.0019709458882385
31.872	6.0375775134358e-05	2.8094084643633e-05	7.4469525232915e-05	1.4678794960869	1.0276797754501	3.3274078699011	0.00039804141567428	0.051291961826572	1.1134396439256	1.9158100502425	1.9132494848538	0.0017421383835758	6.8317622591396	0.0091602993890141	0.99641124299204	1.4071138455238e-05	5.0262540392379e-09	0.0070060353203467	0.0019735229861066	0.0019735229764928
32	6.0371972595785e-05	2.8089621007691e-05	7.4450561618865e-05	1.4677422285578	1.0275922573363	3.327173511912	0.00039791619968169	0.051357431152404	1.1133325960912	1.9157077419795	1.9130523980762	0.0017272278292894	6.8310452020151	0.009140927573793	0.99630713246222	1.4066782691173e-05	5.0177635133063e-09	0.0070012478866944	0.0019742781180315	0.0019742781084141
32.2	5.90557186104e-05	2.7647375196695e-05	7.3563181306607e-05	1.4675273968993	1.0274554756204	3.3268064732896	0.00039445095698618	0.051515039812324	1.1131652667959	1.9155476651297	1.9127444221022	0.0016957984369719	6.829924737851	0.0093398951160196	0.9961444538872	1.3911874626147e-05	4.9820514490366e-09	0.0069835388460607	0.001975471665359	0.0019754716557357
32.48	5.8906829018624e-05	2.7470958106284e-05	7.303879534433e-05	1.467225893527	1.0272639001626	3.3262909751453	0.00039190242590136	0.051225930051941	1.1129308728681	1.9153230596813	1.9123132193745	0.0016582395710796	6.8283562550365	0.0092464667426129	0.99591671259537	1.3809520918575e-05	4.9500017425629e-09	0.0069647616859466	0.0019771704345265	0.0019771704248949
32.872	5.8890866487898e-05	2.7420720995041e-05	7.2831682089161e-05	1.4668026394366	1.0269956137419	3.3255674695612	0.00039050014984433	0.051299476694324	1.1126026627646	1.9150080038096	1.9117096249649	0.0016165277884038	6.8261609747042	0.009146653988689	0.99559794736944	1.37639595981e-05	4.9212619003573e-09	0.0069472894157415	0.0019793630081677	0.0019793629985254
33	5.8888505125867e-05	2.7415731663372e-05	7.2806124635713e-05	1.4666642213852	1.0269080031118	3.3253309441358	0.00039027158875918	0.051360748436195	1.1124954998499	1.9149050381063	1.9115125692659	0.0016051867445193	6.8254443028542	0.0091273485637329	0.99549388227463	1.3758016185606e-05	4.9140797177621e-09	0.0069429519872912	0.0019800053013498	0.0019800052917044
33.2	5.7328983843039e-05	2.6886763829887e-05	7.1695846049972e-05	1.4664476733185	1.0267710730186	3.3249604397985	0.00038551547887516	0.051508737293799	1.1123279545932	1.9147439157291	1.9112046234413	0.0015804761565142	6.82432440026	0.0093264522401901	0.99533126906131	1.3563225749034e-05	4.8757026554306e-09	0.0069242710040997	0.0019810507048579	0.0019810506952074
33.48	5.7156313159499e-05	2.6677188591824e-05	7.1048923972266e-05	1.4661439300887	1.0265792804879	3.3244399820075	0.00038208628062449	0.05121033824731	1.1120931919582	1.9145178020562	1.9107734324149	0.0015508102399257	6.8227566763117	0.0092331243250859	0.99510361195573	1.3436975204238e-05	4.8437486223727e-09	0.0069049956261615	0.0019825868022236	0.0019825867925656
33.872	5.7141808206597e-05	2.661925245324e-05	7.0799122576776e-05	1.465717793919	1.0263106849288	3.3237095761796	0.00038024310052947	0.051273179046086	1.1117644124523	1.9142006092849	1.9101698354905	0.001517662752008	6.8205624551231	0.0091334521501252	0.99478496135442	1.3382116961851e-05	4.8172997655842e-09	0.0068880110042479	0.0019845886807061	0.0019845886710383
34	5.7140183624605e-05	2.6613889477323e-05	7.0769432975115e-05	1.4655784824343	1.0262229737189	3.3234708246955	0.00037995081562429	0.051331321741332	1.111657058381	1.9140969473552	1.9099727775613	0.0015086131969153	6.8198461290215	0.0091142121554069	0.99468093350397	1.3375187993577e-05	4.8109669325686e-09	0.0068839548457162	0.0019851735016436	0.001985173491973
34.2	5.5447523166413e-05	2.6036941799904e-05	6.9532278890457e-05	1.4653605911936	1.0260858844587	3.3230968015135	0.0003744408027006	0.051471588639831	1.1114891930852	1.9139347273815	1.9096648177167	0.0014882376808987	6.8187267444389	0.0093133009669816	0.99451837535791	1.3157605171766e-05	4.7712685491163e-09	0.0068647776891709	0.001986142993501	0.0019861429838257
34.48	5.5261971691475e-05	2.5809075167212e-05	6.8816097029189e-05	1.4650550736124	1.0258938642325	3.3225713669866	0.00037050160451845	0.051166826821293	1.1112539435911	1.9137070536796	1.9092335897276	0.0014636754945993	6.8171597306813	0.0092201339530465	0.9942907912875	1.3017821226314e-05	4.7396417444019e-09	0.0068453166149598	0.0019875941380518	0.0019875941283694
34.872	5.5248361706764e-05	2.5746930715525e-05	6.8542326041022e-05	1.4646266186131	1.0256249479366	3.321834038153	0.00036840512975084	0.051222160084692	1.1109244516968	1.9133876668887	1.9086299303899	0.0014360782441881	6.8149665018672	0.0091206645233673	0.99397224113742	1.295774395807e-05	4.7148261030147e-09	0.0068287406990527	0.0019894918306466	0.001989491820955
35	5.5247164633175e-05	2.5741372342852e-05	6.8510339317066e-05	1.4644865810397	1.025537132424	3.3215930455934	0.00036807652637805	0.051278087064108	1.1108168620183	1.9132832903932	1.9084328512923	0.0014285154569701	6.8142504997271	0.0091014922494864	0.99386824598349	1.2950267302185e-05	4.7090693403171e-09	0.0068248827852069	0.0019900443005419	0.0019900442908475
35.2	5.349402386832e-05	2.5142054185854e-05	6.7209816630163e-05	1.4642675896265	1.0253998794463	3.321215506001	0.00036216789600689	0.051412284965015	1.1106486170082	1.9131199501456	1.9081248530319	0.0014109521433475	6.8131316111019	0.0093004594235238	0.99370573744919	1.2721202376282e-05	4.6689752142014e-09	0.0068055732657324	0.0019909695474219	0.001990969537723
35.48	5.3302989690774e-05	2.4905798412872e-05	6.6459761141952e-05	1.4639606007117	1.0252076282284	3.320685136652	0.0003579643890497	0.051103519155956	1.1104128153005	1.9128906991469	1.9076935626103	0.0013897025708142	6.8115652847587	0.0092074967112857	0.99347822092519	1.2574771231123e-05	4.6378685804596e-09	0.0067861814173917	0.0019923679327427	0.001992367923037
35.872	5.32901712172e-05	2.4841876190486e-05	6.617470158782e-05	1.4635301932306	1.0249383888355	3.319940944929	0.00035573994330372	0.051153892459111	1.1100825343102	1.9125691047831	1.9070898106298	0.0013657092110069	6.8093730173386	0.0091082737934945	0.99315976449044	1.2512229848277e-05	4.6142904863196e-09	0.0067700085170313	0.0019941972361816	0.001994197226467
36	5.3289272241434e-05	2.4836277038556e-05	6.6141727309964e-05	1.4633895383205	1.0248504683019	3.3196977260023	0.00035539358227995	0.051208326619796	1.1099746854533	1.9124640095516	1.9068927009028	0.0013591119418598	6.8086573290541	0.0090891708591692	0.99305579988668	1.2504513451843e-05	4.6089390863614e-09	0.0067663060466249	0.0019947280747359	0.0019947280650187
36.2	5.1523142098366e-05	2.4231363771798e-05	6.4819520582784e-05	1.4631696046906	1.0247130513614	3.3193167102563	0.00034931949305303	0.051337788960234	1.1098060303304	1.9122995466612	1.9065846528507	0.0013433861822021	6.8075389284262	0.0092879419681788	0.99289333868999	1.2271397512131e-05	4.5690743925225e-09	0.006747129458101	0.0019956217375392	0.0019956217278176
36.48	5.1331546394642e-05	2.3993235803538e-05	6.4058867578037e-05	1.4628613416543	1.0245205709121	3.31878148831	0.00034501288272342	0.051026816184778	1.1095696457815	1.9120687249684	1.9061532897581	0.001324302946444	6.8059732836377	0.0091952121238386	0.99266588793337	1.21228522484e-05	4.5386348805547e-09	0.006727999478882	0.0019969786723199	0.0019969786625917
36.872	5.1319569941881e-05	2.3929181184302e-05	6.3770965702046e-05	1.4624292206262	1.0242510124461	3.3180305506015	0.00034274301884398	0.051074158389489	1.1092385424899	1.9117449396401	1.9055494343526	0.0013026695420268	6.8037819699968	0.0090962649811293	0.99234752334289	1.2059679082719e-05	4.5160579509475e-09	0.0067122507764343	0.0019987519195905	0.0019987519098536
37	5.1318917956024e-05	2.3923658877638e-05	6.3737904873038e-05	1.4622880194349	1.0241629882514	3.3177851404178	0.0003423912272261	0.051127645080559	1.1091304245765	1.9116391313205	1.9053522907439	0.0012967052031434	6.8030665930875	0.0090772324726427	0.99224358871305	1.2051933008855e-05	4.5110065300804e-09	0.0067086823792012	0.0019992650490072	0.0019992650392679
37.2	4.9570350243416e-05	2.3323973186759e-05	6.2421021970485e-05	1.462067247138	1.0240254100843	3.3174007149861	0.00033630288406443	0.051253400563399	1.1089613480975	1.911473557507	1.9050441900268	0.0012822133707722	6.8019486816214	0.0092757582761675	0.99208117464993	1.1819587372273e-05	4.4717931869817e-09	0.0066898285553566	0.0020001309938398	0.0020001309840962
37.48	4.938138704711e-05	2.3088186443521e-05	6.1664852354361e-05	1.461757840229	1.0238327056821	3.3168607511783	0.00033199747578255	0.050941535850116	1.1087243727114	1.9112411883695	1.9046127539207	0.0012645895516209	6.8003837234128	0.0091832800786264	0.99185379028017	1.1671868417526e-05	4.4421361068165e-09	0.0066711027314373	0.0020014483865938	0.0020014483768438
37.872	4.9370333219177e-05	2.3025081166717e-05	6.1379617964795e-05	1.4613241652767	1.0235628366395	3.3161032250631	0.00032973563688567	0.0509872537394	1.1083924421743	1.910915249862	1.9040087969037	0.0012445540467692	6.7981933709613	0.0090846288782355	0.9915355187996	1.1609258276054e-05	4.4204313319258e-09	0.0066558098758942	0.002003167161761	0.0020031671520026
38	4.9369909592309e-05	2.3019718324896e-05	6.1347069906027e-05	1.4611824656921	1.0234747116039	3.3158556733661	0.00032938642541204	0.051040189814809	1.1082840542107	1.9108087410149	1.903811620178	0.0012390199314999	6.7974783078502	0.0090656679009383	0.99143161457915	1.1601621573377e-05	4.4156186485749e-09	0.0066523666831617	0.0020036632912529	0.0020036632814921
38.2	4.7658072374698e-05	2.2432077963939e-05	6.0052654808265e-05	1.4609609251565	1.0233369770433	3.3154679238252	0.00032338012114695	0.051163009169099	1.1081145575152	1.9106420779315	1.9035034693964	0.0012254083757764	6.7963608924993	0.0092639184096232	0.99126924876926	1.1373112690016e-05	4.3773411897946e-09	0.0066339693607211	0.0020045013577905	0.0020045013480257
38.48	4.7473747243246e-05	2.2201285761594e-05	5.9310519241423e-05	1.4606504644862	1.0231440564508	3.3149233501911	0.00031914202683011	0.050851182704315	1.1078769978317	1.9104081963796	1.9030719662516	0.0012088327874247	6.7947966327336	0.0091717044558065	0.99104193292371	1.1228085254095e-05	4.3485593053648e-09	0.0066157511752678	0.0020057770410499	0.0020057770312788
38.872	4.7463681658497e-05	2.2139815940839e-05	5.9031447226247e-05	1.4602153487788	1.0228738884924	3.3141594236201	0.00031692198378743	0.050896269829834	1.1075442531669	1.9100801575028	1.9024679174361	0.0011899565043071	6.79260725831	0.0090733635343168	0.99072375779516	1.1166796361475e-05	4.3276676798491e-09	0.0066009480347572	0.0020074382108932	0.002007438201114
39	4.7463479692836e-05	2.2134666741595e-05	5.8999795537615e-05	1.4600731853545	1.0227856664679	3.3139097909791	0.00031658041191436	0.050948935227601	1.1074355998276	1.9099729655884	1.9022707109061	0.0011847368036071	6.7918925144964	0.0090544753235396	0.99061988505649	1.1159357842471e-05	4.3230613969434e-09	0.0065976282655969	0.0020079165836	0.0020079165738185
39.2	4.5799929208574e-05	2.1563208084688e-05	5.773838765312e-05	1.4598509281696	1.0226477818264	3.3135188172273	0.00031071576751219	0.051069384505064	1.1072656919089	1.909805241916	1.9019625161042	0.0011718120949725	6.7907756057706	0.009252434454692	0.99045756944276	1.0936576314495e-05	4.2859083280891e-09	0.0065797789304693	0.0020087248984469	0.0020087248886615
39.48	4.5621439606217e-05	2.1339014330301e-05	5.7016124329021e-05	1.4595394814373	1.0224546545522	3.3129697819747	0.00030658558172053	0.050758233069918	1.1070275635941	1.9095698912913	1.9015309558176	0.0011560619244967	6.789212060444	0.009160492992892	0.99023032518739	1.0795383342892e-05	4.2580739063519e-09	0.0065621411269698	0.0020099552144451	0.0020099552046536
39.872	4.5612399363697e-05	2.1279592765199e-05	5.6745339923822e-05	1.4591030129033	1.0221842015467	3.3121996655213	0.00030442790252055	0.050803369662826	1.1066940291721	1.9092398153769	1.9009268299428	0.0011381102059653	6.7870236865769	0.0090624721975092	0.98991225085365	1.0735877531321e-05	4.2379762619846e-09	0.0065478579623585	0.0020115539778889	0.0020115539680896
40	4.5612414935506e-05	2.1274689717472e-05	5.6714816936509e-05	1.4589604130971	1.0220958871004	3.3119480204178	0.00030409703129206	0.050855956021859	1.1065851186529	1.9091319612639	1.9007295984866	0.0011331435388007	6.7863092694169	0.0090436578941752	0.9898084110556	1.0728691052413e-05	4.233561266979e-09	0.00654466313812	0.0020120132872964	0.0020120132774949
40.2	4.4003659062556e-05	2.0721767860878e-05	5.5492562308137e-05	1.4587374809595	1.0219578597075	3.3115539328432	0.00029840931554609	0.050974445733566	1.1064148133385	1.908963210536	1.9004213677978	0.0011208072321186	6.7851928798981	0.0092413189323364	0.98964614807067	1.0512744576334e-05	4.1976512272833e-09	0.0065274208347836	0.0020127894726533	0.002012789462848
40.48	4.3831659379588e-05	2.0505076813216e-05	5.4793535886453e-05	1.4584251043215	1.0217645364432	3.3110005959386	0.000294410698124	0.05066439008254	1.1061761375856	1.9087264398396	1.8999897625937	0.0011057702148346	6.7836300673467	0.0091496546524573	0.98941897900841	1.0376047387845e-05	4.1708153058668e-09	0.0065104110188097	0.0020139706204703	0.0020139706106592
40.872	4.3823651724436e-05	2.0447929897716e-05	5.4532242092781e-05	1.4579873582582	1.0214938137234	3.3102245160635	0.00029232715990895	0.050710026633026	1.1058418445048	1.9083943972412	1.8993855772829	0.0010886264016182	6.7814427197775	0.0090519597742664	0.9891010105982	1.0318587106481e-05	4.1515097676134e-09	0.0064966705022808	0.0020155021521658	0.0020155021423472
41	4.3823879104397e-05	2.0443289535758e-05	5.4502975519294e-05	1.457844346055	1.0214054118904	3.3099709324046	0.00029200870964073	0.050762661064176	1.1057326870975	1.9082859040434	1.8991883266919	0.0010838825320135	6.7807286376751	0.0090332201307731	0.98899720541978	1.0311682503535e-05	4.1472797475862e-09	0.0064936028713551	0.0020159410513537	0.0020159410415331
41.2	4.2273113791697e-05	1.9910088471145e-05	5.3323124118892e-05	1.4576207758782	1.0212672497302	3.3095738484801	0.00028651715122318	0.050879487256308	1.1055620010484	1.9081161629396	1.898880069441	0.0010720870073679	6.7796127810387	0.0092305822141452	0.98883499776544	1.0103162081457e-05	4.1126793280782e-09	0.0064770016035373	0.0020166828863547	0.0020166828765304
41.48	4.2107898200115e-05	1.9701343094632e-05	5.2649067398258e-05	1.4573075199953	1.021073741903	3.3090163775422	0.00028266262491234	0.050570793640884	1.1053228021984	1.9078780247267	1.8984484328182	0.0010577091795555	6.7780507207627	0.0091391966685363	0.98860790777844	9.9713039244621e-06	4.0868715699937e-09	0.0064606467458274	0.0020178116370265	0.0020178116271966
41.872	4.2100904019191e-05	1.9646571784182e-05	5.2397853145994e-05	1.4568685658101	1.0208027656747	3.3082345705099	0.0002806592107111	0.050617216888684	1.1049877853022	1.9075440900349	1.8978442072328	0.0010413175652996	6.7758644268204	0.0090418297143435	0.98829005076818	9.9160189573363e-06	4.0683590582948e-09	0.0064474620304138	0.0020192719619243	0.0020192719520874
42	4.2101334332485e-05	1.9642199159368e-05	5.2369899344815e-05	1.4567251635989	1.0207142817629	3.3079791254574	0.00028035401222575	0.050669980645156	1.1048783924552	1.9074349821922	1.8976469437819	0.0010367821026353	6.7751506886977	0.009023164897619	0.98818628199953	9.9094097756465e-06	4.0643110805937e-09	0.0064445230522906	0.0020196893387979	0.002019689328959
42.2	4.0609612546021e-05	1.9129142962399e-05	5.1233814196541e-05	1.4565009901037	1.0205759931875	3.307579166705	0.00027506738813245	0.05078535720156	1.1047073438494	1.9072642891892	1.8973386698956	0.0010255033558575	6.7740353790759	0.0092202305413415	0.98802413250244	9.7085692567148e-06	4.0310481319094e-09	0.0064285777543403	0.0020203951008112	0.0020203950909687
42.48	4.0451240245335e-05	1.8928486353091e-05	5.058539699625e-05	1.4561869030989	1.0203823126059	3.3070177332811	0.00027136223903582	0.050478184141832	1.1044676478338	1.9070248378991	1.89690701594	0.0010117572353273	6.7724740909775	0.0091291225506242	0.98779712558446	9.5816859185136e-06	4.0062784655909e-09	0.0064128882995665	0.0020214691317313	0.0020214691218836
42.872	4.044521946587e-05	1.8876108651005e-05	5.0344448303851e-05	1.4557468074225	1.0201110994832	3.3062304398578	0.00026944116469501	0.050525566976814	1.104131943762	1.9066890877539	1.8963027699032	0.00099608889618612	6.7702888785278	0.0090320821668636	0.98747938557892	9.5286190322694e-06	3.9885551416894e-09	0.0064002629358876	0.0020228555135358	0.0020228555036814
43	4.0445840582837e-05	1.8872000806765e-05	5.0317815873958e-05	1.4556030368229	1.0200225389217	3.3059732120019	0.00026914946774438	0.050578509507927	1.1040223274675	1.906579390318	1.8961055000715	0.00099175423960537	6.7695754934815	0.0090134917030744	0.98737565505048	9.5223079626126e-06	3.9846866594576e-09	0.0063974526108649	0.0020232506139507	0.0020232506040944
43.2	3.9012853245692e-05	1.83790287217e-05	4.9225648883277e-05	1.4553782936379	1.0198841324296	3.3055705014177	0.00026406984059372	0.050692592444285	1.1038509351454	1.9064077846455	1.8957972196963	0.00098097689003084	6.7684607450553	0.0092102651998004	0.98721356656921	9.3291843885304e-06	3.9527608231929e-09	0.0063821641064911	0.0020239192108553	0.0020239192009957
43.48	3.886123369305e-05	1.8186412677582e-05	4.8602860139579e-05	1.4550634222777	1.0196902910102	3.3050052778234	0.00026051472784456	0.050387025034011	1.1036107684783	1.906167075315	1.8953655626372	0.00096784421245198	6.7669002489539	0.0091194313392392	0.98698664671835	9.2072785344587e-06	3.929022586695e-09	0.006367137817225	0.0020249371915371	0.0020249371816725
43.872	3.8856131157773e-05	1.8136393093874e-05	4.8372104058171e-05	1.454622250078	1.0194188576637	3.3042127389442	0.00025867580604338	0.050435462928373	1.1032744144112	1.9058295867451	1.8947613160715	0.00095287886848761	6.7647161457299	0.0090227134093153	0.98666902931059	9.1564165424337e-06	3.9120772248488e-09	0.0063550669363819	0.0020262482032348	0.0020262481933638
44	3.8856928316031e-05	1.8132541724872e-05	4.8346770512396e-05	1.4544781322048	1.0193302258897	3.303953806854	0.0002583974892393	0.050488612097683	1.1031645868108	1.9057193248457	1.8945640463623	0.00094873947574702	6.7640031228134	0.0090041962413596	0.98656533884801	9.1503992287206e-06	3.9083847624302e-09	0.0063523837076046	0.002026620654564	0.0020266206446912
44.2	3.748152185518e-05	1.7659290787554e-05	4.7297911925325e-05	1.4542528521883	1.019191709961	3.3035484668657	0.00025352269060626	0.050601517206605	1.1029928697259	1.9055468457098	1.8942557696209	0.00093844960919321	6.7628889495557	0.0092006827096041	0.98640331421413	8.9648929492323e-06	3.8777758862037e-09	0.0063377427844603	0.0020272516223608	0.0020272516124849
44.48	3.7336472347978e-05	1.7474548287859e-05	4.6700314539977e-05	1.4539372421705	1.0189977195274	3.3029796236974	0.00025011538088668	0.050297591539374	1.1027522588618	1.9053049330241	1.8938241235507	0.00092591327227196	6.7613292648865	0.0091101178411912	0.98617648536554	8.8478837406655e-06	3.8550496527803e-09	0.0063233681924023	0.0020282131457196	0.0020282131358391
44.872	3.7332223324961e-05	1.7426818127928e-05	4.6479516641697e-05	1.4534950569124	1.0187260824289	3.302182077165	0.00024835693309696	0.050347128383153	1.1024152917239	1.9049657822427	1.8932198961226	0.00091163109853695	6.7591462980729	0.0090137161578415	0.98585899604949	8.799178504394e-06	3.838863882032e-09	0.0063118402983918	0.0020294485494599	0.0020294485395733
45	3.7333180032997e-05	1.7423211581411e-05	4.6455440105788e-05	1.4533506123855	1.0186373848066	3.3019215183103	0.00024809164590175	0.050400497687987	1.1023052648588	1.9048549807054	1.8930226329513	0.00090768140250423	6.7584336461606	0.0089952707637483	0.98575534744541	8.793446192698e-06	3.8353427127075e-09	0.0063092812678004	0.0020297983253195	0.0020297983154313
45.2	3.6013696644402e-05	1.6969136936757e-05	4.5448815292297e-05	1.4531248276053	1.0184987677869	3.3015136692657	0.00024341691493365	0.050512313008291	1.1021332417327	1.9046816667379	1.8927143697898	0.0008978638596136	6.7573200616803	0.0091914756240194	0.98559338942719	8.6153738261221e-06	3.8060174225813e-09	0.0062952719171502	0.0020303917494241	0.0020303917395329
45.48	3.5874980872423e-05	1.6792030140867e-05	4.4875714830669e-05	1.4528085234717	1.0183046399288	3.3009413735835	0.00024015342672895	0.050210033150255	1.1018922126666	1.9044386043644	1.8922827484905	0.00088590500672418	6.7557612073128	0.009101173407195	0.98536665541213	8.5031297934961e-06	3.7842747494579e-09	0.0062815312340571	0.0020312971826797	0.0020312971727841
45.872	3.5871515719168e-05	1.6746501335968e-05	4.466454466676e-05	1.4523653869182	1.0180328151768	3.3001390517241	0.00023847288794372	0.050260679140895	1.1015546686339	1.9040978659415	1.8916785593936	0.00087228387272738	6.7535794032969	0.0090050803139013	0.98504929952977	8.4565123025579e-06	3.7688245796403e-09	0.0062705300889778	0.0020324577176127	0.0020324577077115
46	3.5872614663295e-05	1.674312607991e-05	4.4641671985872e-05	1.4522206357843	1.0179440569427	3.2998769417258	0.00023822014580939	0.050314272696096	1.1014444542906	1.9039865490284	1.8914813090182	0.000868517618939	6.7528671310026	0.0089867048410439	0.98494569452687	8.4510536632524e-06	3.7654688854591e-09	0.0062680913537551	0.0020327850748509	0.002032785064948
46.2	3.4607114213342e-05	1.6307579637509e-05	4.3675935982834e-05	1.4519943773877	1.0178053469644	3.2994667008511	0.0002337392024454	0.050425067143138	1.1012721434015	1.9038124379164	1.891173069114	0.00085915547220288	6.7517541484536	0.009182633548462	0.98478380580763	8.2801828558685e-06	3.7373855323767e-09	0.0062546932431689	0.0020333414790852	0.0020333414691796
46.48	3.4474467764283e-05	1.613783138526e-05	4.3126491417323e-05	1.4516774223367	1.017611092945	3.2988911149477	0.00023061455456502	0.050124416697683	1.1010307214272	1.9035682780646	1.8907414859547	0.00084775305166148	6.750196142589	0.0090925868790289	0.98455717032984	8.1725435015879e-06	3.7165921708219e-09	0.0062415646667422	0.0020341917884054	0.0020341917784957
46.872	3.4471715552712e-05	1.6094405783695e-05	4.2924565974367e-05	1.4512333942807	1.0173390961514	3.298084243068	0.00022900887019016	0.050176160495262	1.1006926356334	1.9032260243902	1.890137353782	0.00083476829522824	6.7480155268193	0.0089967938134189	0.98423995304091	8.1279332120274e-06	3.701849814955e-09	0.0062310709613687	0.0020352789353323	0.0020352789254173
47	3.4472939361839e-05	1.6091247448277e-05	4.2902838228188e-05	1.4510883559262	1.0172502823797	3.2978206552131	0.00022876811748384	0.05022997641136	1.1005822452524	1.9031142156349	1.8899401222626	0.00083117852773825	6.7473036424503	0.0089784862005624	0.98413639332216	8.1227355727313e-06	3.6986530123648e-09	0.006228747953329	0.0020355843444642	0.0020355843345477
47.2	3.3240455212771e-05	1.5668321852074e-05	4.2050826599468e-05	1.4508616538571	1.0171114944998	3.2974081643819	0.00022454962184402	0.050340325997002	1.1004096663836	1.9029393779851	1.8896319205401	0.00082224149563358	6.7461912713469	0.0091741930734165	0.98397457614913	7.9642706788336e-06	3.6728748247429e-09	0.0062181922687027	0.0020360955112419	0.0020360955013229
47.48	3.3111859580663e-05	1.550368915373e-05	4.1558967938486e-05	1.4505440888653	1.016917148801	3.2968295384489	0.00022160690009042	0.050042466803394	1.1001678825413	1.9026942829223	1.8892004042872	0.00081135797956128	6.7446341249569	0.0090845623243327	0.98374804185316	7.8632723441076e-06	3.6537504094215e-09	0.0062071434593403	0.0020368636030219	0.0020368635930991
47.872	3.3110014558627e-05	1.5461886991329e-05	4.1377950698038e-05	1.4500992250556	1.0166450386223	3.2960185051943	0.00022009864332407	0.050097272924797	1.099829300954	1.9023507901666	1.888596373497	0.00079896572490696	6.7424547125315	0.0089892868876493	0.98343096663921	7.821242932329e-06	3.6400745271726e-09	0.0061979087008785	0.0020378335491328	0.0020378335392054
48	3.3111443364533e-05	1.5458934303711e-05	4.1358680127512e-05	1.4499539173564	1.0165561894511	3.2957535698094	0.00021987353765118	0.050151936408319	1.0997187497879	1.9022385843937	1.8883991756372	0.00079554006765349	6.7417432210152	0.0089711000065066	0.98332745332929	7.8163674464957e-06	3.6370902800398e-09	0.0061958188943698	0.0020381036380338	0.002038103628105
48.2	3.6154058318585e-05	1.6283613866162e-05	5.5297180842059e-05	1.4497268169423	1.0164185602737	3.2953468136428	0.00025718862430094	0.050345713451696	1.0995470419155	1.9020688884073	1.8880921282495	0.00078949286444095	6.7406321615093	0.0091754266136008	0.98316578683121	8.9072340586035e-06	3.9144656199366e-09	0.0065788564579704	0.0020366153184529	0.0020366153085314
48.48	3.6534135490783e-05	1.6625585760293e-05	6.2271111974397e-05	1.4494087569311	1.0162282419685	3.2947905853267	0.00028218461514027	0.050246234540661	1.0993085848899	1.9018423712355	1.8876639309279	0.00078238645493633	6.739077320888	0.0091176133050234	0.9829395657595	9.4740229205753e-06	4.0989662685095e-09	0.0068484929400173	0.0020312052868606	0.0020312052769655
48.872	3.6633364260516e-05	1.6747572282508e-05	6.4812325744172e-05	1.4489633060671	1.0159637831289	3.2940220592285	0.00029526274469957	0.050638405296001	1.0989763122917	1.9015343826541	1.8870655184357	0.00077481092125827	6.7369011885065	0.009067333171154	0.98262297426483	9.6941342491896e-06	4.1958482595965e-09	0.0069981714500963	0.0020221142159046	0.0020221142060538
49	3.6659089446962e-05	1.6766602520379e-05	6.5118985682687e-05	1.4488178290365	1.0158776387488	3.2937721088214	0.00029734199528437	0.050800939663493	1.0988679834318	1.9014347426699	1.8868702250317	0.00077283470365414	6.7361907685706	0.0090604933431434	0.98251962149029	9.7229632319491e-06	4.2113283785348e-09	0.0070231488493472	0.0020192795642437	0.0020192795544067
49.2	4.9503905960459e-05	2.1025937749949e-05	6.3849261199149e-05	1.4485906133618	1.0157425649085	3.2933825800389	0.0003109650863081	0.051095520521354	1.0986991110866	1.9012767442143	1.8865650610414	0.00078103352353529	6.7350829820155	0.0092699877450767	0.98235842413497	1.0355716547326e-05	4.2407572225903e-09	0.0068579652900439	0.0020155715924153	0.0020155715825964
49.48	5.0915361258447e-05	2.2714370429404e-05	6.4119973114606e-05	1.4482728374994	1.0155525586527	3.2928379248541	0.00032209282011126	0.050896507124779	1.0984634958171	1.9010511496505	1.8861379911327	0.00079201601484112	6.7335338115596	0.0091799151380765	0.98213314686901	1.0937001480083e-05	4.2516953736125e-09	0.0067664996280583	0.002011889022167	0.002011889012366
49.872	5.1020630083927e-05	2.3179059940613e-05	6.4421871051451e-05	1.4478285551311	1.0152859692691	3.2920762073618	0.00032834912553659	0.051013751217067	1.0981343913198	1.9007323449271	1.8855404057496	0.00080641131319872	6.7313657382325	0.0090780408719299	0.9818180038919	1.1234892188111e-05	4.2649996162761e-09	0.0067330605496	0.0020081692938611	0.0020081692840783
50	5.1035963527591e-05	2.3223195412899e-05	6.447765032094e-05	1.4476836180623	1.0151988827188	3.291827665674	0.0003293753311128	0.051081801289601	1.0980270202323	1.9006280130702	1.8853453328706	0.00081080845402249	6.7306579502796	0.0090580954184662	0.98171513113872	1.1276051370318e-05	4.2688740521451e-09	0.006730112918592	0.0020071405857068	0.002007140575929
50.2	6.0514064921779e-05	2.6597327057771e-05	6.8537270076531e-05	1.4474574688813	1.0150626739018	3.2914416777403	0.00034650346475455	0.051219057020766	1.0978597258498	1.9004642904167	1.885040916688	0.00083646862552973	6.7295537205783	0.009255748198054	0.98155462770962	1.2427280863459e-05	4.357716366627e-09	0.0066915163666062	0.0020055075801114	0.0020055075703416
50.48	6.1575262174776e-05	2.7943483361871e-05	7.118470345775e-05	1.447141687131	1.0148718557386	3.2909052943738	0.00035960523022151	0.050902741321417	1.0976264788016	1.9002343636696	1.8846154679271	0.00086933262546534	6.7280091543417	0.0091639734146406	0.9813302472805	1.3192952469453e-05	4.4174744074057e-09	0.0066852636477305	0.0020031464305454	0.0020031464207871
50.872	6.1676542242815e-05	2.8323273685537e-05	7.227740384753e-05	1.4467010173728	1.0146047819296	3.2901582626095	0.00036687264163158	0.050935486098435	1.0973008072526	1.8999125710759	1.8840204470388	0.00090951383681602	6.7258474834506	0.009070070569213	0.98101632685218	1.3533482137381e-05	4.462657579517e-09	0.0066968411744363	0.0019998303264719	0.0019998303167298
51	6.169551470716e-05	2.8361770220145e-05	7.2418805727802e-05	1.4465574213146	1.0145176055482	3.2899148977703	0.00036806038347306	0.050984282380582	1.0971945685823	1.8998075850227	1.8838262312959	0.00092118603354573	6.7251417852146	0.0090529954481683	0.98091385138949	1.3578063102261e-05	4.472949951311e-09	0.0067012140722435	0.0019987858750187	0.0019987858652817
51.2	6.7373917786124e-05	3.0395064907284e-05	7.7267073930672e-05	1.4463335185372	1.0143815480902	3.2895379401691	0.00039003540929112	0.051106435018362	1.0970291745266	1.8996442244691	1.8835231974982	0.0009583284078893	6.7240401958358	0.0092557648745228	0.98075388276653	1.4484918614187e-05	4.5991307750706e-09	0.0067522560155584	0.0019967363971666	0.0019967363874396
51.48	6.8055761068453e-05	3.1223765848346e-05	8.0072603417579e-05	1.4460211547771	1.0141914570025	3.2890161577415	0.00040578434406381	0.050804347283722	1.0967987848653	1.899417242891	1.8830996893813	0.0010049642437849	6.7224989014371	0.0091744203647263	0.9805301382639	1.5052984011071e-05	4.6921427649031e-09	0.0068056668328118	0.0019931278917744	0.001993127882065
51.872	6.8178644005322e-05	3.1481775713802e-05	8.121253510826e-05	1.4455856858153	1.0139258093054	3.288291391652	0.00041442375816753	0.050875140015166	1.0964772459136	1.8991014991676	1.8825073573942	0.0010602361024918	6.7203417624337	0.0090925498992074	0.98021705800802	1.5304943010129e-05	4.7596672607206e-09	0.006850200218772	0.0019877972992708	0.0019877972895874
52	6.8208755904911e-05	3.1514071821039e-05	8.1366047367971e-05	1.4454438637523	1.0138391397533	3.2880555100708	0.00041584856574782	0.050936786078527	1.0963723688629	1.8989986821354	1.8823140163885	0.0010759297199747	6.7196375433297	0.0090783470296173	0.98011485406253	1.5339767113479e-05	4.7744800453899e-09	0.0068602874598596	0.0019861316815509	0.0019861316718756
52.2	7.1271670929629e-05	3.262654496032e-05	8.4278471760378e-05	1.4452227679143	1.0137038651091	3.2876894091842	0.0004316981414945	0.051087381490498	1.096208940498	1.8988386667439	1.8820121916586	0.0011157277331381	6.7185378363465	0.0092840016304929	0.97995525068739	1.5867086885745e-05	4.868921854471e-09	0.0069061761145302	0.0019833200588888	0.0019833200492272
52.48	7.1683916536528e-05	3.3096883937374e-05	8.5979396010107e-05	1.4449143492743	1.013514803025	3.2871813175534	0.00044302936980082	0.050809429787277	1.0959809682279	1.8986160515629	1.8815901026735	0.0011648852487066	6.7169988857338	0.0092041011364328	0.97973194039646	1.6199539737485e-05	4.9437097302751e-09	0.0069524130038869	0.001979044547948	0.0019790445383073
52.872	7.1808084369242e-05	3.3265197988555e-05	8.6718159689184e-05	1.4444843952752	1.0132505104733	3.2864745513184	0.00044940137470948	0.050901148252771	1.095662536213	1.8983060186988	1.8809995835775	0.0012217983384124	6.7148449945549	0.0091217057525727	0.97941943375021	1.6355417027929e-05	5.0022113029164e-09	0.0069918103421619	0.0019732145830592	0.0019732145734469
53	7.1841580706992e-05	3.3291233169954e-05	8.6829419284041e-05	1.4443443663382	1.013164272229	3.2862444221736	0.00045049174913443	0.050968019202437	1.0955586457433	1.8982050141189	1.8808068212687	0.0012376973865324	6.7141418354775	0.0091071387358331	0.97931741516483	1.6379217815423e-05	5.0156480788464e-09	0.007001003363501	0.0019714432336809	0.0019714432240772
53.2	7.3061912095823e-05	3.3756702694906e-05	8.8193937981009e-05	1.4441260188205	1.0130296227606	3.2858863164917	0.00045921484596285	0.051130388082277	1.0953965674882	1.8980475998308	1.880505776425	0.0012730804533041	6.713043486242	0.0093119331517874	0.97915806050388	1.6628351925712e-05	5.0726173133429e-09	0.0070311290486318	0.0019686563656945	0.0019686563561044
53.48	7.3268587057894e-05	3.3969032249508e-05	8.9010666978883e-05	1.4438212889389	1.0128413186456	3.2853876419192	0.00046550164457745	0.050856874967518	1.0951701188897	1.8978280720131	1.8800845691592	0.0013161923969751	6.7115062324006	0.0092294329074361	0.97893504473965	1.6787264511048e-05	5.121757306848e-09	0.0070619622927776	0.0019647457122092	0.0019647457026382
53.872	7.3375185412199e-05	3.4065160564522e-05	8.9409863604933e-05	1.4433962186368	1.0125779573031	3.2846925084361	0.00046919776332797	0.050948100654147	1.0948535194507	1.8975217499777	1.8794951514253	0.001365183011367	6.7093546927856	0.0091432392769585	0.97862292637508	1.6869242106296e-05	5.1638923330314e-09	0.007089831646657	0.0019596606939878	0.0019596606844417
54	7.34057101398e-05	3.4084098621437e-05	8.9480344996663e-05	1.4432577255978	1.0124920063046	3.2844659886159	0.00046986849714152	0.051014258755038	1.0947501970599	1.8974218782619	1.8793027385253	0.0013786957309528	6.7086523011581	0.0091276252425147	0.97852103318762	1.6883693491957e-05	5.1740741751843e-09	0.0070966420406656	0.0019581395357379	0.0019581395261992
54.2	7.3348636385097e-05	3.4100428146028e-05	8.9757338582269e-05	1.4430416792457	1.0123577621776	3.2841127108749	0.00047296862818607	0.051176467760544	1.0945888571171	1.8972660282435	1.8790021537188	0.0014058527485606	6.7075549470159	0.0093309347946992	0.97836184651316	1.6938824933389e-05	5.1997748985627e-09	0.0071121773368481	0.0019558494966158	0.0019558494870882
54.48	7.3400338193248e-05	3.4128553394236e-05	8.9941636365063e-05	1.4427399337378	1.0121699269555	3.2836193309023	0.00047524197679847	0.050897248750065	1.0943631601753	1.8970482245298	1.8785814452044	0.0014385221078114	6.706018945878	0.0092455605771391	0.97813902909685	1.6974702864674e-05	5.2256809226382e-09	0.007128597292129	0.001952813473139	0.0019528134636262
54.872	7.3480906920773e-05	3.4167483570797e-05	9.0083469616277e-05	1.4423186460186	1.0119071109435	3.2829302350581	0.00047674354035673	0.050978739759525	1.0940473805382	1.8967437932236	1.8779926329616	0.0014750001249428	6.7038691431205	0.0091556796072783	0.97782717171747	1.7001606058093e-05	5.2511880283467e-09	0.0071448778184977	0.0019490004634869	0.0019490004539928
55	7.3505424872301e-05	3.4179461780765e-05	9.0119678251026e-05	1.442181309079	1.0118213230524	3.2827055059253	0.00047705545572793	0.051041793482836	1.0939443021971	1.8966444687294	1.8778004105487	0.0014849402252645	6.7031673182896	0.0091390818451937	0.97772536276353	1.7008458486257e-05	5.257759528525e-09	0.0071491156157977	0.0019478709657878	0.0019478709562991
55.2	7.2588544041089e-05	3.3892394548144e-05	8.9656417012875e-05	1.4419669589873	1.0116873002402	3.2823544204645	0.00047616456072067	0.051198500958166	1.0937832390553	1.8964893149334	1.8775000658074	0.0015027913611369	6.7020707143135	0.0093410084525294	0.97756628911994	1.6931451022835e-05	5.2596339816547e-09	0.0071529097546512	0.0019462405186441	0.0019462405091634
55.48	7.2527701837542e-05	3.3792712821691e-05	8.9402775044891e-05	1.4416673403983	1.0114997004877	3.2818630074788	0.00047555916257198	0.050910521020191	1.0935577329758	1.8962721343464	1.8770795958553	0.0015239296277243	6.700535669573	0.0092532904055848	0.97734360534736	1.6882264214746e-05	5.2667588789558e-09	0.0071575361031282	0.0019442054096461	0.0019442054001753
55.872	7.2581693422737e-05	3.3788360925583e-05	8.9357107685227e-05	1.4412486261238	1.0112371286113	3.2811755719053	0.00047544357635492	0.050980171190627	1.0932420574182	1.8959681726837	1.8764910548195	0.0015470070361769	6.6983871941174	0.0091604740660314	0.97703192378069	1.6869388352526e-05	5.2777782377086e-09	0.0071638458744109	0.0019417423075493	0.0019417422980906
56	7.2599598722484e-05	3.3794312022112e-05	8.9366319607845e-05	1.4411120502647	1.0111514085466	3.2809512333139	0.00047548190827382	0.051039659108264	1.0931389963523	1.8958689457223	1.8762989160103	0.0015531949915176	6.6976858024175	0.0091430925164044	0.97693017155325	1.6870370138353e-05	5.2810457127514e-09	0.007165774358551	0.0019410183198447	0.0019410183103894
56.2	7.1126113624205e-05	3.3309754841915e-05	8.8415805131471e-05	1.4408987875957	1.011017467325	3.2806003272957	0.00047190379980965	0.051189241236972	1.0929778905688	1.8957138287825	1.8759986645132	0.0015623634424128	6.6965897886039	0.0093438339805574	0.97677117462054	1.6706194124111e-05	5.2656808902642e-09	0.007160733199976	0.0019400356914349	0.0019400356819844
56.48	7.0987323008401e-05	3.3124820240172e-05	8.786967083397e-05	1.440600470372	1.0108299286126	3.2801083770111	0.0004693434469872	0.050892899566297	1.0927521942119	1.8954964481932	1.8755782617533	0.0015728848245114	6.695055509755	0.0092543839402427	0.97654858240168	1.6600205845664e-05	5.2585791305898e-09	0.0071563648688444	0.0019389274152457	0.0019389274058007
56.872	7.1018413772639e-05	3.3089421613093e-05	8.7693250782403e-05	1.4401832220483	1.0105673800176	3.2794193717085	0.00046810467241533	0.050951861002831	1.0924361435774	1.8951919135068	1.8749897737416	0.0015838346661417	6.6929080988207	0.0091594163270876	0.97623702166021	1.6559770005969e-05	5.2580296274647e-09	0.0071547934652152	0.0019376710901746	0.0019376710807356
57	7.1030420744193e-05	3.3090624501647e-05	8.7682474223991e-05	1.4400470559075	1.0104816586907	3.2791944027983	0.00046794766944121	0.051008179752714	1.0923329488485	1.8950924577747	1.8747976489727	0.0015866650940999	6.6922070545072	0.0091414557766006	0.9761353084325	1.6556465003184e-05	5.2585759240114e-09	0.0071548451960835	0.0019373051199745	0.0019373051105373
57.2	6.9214901153395e-05	3.2483720200353e-05	8.6425120942102e-05	1.4398343491419	1.0103476985768	3.2788422183475	0.00046264216039558	0.051150782762941	1.0921715897192	1.8949369031457	1.8744973961327	0.001588600317557	6.6911115308508	0.0093412003781352	0.97597636514587	1.6337213001344e-05	5.2313097748728e-09	0.0071435061504569	0.0019368788494123	0.0019368788399772
57.48	6.9025069214624e-05	3.2244734655888e-05	8.569255762587e-05	1.4395366314967	1.0101600971049	3.2783479392469	0.00045881806345223	0.050847816448793	1.0919454557036	1.8947187378493	1.8740769521167	0.0015903595575038	6.6895779013811	0.009250559384749	0.97575383831934	1.6194996880035e-05	5.2140083954635e-09	0.0071326604921414	0.001936540028441	0.0019365400190076
57.872	6.9038439021025e-05	3.2188320577402e-05	8.5429547033476e-05	1.4391199374758	1.0098974176538	3.2776550938009	0.0004568397341988	0.050898381018551	1.0916287232964	1.8944129017104	1.873488380728	0.001591423353087	6.687431394695	0.0091541195504045	0.97544236457514	1.6136408366167e-05	5.2048274025037e-09	0.0071252577496376	0.0019362635762712	0.0019362635668391
58	6.9045779910014e-05	3.2186062950476e-05	8.5404858772274e-05	1.4389838975806	1.0098116473467	3.2774287849615	0.00045655114506695	0.050952212455375	1.0915252988282	1.8943129915794	1.8732962266743	0.0015915393681835	6.6867306454857	0.0091357577222487	0.97534067946792	1.6130152775389e-05	5.2032995652641e-09	0.0071238927506382	0.0019361858808664	0.0019361858714347
58.2	6.7036291217189e-05	3.1508840071435e-05	8.396637981078e-05	1.4387713235163	1.0096775995318	3.2770743165091	0.00045019797254807	0.051088680015192	1.0913635537525	1.8941566739069	1.8729959144641	0.0015879208188631	6.6856355533994	0.0093346669456059	0.97518177598404	1.5878219908561e-05	5.1682437966796e-09	0.0071083041612041	0.001936199299253	0.0019361992898212
58.48	6.68154181953e-05	3.1237999305236e-05	8.3122623797469e-05	1.4384736573552	1.009489851743	3.2765764900114	0.00044560572123669	0.050781097625144	1.091136829605	1.8939373287184	1.8725753644223	0.0015830040151242	6.6841025073742	0.00924327284095	0.97495929936321	1.5714359319906e-05	5.1440318710745e-09	0.0070930537029841	0.0019364539499021	0.0019364539404691
58.872	6.6816175607042e-05	3.1168311935661e-05	8.2805937665559e-05	1.4380568228368	1.0092269393057	3.2758782888194	0.00044317068940041	0.050825666952539	1.0908192297842	1.8936297076821	1.8719866296782	0.0015766125061777	6.6819568146266	0.0091459045986769	0.97464789329379	1.5644577912589e-05	5.1288009219585e-09	0.0070815939704055	0.0019369204391178	0.0019369204296825
59	6.6820131801251e-05	3.1163709979893e-05	8.2772201721363e-05	1.4379206965527	1.0091410887594	3.2756501719382	0.00044279913289462	0.05087770406611	1.0907155178415	1.8935291950785	1.8717944210784	0.0015746957557256	6.6812563310731	0.0091272842554222	0.97454623011563	1.5636423597344e-05	5.1257944954952e-09	0.0070792269400654	0.0019370598247199	0.001937059815284
59.2	6.4716548218049e-05	3.0451396000114e-05	8.1238273166684e-05	1.4377079411073	1.0090069086526	3.2752927631422	0.0004358666268876	0.05100904205901	1.0905533085526	1.8933719031	1.8714940165332	0.0015670888050521	6.6801616399529	0.009325489760603	0.97438735886908	1.5367099347713e-05	5.0859918406511e-09	0.0070609545962992	0.0019373993085935	0.0019373992991559
59.48	6.4478922005487e-05	3.0164052697695e-05	8.0335301598281e-05	1.4374099260709	1.0088189614279	3.2747906085992	0.0004308505949251	0.050698655590791	1.0903259072803	1.8931511262114	1.8710733254091	0.0015574113423162	6.6786291453073	0.009233677724313	0.97416492467453	1.5191669010084e-05	5.0574037270506e-09	0.0070429043604389	0.0019380849522637	0.0019380849428227
59.872	6.4471381343711e-05	3.0086777490481e-05	7.9988536101617e-05	1.4369924539987	1.0085557526267	3.2740861032533	0.00042815943122564	0.050739313696083	1.0900073372748	1.892841419429	1.8704843854878	0.0015457536846994	6.6764842229726	0.0091357937415473	0.97385357670117	1.5115659114632e-05	5.0382033851933e-09	0.0070288054628058	0.0019390826635996	0.0019390826541538
60	6.4473060481492e-05	3.0080712487035e-05	7.994941280386e-05	1.4368560913227	1.0084698027273	3.2738558896401	0.00042774021603942	0.050790149990647	1.0899033062818	1.8927402135236	1.8702921092717	0.0015424103848464	6.6757839908919	0.0091170233986647	0.97375193240554	1.5106389274933e-05	5.0342105679318e-09	0.0070257756442266	0.0019393762642184	0.0019393762547712
