# Time [h]	All Liquid [L/h]	MS [g/L]	AA [g/L]	Butyric [g/L]	Propionic [g/L]	LCFA [g/L]	Valeric [g/L]	Acetic [g/L]
1.0	9.345648683215378	1.658729708343458E-5	4.4656515484082856E-5	2.0393547317032516E-4	5.375461371574367E-4	0.0030955328659574835	5.523970008227567E-5	1.1147194875249096	
2.0	9.766327042040372	1.4745303493240408E-9	2.4248103021502256E-7	1.3776220104178945E-6	3.568745595088275E-5	0.018279025874167465	5.69865748644295E-7	0.3818596891263846	
3.0	9.966860415912612	9.949047154472193E-10	1.5482845622165923E-7	8.535950009892202E-7	3.224701463888076E-5	0.07453396750154098	3.660279707680438E-7	0.0469216761965519	
4.0	9.987683994722502	6.995135811603255E-10	1.0255819878002216E-7	5.678756127737478E-7	2.0197395516069728E-5	0.1707612567459104	2.4365342584581547E-7	0.01746612904865802	
5.0	9.986982967854239	5.217585410175144E-10	7.184016584436642E-8	3.972374169135296E-7	1.175530293915598E-5	0.27087008566136284	1.7004616795834677E-7	0.019720524074313742	
6.0	9.986264563770977	4.338175178764467E-10	5.501996141899577E-8	3.028195004290589E-7	7.723077298296894E-6	0.3430444738105796	1.2873071309082584E-7	0.021380090497510197	
7.0	9.985849608903143	4.4134205477108723E-10	4.9310308462186295E-8	2.676198262816276E-7	6.0928036507079E-6	0.37746636466522343	1.1243892225611775E-7	0.02238765025844389	
8.0	9.985524784617873	6.520007621065685E-10	5.8569802325244086E-8	3.06534509232747E-7	6.193506074495234E-6	0.37738262510314957	1.266058495005135E-7	0.02322288917062621	
9.0	9.985074784001688	1.7911384797782109E-9	1.0937195411093916E-7	5.284984393559453E-7	9.034429602059468E-6	0.35156861552222146	2.1314757639570893E-7	0.024331176035991636	
10.0	9.98431350335757	9.564673617030966E-9	3.326787451287893E-7	1.4169949522124651E-6	1.9398398796588407E-5	0.31084239290816396	5.528483431848805E-7	0.02603152243887047	
11.0	9.98335633957546	5.093415637303319E-8	1.1115685324543365E-6	4.263485608313241E-6	4.7958707709087484E-5	0.26477581029373787	1.5972927622883992E-6	0.027971252924600433	
12.0	9.982724343897809	1.359333905429555E-7	2.4687881889549266E-6	9.266142437295442E-6	9.47215919895674E-5	0.2197240081741279	3.329970566172714E-6	0.029164981167788546	
13.0	9.98280124348587	1.8282720611277704E-7	3.2389309226859635E-6	1.2754337416810241E-5	1.2941599278197443E-4	0.17964093450418278	4.392231341667953E-6	0.02904030286428431	
14.0	9.983449666390708	1.6827878975444904E-7	2.9688409299808578E-6	1.2623973296313324E-5	1.3233658237733897E-4	0.14733307384569833	4.142070769309711E-6	0.02790328566744577	
15.0	9.984280405112319	1.3641929293699849E-7	2.3221850758079976E-6	1.066373540841238E-5	1.1594978333640922E-4	0.12399674980672168	3.3140787685337733E-6	0.026450109895335694	
16.0	9.9850231481766	1.0911696495317603E-7	1.7579108119279998E-6	8.623185514049779E-6	9.624895252136861E-5	0.10845622943775568	2.53591326784391E-6	0.025155740150609826	
17.0	9.985630329311832	8.830761830294692E-8	1.3517736768249871E-6	7.0041610988834E-6	7.948060891316256E-5	0.09782517449136736	1.9579896966028812E-6	0.02410252658684203	
18.0	9.986191983778381	7.141970861251716E-8	1.0586312665920502E-6	5.7469046107884415E-6	6.606443119172131E-5	0.08891746701047314	1.5392881593336587E-6	0.023131772972289636	
19.0	9.986829869029393	5.6490113324456193E-8	8.316142447096843E-7	4.705890318423645E-6	5.4910934350808666E-5	0.07934456936946559	1.2186651594902927E-6	0.02203007601893447	
20.0	9.987634074337986	4.2955360776407425E-8	6.443645113439077E-7	3.7898852534683212E-6	4.5117046446455936E-5	0.06802904196174554	9.57118790250473E-7	0.020640605052576963	
21.0	9.988633342039378	3.1217755761519816E-8	4.874154891562345E-7	2.9741179921542177E-6	3.633106400332149E-5	0.055219413235752496	7.378864584022524E-7	0.018914656527920966	
22.0	9.98978238088985	2.1881634550177915E-8	3.601578512840785E-7	2.274951102686134E-6	2.8637617326767647E-5	0.04210387917470009	5.576845251231558E-7	0.016932430623649207	
23.0	9.990969772666174	1.5145702145086493E-8	2.63326459843507E-7	1.7156236751481752E-6	2.2276362568509746E-5	0.030154512225233337	4.1726054762394527E-7	0.014887613898541699	
24.0	9.992058476182784	1.0667347938983555E-8	1.9454986463317797E-7	1.3010715651828033E-6	1.7370260124563553E-5	0.02046051207192215	3.1470911197619986E-7	0.013015860074861678	
25.0	9.992868513784638	8.622204794180454E-9	1.5298269226529443E-7	1.1132293634142773E-6	1.4390745381659415E-5	0.013375670875217502	2.5343397751928947E-7	0.011504591686112686	
26.0	9.99349031107452	9.73269991516331E-9	1.5279417769351007E-7	1.3133501878643518E-6	1.5600883499681234E-5	0.00862905718670134	2.5591063086605654E-7	0.01045866203009135	
27.0	9.993923588489055	1.1523128664360408E-8	1.890954892422104E-7	1.361463726886012E-6	1.72010311257417E-5	0.005659445378719557	2.957635740733817E-7	0.009736917661600833	
28.0	9.994190838068628	1.2319366076102574E-8	2.1697534235751047E-7	1.4403649852842653E-6	1.8532958733222753E-5	0.003892823330584978	3.406032378833287E-7	0.009267116627892844	
29.0	9.994344232822657	1.2604578735680862E-8	2.3073438736453964E-7	1.5435925519999765E-6	2.0185456580794037E-5	0.0028652629981554636	3.701245722983596E-7	0.0089917504101078	
30.0	9.99443391302978	1.2649727870179608E-8	2.3639670464157762E-7	1.606250046492133E-6	2.1545850362700348E-5	0.0022628434960149765	3.847630548493704E-7	0.008832108874828977	
31.0	9.99449060900426	1.2538082088974826E-8	2.3720426493581202E-7	1.6280104888709498E-6	2.229143158831715E-5	0.0018966389147628687	3.8942388208214176E-7	0.008734029921624642	
32.0	9.994530297793442	1.2313672012669795E-8	2.3478583548990322E-7	1.6214982681446236E-6	2.2503953442981912E-5	0.001660672644853541	3.875258653333281E-7	0.008668364878531246	
33.0	9.994561012539506	1.2009933311157639E-8	2.3019048871765806E-7	1.5961398590729513E-6	2.2337754292955295E-5	0.0014983655118469418	3.8127045682988014E-7	0.008620112025772583	
34.0	9.994586725420941	1.1654073819997781E-8	2.241727273103177E-7	1.5585207543022903E-6	2.1921050600713024E-5	0.0013798412004681093	3.7217868576160373E-7	0.008581661259728616	
35.0	9.994609431413906	1.1267441177096209E-8	2.1728393667635333E-7	1.5133027044321736E-6	2.134668078149785E-5	0.0012886447249342455	3.6132958252458724E-7	0.008549077043310016	
36.0	9.99463018894992	1.0865920336503132E-8	2.0991959910071827E-7	1.4637621130241785E-6	2.0679165769214154E-5	0.0012150122453044147	3.494834405722816E-7	0.008520209661941511	
37.0	9.9946495977675	1.04607808801229E-8	2.0235573822445922E-7	1.4121602776970105E-6	1.9962408605018594E-5	0.0011527792450853778	3.3716602380515476E-7	0.00849381172368378	
38.0	9.99466800719354	1.0059695008779658E-8	1.9477964373091172E-7	1.360024617915134E-6	1.9225759653105563E-5	0.0010979722489517047	3.247329681033837E-7	0.00846913740301621	
39.0	9.994685621918094	9.667679663982832E-9	1.8731468343672743E-7	1.308362308042805E-6	1.8488472052414935E-5	0.0010480809913005187	3.124190010632346E-7	0.008445747951816508	
40.0	9.994702543295373	9.287858174969537E-9	1.80039235619272E-7	1.2578178826586703E-6	1.7762877215799095E-5	0.0010015941072014502	3.0037441161375843E-7	0.00842340034390213	
41.0	9.994718824930596	8.922032431749256E-9	1.7300053540391625E-7	1.2087863479880136E-6	1.7056605903549153E-5	9.576587574636096E-4	2.886913038685057E-7	0.008401972744203064	
42.0	9.994734483978503	8.57109681244503E-9	1.6622454114338587E-7	1.1614928733807893E-6	1.637412371817795E-5	9.158272248322959E-4	2.7742213408929354E-7	0.0083814119640898	
43.0	9.994749528018135	8.23533264187971E-9	1.5972286879189865E-7	1.1160483615144476E-6	1.5717785667154916E-5	8.75878816520455E-4	2.665926574525321E-7	0.008361697916033637	
44.0	9.994763956924661	7.914616269973564E-9	1.5349763271146115E-7	1.072487987346107E-6	1.5088557560801626E-5	8.377053104043291E-4	2.5621091826428115E-7	0.008342821794923393	
45.0	9.994777780809173	7.608565418313593E-9	1.4754480895694305E-7	1.0307978128948857E-6	1.4486507658325062E-5	8.01244688297878E-4	2.462734654563205E-7	0.008324774499578521	
46.0	9.994791008532538	7.316641295159357E-9	1.4185655707768389E-7	9.909330613320082E-7	1.3911139955874888E-5	7.664474606463637E-4	2.3676962472469784E-7	0.008307541828043758	
47.0	9.994803652952795	7.038218884251343E-9	1.3642280673168187E-7	9.528305520047374E-7	1.3361618330433765E-5	7.332624619145851E-4	2.2768440860355212E-7	0.008291103553476542	
48.0	9.994815312913746	6.770482692720076E-9	1.3121851311519432E-7	9.167883014326102E-7	1.283782826792571E-5	7.016326441461327E-4	2.1901935766786362E-7	0.008275484065902929	
49.0	9.99474947040735	7.0809287697004895E-9	1.301461113054101E-7	9.663944982185187E-7	1.2847273565296935E-5	6.716591868937125E-4	2.1884719321151166E-7	0.008271232781853573	
50.0	9.99473783515706	9.229459310336024E-9	1.5139618075072528E-7	1.259477993419653E-6	1.554985298961978E-5	6.479863868492744E-4	2.5359501172944217E-7	0.0083166054992565	
51.0	9.994731825841297	1.1959709163391483E-8	2.0026814115449377E-7	1.4237974648008158E-6	1.832019392755143E-5	6.514434218085826E-4	3.1548946558948717E-7	0.008344343322884034	
52.0	9.99470648790264	1.3930136892785056E-8	2.4359466878928893E-7	1.616753750396164E-6	2.0871764553916946E-5	7.086278941177157E-4	3.829031796165192E-7	0.008372819910471195	
53.0	9.994667199545612	1.528411602266115E-8	2.735918448369523E-7	1.8215611068762518E-6	2.3678561714153224E-5	8.180303540257905E-4	4.3604171816509394E-7	0.00842491227896316	
54.0	9.994626801281706	1.6174137659364794E-8	2.9306124559382983E-7	1.972065847193204E-6	2.6090975732099185E-5	9.524123414907397E-4	4.7165811223270744E-7	0.008485869535900959	
55.0	9.994593511445094	1.6670200930303873E-8	3.0420653489565E-7	2.0618131039364115E-6	2.7704401630788778E-5	0.0010824872564071354	4.925122310788782E-7	0.008540433278775784	
56.0	9.994570380814036	1.6838224325834818E-8	3.086901129897261E-7	2.101881922929328E-6	2.8544456537701364E-5	0.0011894189785545792	5.016767615324587E-7	0.00858166470407632	
57.0	9.994557608937587	1.6748259174145195E-8	3.0803364593548164E-7	2.1038708330028306E-6	2.8765376070402985E-5	0.0012653742845243415	5.01905491058148E-7	0.00860785054960482	
58.0	9.994553974580226	1.6468077037975177E-8	3.0361375740025756E-7	2.0780669294040278E-6	2.853007496920518E-5	0.001310124413900091	4.956137727556282E-7	0.008620082374189349	
59.0	9.994557694890664	1.6056975249778467E-8	2.965978390231646E-7	2.0330613273343324E-6	2.797833635692796E-5	0.0013276126378010105	4.848175444498628E-7	0.008620727244197561	
60.0	9.994566918777405	1.556279306412609E-8	2.879136888725954E-7	1.9756284946295683E-6	2.7220350135527492E-5	0.0013234364051433985	4.711066481980943E-7	0.00861248869137334	
