# Time [h]	All Liquid [L]	MS [g]	AA [g]	Butyric [g]	Propionic [g]	LCFA [g]	Valeric [g]	Acetic [g]
0.2	1.8269908024362402	1.5038915897894826E-4	3.6684591126812365E-4	0.0015378475347484018	0.0033088294327321467	0.005448876252994354	4.113610624290472E-4	2.7197918482741765	
0.48	4.422516014682024	1.5479008466553492E-4	4.139622135339092E-4	0.0018657100531005108	0.00461137725967381	0.012020047122739911	5.040260601074547E-4	5.968404297924265	
0.872	8.128185410772012	1.5501112669217334E-4	4.168171912999635E-4	0.0019005543111618518	0.004952429491167974	0.023925354389659093	5.145276927105017E-4	9.411120333691644	
1.0	9.345648683215378	1.5501905114590267E-4	4.173441051308061E-4	0.0019059092862951544	0.0050237173488929115	0.02892976265258548	5.16250830335132E-4	10.417776710741693	
1.2	1.9200660951567396	3.656842132969356E-9	5.980713726281674E-7	3.9484078329337825E-6	7.540768696080732E-5	0.012301139318672705	1.490280069445023E-6	1.2901977799470448	
1.48	4.64045704093204	7.600271839314931E-9	1.3091661954719703E-6	7.746600438586223E-6	1.6880594686825723E-4	0.04432113574228039	3.104144353156407E-6	2.571125054112545	
1.872	8.50118090221284	1.2719860488345804E-8	2.116005619464237E-6	1.209515160239682E-5	3.038659949165499E-4	0.13994764633217455	4.9803530989775934E-6	3.5009830644267677	
2.0	9.766327042040372	1.4400745624912615E-8	2.3681490425707834E-6	1.3454307094054305E-5	3.485353661147308E-4	0.17851894469703736	5.565495271317359E-6	3.7293666081801398	
2.2	1.9855288385569618	2.4675063774247037E-9	3.789832923641497E-7	2.032347021454221E-6	7.10040521390194E-5	0.08170197510604334	8.729507420318927E-7	0.21468482690463722	
2.48	4.77545773759816	5.204263948178259E-9	8.487264290514339E-7	4.627306875768539E-6	1.6868293112776053E-4	0.2482677488107527	1.9859207746454985E-6	0.35483889180502287	
2.872	8.68876940011297	8.752735815624511E-9	1.3780547318259433E-6	7.5927076434353496E-6	2.856691465645746E-4	0.6097059609889788	3.2561141832778238E-6	0.44293434319739006	
3.0	9.966860415912612	9.916076425995691E-9	1.543153611572514E-6	8.507662226580345E-6	3.214014937356152E-4	0.7428696503320258	3.648149692964834E-6	0.46766179713168216	
3.2	1.997431888859302	1.7115163385784235E-9	2.478613267995595E-7	1.3485709416835976E-6	5.05588456519306E-5	0.24732364601147772	5.787369184424963E-7	0.034500810356323595	
3.48	4.7940678249016955	3.6344827367534326E-9	5.572400627183315E-7	3.064224073422738E-6	1.125241755974467E-4	0.6751877337696146	1.3156795601140453E-6	0.08173241878899803	
3.872	8.709273109650002	6.156912006002346E-9	9.127628114569143E-7	5.053976282022129E-6	1.8107428693980623E-4	1.4388990661779821	2.1687342635775104E-6	0.15125825408046767	
4.0	9.987683994722502	6.986520598646002E-9	1.0243188804827962E-6	5.671762168693594E-6	2.0172520393092966E-4	1.705509470919829	2.433533421579557E-6	0.17444617754903946	
4.2	1.9974864232032417	1.2341218360792113E-9	1.6885231338096694E-7	9.188359196095798E-7	2.8902196832962675E-5	0.4578844077989788	3.9413526576112606E-7	0.0373480222063382	
4.48	4.793889682137117	2.6588068865378296E-9	3.8319651417093993E-7	2.1057246356757033E-6	6.440936104201745E-5	1.1762547120685183	9.031637030886575E-7	0.09160743343232229	
4.872	8.708695273255671	4.5758188155991466E-9	6.37080094942569E-7	3.5229029736632173E-6	1.049836467495793E-4	2.318922010955566	1.5086043421650051E-6	0.17079075653758974	
5.0	9.986982967854239	5.210793662474394E-9	7.174665126955113E-7	3.967203316909833E-6	1.1740001023531765E-4	2.7051749320012495	1.6982481831488905E-6	0.19694853804733084	
5.2	1.9973041783591416	9.644773496127438E-10	1.233345826346719E-7	6.702680908660882E-7	1.7851655752622707E-5	0.6332357368454674	2.8607049891958627E-7	0.04153246230730773	
5.48	4.793484730911413	2.131377417373117E-9	2.843977663526084E-7	1.5581040021891525E-6	4.065687829600792E-5	1.5709842201015443	6.645256152633938E-7	0.10080633959438219	
5.872	8.708048471718802	3.77878249524036E-9	4.84961340032931E-7	2.669907023904324E-6	6.843028306083075E-5	2.963992234309832	1.1356927514174062E-6	0.18563683778684237	
6.0	9.986264563770977	4.332216505912642E-9	5.494438910185637E-7	3.024035646353541E-6	7.712469314724636E-5	3.4257328726120524	1.2855389584078827E-6	0.21350724010550268	
6.2	1.9972013089219018	8.733477375733096E-10	1.013691164855806E-7	5.473449999568088E-7	1.295081461456716E-5	0.7357316011412908	2.3138766524179943E-7	0.04393978751142754	
6.48	4.793256372483272	2.0200474607374085E-9	2.4056485979183983E-7	1.3049203598933113E-6	3.035248920027123E-5	1.7867112891846375	5.508918948483297E-7	0.1061673256262611	
6.872	8.707677143479629	3.7942505132868545E-9	4.29864069909314E-7	2.335179506246225E-6	5.340841430170574E-5	3.280576959893173	9.81993830522706E-7	0.1945696578533651	
7.0	9.985849608903143	4.407175385028371E-9	4.924053244720164E-7	2.6724113376091183E-6	6.084182095254512E-5	3.7693223499663127	1.1227981678367443E-6	0.22355970857754226	
7.2	1.9971346404533417	1.0359739949422115E-9	1.0278854797144689E-7	5.440883944317295E-7	1.160161083076957E-5	0.7638578798204742	2.26746235836351E-7	0.04561100547126413	
7.48	4.793099491717208	2.5998656276854666E-9	2.5686831539045754E-7	1.3568023076252241E-6	2.833564141105356E-5	1.8280093545210168	5.642176271981579E-7	0.11011263507195346	
7.872	8.707394091557711	5.467167523963547E-9	5.005505107620775E-7	2.6263878942870615E-6	5.341332207210323E-5	3.2934784332761766	1.0861168228660292E-6	0.20180462003916438	
8.0	9.985524784617873	6.510569769604881E-9	5.848502127488944E-7	3.0609079392842713E-6	6.18454084105535E-5	3.7683635562516553	1.264225848064978E-6	0.23189273538372202	
8.2	1.997063303550473	1.9735041216340825E-9	1.493105362078639E-7	7.521991415640084E-7	1.4072351964486825E-5	0.7316661157054152	3.0738009583366917E-7	0.047423681379615855	
8.48	4.792914346681057	5.653242465201876E-9	4.053130078448544E-7	2.014627938643759E-6	3.652348448284626E-5	1.7320844745020634	8.205728535375698E-7	0.11475263733296884	
8.872	8.707012747187248	1.4441751447745945E-8	9.074819431020003E-7	4.40910534063235E-6	7.617286166473994E-5	3.0775368098901144	1.7813455969191798E-6	0.21120984306530122	
9.0	9.985074784001688	1.788465166908853E-8	1.0920871410701283E-6	5.277096440197295E-6	9.02094552073624E-5	3.510438917697318	2.1282944903398666E-6	0.24294861230208623	
9.2	1.996942285323413	7.444283456383263E-9	3.5844889219609627E-7	1.636858934259253E-6	2.532640930165288E-5	0.6599718919587897	6.510584170001503E-7	0.05025469302617344	
9.48	4.79259573573428	2.4575965786414674E-8	1.0632297204770937E-6	4.733527933771564E-6	7.015995689621372E-5	1.550074329074646	1.8733325178765877E-6	0.12206842231245787	
9.872	8.70636437783191	7.501772118175917E-8	2.698437625897306E-6	1.157660336493739E-5	1.6056556185425197E-4	2.726835412298101	4.527691204033182E-6	0.22573211669981386	
10.0	9.98431350335757	9.549669994973015E-8	3.321568887269422E-6	1.4147721835564429E-5	1.9367969504829286E-4	3.1035479009289606	5.519811178169661E-6	0.25990688099937	
10.2	1.9967553909002127	4.565074777429883E-8	1.2525846756724993E-6	5.034626887005528E-6	6.218587036677826E-5	0.5700345458571988	1.9282132318286166E-6	0.05420406135673898	
10.48	4.792135006645276	1.4909878432329335E-7	3.742921442102469E-6	1.4720937618627455E-5	1.7521250961753334E-4	1.3314643583861594	5.601014211878669E-6	0.13163468737875533	
10.872	8.705527045257993	4.09332300875393E-7	9.119474363542193E-6	3.51035728382345E-5	3.983649862779813E-4	2.3260845605557567	1.3186444677952355E-5	0.24272858887031065	
11.0	9.98335633957546	5.084938329276487E-7	1.109718475535059E-5	4.256389607644273E-5	4.78788868645365E-4	2.6433512642622174	1.594634282454989E-5	0.27924698521067837	
11.2	1.996580174466973	1.9327573636192223E-7	3.678172142321442E-6	1.3767174760333204E-5	1.4518660213370737E-4	0.47756298371514255	5.047837171028617E-6	0.057579103337727304	
11.48	4.791750371532888	5.391862461646195E-7	1.0031960724860578E-5	3.7410995365437895E-5	3.8848657259535075E-4	1.1111934575372613	1.3622426973069693E-5	0.13896333300588742	
11.872	8.704947080612214	1.1474336485197986E-6	2.0921318663825767E-5	7.839956680949427E-5	8.032153203351225E-4	1.9321697087609635	2.8241272149601323E-5	0.25366744334456126	
12.0	9.982724343897809	1.35698556692173E-6	2.464523195380773E-5	9.250134568281378E-5	9.455795422470102E-4	2.193444205338668	3.324217823539552E-5	0.29114596749300387	
12.2	1.996529118284093	3.505361176082991E-7	6.163110685268977E-6	2.3566610803021427E-5	2.375481925330783E-4	0.39203268963530324	8.281544636724245E-6	0.0585259890150838	
12.48	4.791688213377308	8.669145021915527E-7	1.5260454086773946E-5	5.8869355548917925E-5	5.937533650951079E-4	0.9103675836701275	2.0537330625628638E-5	0.14014251739246686	
12.872	8.7049815756707	1.5904810899806661E-6	2.8154697016711366E-5	1.1043114674350685E-4	0.0011190670889721604	1.5801963758573154	3.812148281816594E-5	0.2531662909240123	
13.0	9.98280124348587	1.825127660525678E-6	3.2333603642554274E-5	1.2732401542437164E-4	0.0012919341336708528	1.7933197443493196	4.384677249928046E-5	0.2899035715447837	
13.2	1.9966200231049929	3.61911396797545E-7	6.401266663171125E-6	2.630310270402376E-5	2.7115979092896646E-4	0.31990533887277917	8.824499107525546E-6	0.05693786316945856	
13.48	4.791946833819596	8.504381429092636E-7	1.5018518944013488E-5	6.246527953518645E-5	6.477519628404237E-4	0.7437841382517505	2.0786201382854207E-5	0.1356235219242302	
13.872	8.705530890218816	1.4799559056195388E-6	2.612607788821169E-5	1.1062839560715905E-4	0.0011573344768450182	1.295010770957472	3.6395360766641184E-5	0.24356630595565443	
14.0	9.983449666390708	1.6800028274346865E-6	2.9639273991984475E-5	1.2603080199360446E-4	0.0013211756091863313	1.4708923269331544	4.1352155040031736E-5	0.2785710479878661	
14.2	1.9967825579167529	3.010174300382947E-7	5.21220233468677E-6	2.322037542915863E-5	2.489756366285108E-4	0.2653730677297521	7.388655465260436E-6	0.05409992249021951	
14.48	4.792344496339752	6.9821662214004E-7	1.1998306951543157E-5	5.404885922845841E-5	5.82633860895971E-4	0.6200635698702692	1.7046535799902414E-5	0.12868415193554178	
14.872	8.70625588030904	1.2022541751556074E-6	2.0508502691193946E-5	9.383550482223093E-5	0.0010186619006756768	1.0879725983810085	2.9243557226909442E-5	0.2309228660482549	
15.0	9.984280405112319	1.3620484733501514E-6	2.3185346949434056E-5	1.0646972448351414E-4	0.0011576751497427294	1.238018319392866	3.308869170967052E-5	0.2640853139410676	
15.2	1.9969438555996728	2.4005995715786047E-7	3.94928274710057E-6	1.8893734561496404E-5	2.0904584944658205E-4	0.22821301679444284	5.684635457581447E-6	0.05129271749620603	
15.48	4.7927212106503925	5.570169105354998E-7	9.075579523231588E-6	4.381578205508332E-5	4.864173592204718E-4	0.5367089909877512	1.3068457751143598E-5	0.12213216382917153	
15.872	8.706910419114198	9.611576353925733E-7	1.5521287709577353E-5	7.590795939059334E-5	8.463993275107703E-4	0.9498538723347537	2.23823178178214E-5	0.21954846466402336	
16.0	9.9850231481766	1.0895354209162375E-6	1.7552780149531E-5	8.610270696880817E-5	9.610480189136162E-4	1.0829379614999428	2.5321152681189608E-5	0.25118064771335463	
16.2	1.9970757739174327	1.9343870034627256E-7	3.0088385067565826E-6	1.5268338295669574E-5	1.723033795222287E-4	0.20373816897828764	4.355431782714704E-6	0.04900679065624518	
16.48	4.793027263039648	4.497086119724614E-7	6.938303757123941E-6	3.5472011006075475E-5	4.010807255473402E-4	0.48130889700406254	1.003970049938396E-5	0.11683286664359062	
16.872	8.707444389369865	7.775899626922158E-7	1.1922915858837054E-5	6.16208414057365E-5	6.98762695542341E-4	0.8559555786005568	1.7265752432948946E-5	0.2103111458562541	
17.0	9.985630329311832	8.818072316351994E-7	1.3498312225668961E-5	6.994096350039616E-5	7.936639789554484E-4	0.9768460293712201	1.9551761298877803E-5	0.24067892049861456	
17.2	1.9971880715435728	1.5706219019407233E-7	2.34285894252394E-6	1.2490339484717621E-5	1.4285438434161744E-4	0.1854008393690489	3.40151851436622E-6	0.047069486474938554	
17.48	4.793294992089349	3.64818788583021E-7	5.416728950461692E-6	2.906220905752404E-5	3.329240582386244E-4	0.4381500639488844	7.863143624928224E-6	0.11221642072010836	
17.872	8.707933040840178	6.293303406176588E-7	9.332879048404183E-6	5.055127440412956E-5	5.80712891315255E-4	0.7783594687346178	1.3565329582123923E-5	0.20188835927542131	
18.0	9.986191983778381	7.132109216301067E-7	1.0571695068218686E-5	5.738969275579455E-5	6.597320931796458E-4	0.8879468962778655	1.5371627077462763E-5	0.23099832582646018	
18.2	1.9973051208803931	1.2586091350846405E-7	1.8438113164734431E-6	1.0263353426152981E-5	1.1896328964070937E-4	0.16746530017840872	2.69202313934952E-6	0.04505382790289944	
18.48	4.793583815926773	2.91051623722899E-7	4.262178173939189E-6	2.3861020519264213E-5	2.771536764458549E-4	0.39424230070405514	6.226898017156174E-6	0.10724285180346324	
18.872	8.708483092429942	4.986436433644904E-7	7.3346500343987036E-6	4.141970582956288E-5	4.8286595824219476E-4	0.6957381217828501	1.0741525855642262E-5	0.1924142658765232	
19.0	9.986829869029393	5.641571510535344E-7	8.305189978576994E-6	4.6996925992409496E-5	5.48386159310968E-4	0.7924007153242536	1.2170601615143124E-5	0.2200106212028829	
19.2	1.997449119301513	9.751618922345496E-8	1.440591892121448E-6	8.342599411273776E-6	9.841433821389092E-5	0.1465394843124538	2.1264924944864523E-6	0.042572857024616786	
19.48	4.793943742525644	2.239394748859505E-7	3.3208150886793494E-6	1.9334757740280916E-5	2.287663095149247E-4	0.34253110184320695	4.909949407453084E-6	0.10104133172263542	
19.872	8.709175480849536	3.8004816351012297E-7	5.689670363913522E-6	3.3399361355063815E-5	3.9712476897577406E-4	0.5980738201940996	8.443434678240557E-6	0.18048215275536156	
20.0	9.987634074337986	4.2902242496592823E-7	6.435676949792559E-6	3.785198709537126E-5	4.5061255042211286E-4	0.6794491775416984	9.559352242694776E-6	0.20615081033807048	
20.2	1.9976319060869527	7.221849346775959E-8	1.1018761475278243E-6	6.625007316718051E-6	8.000950600805464E-5	0.12201109280802706	1.6541910896502646E-6	0.03942240747612245	
20.48	4.794398023318315	1.645999137176478E-7	2.529528949430844E-6	1.5286983055728444E-5	1.8534028757939626E-4	0.28257320113152645	3.8070272972221E-6	0.0932123973924339	
20.872	8.71003850083303	2.7680087803863767E-7	4.309807959407031E-6	2.6249258429825434E-5	3.20183181963111E-4	0.48699030941563093	6.517008147189065E-6	0.16561052332977533	
21.0	9.988633342039378	3.1182271606315875E-7	4.868614606412398E-6	2.9707374139590828E-5	3.628976772553437E-4	0.551566472174488	7.370477281036091E-6	0.18893156884801413	
21.2	1.997851173099653	5.125536984741256E-8	8.213678532820888E-7	5.1178398071796595E-6	6.360908400782452E-5	0.09560312120810231	1.2598887015666483E-6	0.03564546097892101	
21.48	4.794935125794472	1.1616449987444777E-7	1.8788003267968058E-6	1.1762701386581085E-5	1.46853608316469E-4	0.21916784516555438	2.890621467976856E-6	0.08396287428252217	
21.872	8.711036060893585	1.9426559348565196E-7	3.1877953173753636E-6	2.0101800716398374E-5	2.526430441381248E-4	0.37255183746393455	4.930008893679593E-6	0.14843675765175202	
22.0	9.98978238088985	2.1859276729443792E-7	3.597898557096834E-6	2.2726266442999875E-5	2.860835650016093E-4	0.42060859034653403	5.571147043170224E-6	0.1691512971097706	
22.2	1.9980897388790329	3.551061377398407E-8	6.014572337070175E-7	3.872315434326718E-6	4.965638681660937E-5	0.07024352743252747	9.443732364811202E-7	0.031541553192887505	
22.48	4.7955087724702405	8.035756681911101E-8	1.3742616343979946E-6	8.884784707336883E-6	1.1444419096898797E-4	0.15945339511126894	2.164306547821912E-6	0.07409756628437061	
22.872	8.712073256516362	1.3443966433496387E-7	2.330920815374015E-6	1.5164246419540588E-5	1.965978388857934E-4	0.26762888508192345	3.689205452116287E-6	0.13060703303289944	
23.0	9.990969772666174	1.513202523173644E-7	2.6308867006396718E-6	1.714074427967587E-5	2.2256246506693309E-4	0.3012728201517989	4.168837518636972E-6	0.14874170044745494	
23.2	1.9983205513936728	2.4734286080766646E-8	4.409060288791971E-7	2.919206802903415E-6	3.8569465139711906E-5	0.04863496732663594	7.075861279502578E-7	0.02757696802793287	
23.48	4.79605277685828	5.6149472924496506E-8	1.0099115430186293E-6	6.709041244588556E-6	8.898181679253006E-5	0.10951181457295522	1.6249093068923829E-6	0.06475527855700601	
23.872	8.713030203529765	9.453907290702723E-8	1.7203777791663556E-6	1.1490654343749777E-5	1.5321832062073948E-4	0.18201374359242256	2.7801102883269402E-6	0.11418015229268139	
24.0	9.992058476182784	1.0658876439211158E-7	1.9439536239481593E-6	1.300038316100523E-5	1.7356465491114506E-4	0.20444263307528987	3.1445918498537447E-6	0.13005523498583071	
24.2	1.998510147765493	1.7865271369878038E-8	3.3051645299650215E-7	2.2372602489982287E-6	3.030956057860471E-5	0.0321749378074351	5.401839424187393E-7	0.024186055373124977	
24.48	4.796482687472269	4.2110468952812805E-8	7.646330872907606E-7	5.222568633252636E-6	7.036626403550136E-5	0.07207705546294946	1.2516631379581904E-6	0.05691821278579076	
24.872	8.713750372454243	7.540512024615964E-8	1.3421894269039362E-6	9.634139616385547E-6	1.2559056563739898E-4	0.11913769245835397	2.2174038049472733E-6	0.10081400673166821	
25.0	9.992868513784638	8.616055880716881E-8	1.5287359286918654E-6	1.1124354654283047E-5	1.4380482641427605E-4	0.13366132033970718	2.5325324142757113E-6	0.11496387202410396	
25.2	1.998649851572533	1.6602428818477047E-8	2.867966774362348E-7	2.460541061863658E-6	2.921845341483404E-5	0.020776175949173834	4.935814788472064E-7	0.02169369929834534	
25.48	4.7968056398705965	4.237315702005568E-8	6.90845000799107E-7	6.108396792606928E-6	7.190817489804555E-5	0.04649065737824072	1.190761731444655E-6	0.05132723818383328	
25.872	8.714300786853912	8.360294551109957E-8	1.3154623636417612E-6	1.139312447959042E-5	1.34998920401338E-4	0.07685201281088641	2.2156947450332936E-6	0.09152102170719956	
26.0	9.99349031107452	9.726364230278035E-8	1.5269471343686914E-6	1.3124952377470302E-5	1.5590727809826677E-4	0.08623439938900779	2.5574404100609043E-6	0.10451853766452088	
26.2	1.9987519895199928	2.1427994604139536E-8	3.4621076100316937E-7	2.7045310784231836E-6	3.330423167943423E-5	0.01346380240418361	5.511070471280379E-7	0.020015176523231384	
26.48	4.797036202659216	5.292444092610581E-8	8.568340649471583E-7	6.4781807238510976E-6	8.086591403513028E-5	0.030239171095219126	1.3536638403012972E-6	0.04751127450900322	
26.872	8.7146860852995	9.978339084649328E-8	1.6310884522790042E-6	1.184120137936515E-5	1.4933240021112624E-4	0.05032015530158944	2.5548342617365207E-6	0.08511545336000358	
27.0	9.993923588489055	1.1516126737194588E-7	1.889805870414605E-6	1.3606364454998337E-5	1.7190579071388443E-4	0.05656006466815076	2.955838559547799E-6	0.09731001109744826	
27.2	1.9988190476457128	2.3974726333494973E-8	4.1567802655972526E-7	2.7917547142292172E-6	3.579454315323951E-5	0.009041023994259616	6.462993719142787E-7	0.018863781103168793	
27.48	4.7971841122828245	5.81290825474159E-8	1.0137607038182067E-6	6.762882404626849E-6	8.687489653595997E-5	0.020479640887332135	1.5823727419537324E-6	0.04494347308252346	
27.872	8.714925516086112	1.071089795914616E-7	1.8820491730256457E-6	1.250090797100388E-5	1.607938681264511E-4	0.03450887645652831	2.951211668934583E-6	0.08091950223297822	
28.0	9.994190838068628	1.231220955685978E-7	2.168492978676235E-6	1.4395282539402858E-5	1.852219263738788E-4	0.03890561926475219	3.4040537594700726E-6	0.0926173320978001	
28.2	1.998857989214353	2.4954329546286013E-8	4.5307029784574025E-7	3.0064048193969285E-6	3.8892040923340576E-5	0.0064586775319779455	7.201906344109225E-7	0.018167881359072765	
28.48	4.797269587056	6.010193742134702E-8	1.0947485560490477E-6	7.288209089881423E-6	9.465242408660248E-5	0.014794085913684467	1.74726341374399E-6	0.043414450518670815	
28.872	8.715063097503897	1.0975898559538541E-7	2.006903324667173E-6	1.341407472722159E-5	1.75189181173398E-4	0.025310103241189222	3.2164395509277733E-6	0.07845367781250195	
29.0	9.994344232822657	1.2597449879411112E-7	2.3060388936706557E-6	1.5427195319908972E-5	2.0174040156515103E-4	0.02863642472113521	3.699152384576063E-6	0.08986664885424166	
29.2	1.9988802854433927	2.5284490826671877E-8	4.697921288305726E-7	3.172557279112316E-6	4.206966519881295E-5	0.0049566054403709855	7.605083454323223E-7	0.017769210399150442	
29.48	4.797318867598172	6.067930521222246E-8	1.1303221855834402E-6	7.65281065744627E-6	1.0193872503992828E-4	0.011479395982235255	1.8340691594956972E-6	0.042535991921462665	
29.872	8.715143307137952	1.1025145162876613E-7	2.059067310655013E-6	1.3981954994509129E-5	1.8731586313828398E-4	0.019923404231691942	3.349563344443349E-6	0.0770268618081871	
30.0	9.99443391302978	1.2642686921632104E-7	2.362651241798268E-6	1.6053559937466636E-5	2.1533857755003734E-4	0.02261583977645095	3.845488923867485E-6	0.08827192846216202	
30.2	1.9988938684672128	2.5225622334555636E-8	4.7486429400172897E-7	3.2467575250602943E-6	4.4101307781105374E-5	0.004060589236903053	7.770106536871086E-7	0.01753135137828029	
30.48	4.797349302780084	6.039073871344934E-8	1.1396345745914E-6	7.803624337849411E-6	1.0633141996119587E-4	0.009489017812446645	1.8672139538957172E-6	0.04200635284865137	
30.872	8.715193786460413	1.0934754708963994E-7	2.067936205451672E-6	1.4187163910791896E-5	1.940881543781728E-4	0.016656783461170832	3.3937960612977368E-6	0.0761534963310348	
31.0	9.99449060900426	1.253117436931834E-7	2.3707357983167315E-6	1.6271135542381142E-5	2.2279150367069666E-4	0.01895593982226952	3.892093332391948E-6	0.08729218003043969	
31.2	1.9989029719011728	2.4891644462424344E-8	4.7237853495397126E-7	3.2544184356257496E-6	4.494110517952689E-5	0.0034980305359640783	7.7799385855249E-7	0.017378000726374142	
31.48	4.797370036092332	5.948558995658801E-8	1.1317106741561728E-6	7.803523456251909E-6	1.0796323332229299E-4	0.00822721720717722	1.86527840099711E-6	0.04166005167929378	
31.872	8.715228940311547	1.07440504815714E-7	2.048095885353818E-6	1.4140828415598566E-5	1.9614355913395932E-4	0.014558466048793996	3.3796557068197035E-6	0.07557141656188703	
32.0	9.994530297793442	1.2306936800771942E-7	2.3465741462965845E-6	1.6206113568791036E-5	2.249164445060158E-4	0.016597643063705484	3.873139002252569E-6	0.08663623541080911	
32.2	1.9989097420903885	2.4361298901220287E-8	4.6476984844671986E-7	3.217446188851983E-6	4.489258320577982E-5	0.0031211824119105765	7.686602313245499E-7	0.017269495425290337	
32.48	4.797385693560633	5.814266076496819E-8	1.1121123207552545E-6	7.702426792497448E-6	1.0758115967900964E-4	0.00737330558111036	1.840005741429317E-6	0.041411427423752936	
32.872	8.715256021826123	1.0482617450112711E-7	2.0088665578406455E-6	1.3926685860353037E-5	1.9483225727270618E-4	0.013119572047625074	3.326720880549146E-6	0.07514554868153035	
33.0	9.994561012539506	1.2003401123489564E-7	2.3006528839949204E-6	1.595271720605082E-5	2.2325604816405797E-4	0.014975505527239245	3.810630843065047E-6	0.0861542355765096	
33.2	1.9989152458886483	2.369775661909663E-8	4.5375000684029874E-7	3.151045426646686E-6	4.42435001004443E-5	0.0028523595075028592	7.525210446459631E-7	0.01718568283517512	
33.48	4.797398566499664	5.6506125628670785E-8	1.0847905411165988E-6	7.5350347507263925E-6	1.058496222101303E-4	0.006758633635441425	1.7994051155670863E-6	0.04121702289347362	
33.872	8.715278617586469	1.0174520150374924E-7	1.9569369582815917E-6	1.3603177287150423E-5	1.9128866080596357E-4	0.012071648908023293	3.248487749206138E-6	0.0748073790556727	
34.0	9.994586725420941	1.1647765149842555E-7	2.2405137645771097E-6	1.5576770842242702E-5	2.1909184134116712E-4	0.01379094254538746	3.7197721521975363E-6	0.08577015770854278	
34.2	1.9989200111847887	2.2951162636012278E-8	4.405741269796309E-7	3.0659616897590616E-6	4.32086278614903E-5	0.002649811694316713	7.320602861286705E-7	0.017116287560742783	
34.48	4.797409796199541	5.468984225227985E-8	1.052638856149682E-6	7.325897947714765E-6	1.0325767592592292E-4	0.006291790786892081	1.7491525858511751E-6	0.0410545810504035	
34.872	8.715298526141572	9.838676754253315E-8	1.89719719416467E-6	1.3211669387399103E-5	1.863364993251559E-4	0.011267309134487143	3.1545293139785187E-6	0.07452154607032996	
35.0	9.994609431413906	1.1261367385650717E-7	2.171668082800223E-6	1.5124869482301973E-5	2.133517370681404E-4	0.012879500721569589	3.6113480533490887E-6	0.0854446860469504	
35.2	1.9989243116889284	2.2159440237471114E-8	4.2615244850832493E-7	2.9697936133166103E-6	4.1938949918448694E-5	0.002489518508534553	7.090393083975246E-7	0.017055835894342272	
35.48	4.797419980134101	5.27793374960999E-8	1.0177461048941222E-6	7.092338566286235E-6	1.0014745506971095E-4	0.005919542753214853	1.6932638091573983E-6	0.04091213301617784	
35.872	8.715316699306847	9.489194864514209E-8	1.8331588872734592E-6	1.278125721502189E-5	1.8054893015143823E-4	0.010619404028032738	3.0515959592021122E-6	0.07426879193584386	
36.0	9.99463018894992	1.0860085542593906E-7	2.098068762424303E-6	1.462976100427258E-5	2.0668061447928757E-4	0.012143598066863328	3.492957745681811E-6	0.08515634470342341	
36.2	1.9989282985560486	2.134991737896586E-8	4.1112797818203424E-7	2.8678309249597796E-6	4.053799166100778E-5	0.002356603314599635	6.84686978199643E-7	0.017001217787422893	
36.48	4.797429451662697	5.083585737849932E-8	9.815806320372878E-7	6.846375397756982E-6	9.675284760946661E-5	0.005608637983572265	1.6345309210476706E-6	0.040782817647318545	
36.872	8.715333674909514	9.13610268521655E-8	1.767276208950031E-6	1.2332041494803114E-5	1.7431629533765355E-4	0.010073014305130423	2.9443605497176064E-6	0.07403796663732062	
37.0	9.9946495977675	1.0455183941585429E-7	2.022474697651037E-6	1.4114047151467668E-5	1.9951727913461957E-4	0.011521624618207294	3.3698562642050577E-6	0.08489267192762898	
37.2	1.9989320591821085	2.0541483736415666E-8	3.95942192459101E-7	2.763679922370494E-6	3.907546489064387E-5	0.0022414856848015407	6.598424477381877E-7	0.016950582316457168	
37.48	4.79743840398489	4.8901491107281325E-8	9.451459507420502E-7	6.596173493772458E-6	9.323091994404794E-5	0.00533763083889167	1.574853716030612E-6	0.04066253922075587	
37.872	8.715349766252995	8.786240046397465E-8	1.7012166633217307E-6	1.1877614398533463E-5	1.6789977430247102E-4	0.009592731215401133	2.8359874392599132E-6	0.07382240437008386	
38.0	9.99466800719354	1.0054331186637459E-7	1.9467578736498993E-6	1.3592994537672007E-5	1.9215508491888654E-4	0.010973868109383944	3.2455982071838894E-6	0.08464621665045231	
38.2	1.9989356464173085	1.9746707386975966E-8	3.8088959576267575E-7	2.6597434913954204E-6	3.759747677144966E-5	0.0021380290462079963	6.350654808759136E-7	0.0169028250249642	
38.48	4.797446953479881	4.700406846300108E-8	9.091084015223504E-7	6.3471525316473295E-6	8.968524293085953E-5	0.005092846475399439	1.5154945458916656E-6	0.04054886438918159	
38.872	8.71536515719396	8.444089156051273E-8	1.6360803566517603E-6	1.1426950091629718E-5	1.6147086891359156E-4	0.009156143311417009	2.7285679028607314E-6	0.0736181758318293	
39.0	9.994685621918094	9.662541893491917E-8	1.872151373319199E-6	1.3076669948454995E-5	1.8478646579350608E-4	0.010475240014356959	3.122529697940725E-6	0.08441259562036464	
39.2	1.9989390884921483	1.8973604855445706E-8	3.661603498820129E-7	2.5575802299827455E-6	3.613388100987546E-5	0.0020424533695576883	6.107194120486117E-7	0.01685731512382747	
39.48	4.797455160132916	4.51611941977296E-8	8.738958457221582E-7	6.1028112355779725E-6	8.61826174243567E-5	0.004865931260668114	1.4572688321065593E-6	0.040440418436798256	
39.872	8.715379940342835	8.112448937169101E-8	1.572567692052332E-6	1.0985801498563588E-5	1.551395757780472E-4	0.008749719098276128	2.623443269877838E-6	0.07342309599301092	
40.0	9.994702543295373	9.282937972313477E-8	1.7994386061368928E-6	1.2571515590811013E-5	1.7753467408499065E-4	0.010010635170595993	3.0021528956968825E-6	0.08418938084039375	
40.2	1.9989423983159482	1.8226996091072867E-8	3.5187194274780366E-7	2.4581649360464283E-6	3.470345366870029E-5	0.001952565787920104	5.870315333278492E-7	0.01681372172110839	
40.48	4.797463054126181	4.338331065641795E-8	8.397704746682267E-7	5.8653226891931125E-6	8.27648185239803E-5	0.004652089640107141	1.4006830979992689E-6	0.04033649228709779	
40.872	8.715394164134421	7.792942738286868E-8	1.5111022068477804E-6	1.0557703864556042E-5	1.4897410533946977E-4	0.008365797672489215	2.5214378148429937E-6	0.07323606335567855	
41.0	9.994718824930596	8.917320550224558E-8	1.7290917079245936E-6	1.2081479667554906E-5	1.7047598011362504E-4	0.009571530011081183	2.8853884093683125E-6	0.08397535515304014	
41.2	1.9989455829289084	1.7509493646094305E-8	3.3809195348848615E-7	2.362073302678995E-6	3.3317485288459794E-5	0.001867181889425343	5.641360174799538E-7	0.016771891679046923	
41.48	4.797470647701265	4.1675924201551554E-8	8.068809387020475E-7	5.63595525675088E-6	7.945673288833183E-5	0.004448760313894522	1.3460327963693867E-6	0.040236765119277595	
41.872	8.7154078441576	7.486385980785078E-8	1.451918171383232E-6	1.0144682225912976E-5	1.4301451941368758E-4	0.008000344115574556	2.423023297478476E-6	0.07305659369799616	
42.0	9.994734483978503	8.566583687686257E-8	1.6613701534493022E-6	1.160881287447425E-5	1.6365501897100347E-4	0.009153449945397681	2.77276057020117E-6	0.0837699871819183	
42.2	1.9989486443176083	1.6822208575943206E-8	3.24854119887304E-7	2.2696111244892907E-6	3.198225303176933E-5	0.0017857060590319425	5.421039992009692E-7	0.016731764547633952	
42.48	4.797477946084601	4.0041191726312355E-8	7.752990694609335E-7	5.4153666391461E-6	7.627195428466876E-5	0.004254666798184575	1.2934707690974752E-6	0.04014111311843543	
42.872	8.715420988125256	7.193047811915859E-8	1.395122183722686E-6	9.747744921513366E-6	1.3728209970559964E-4	0.0076513657419195035	2.3284339268932946E-6	0.07288450360013495	
43.0	9.994749528018135	8.231008703549957E-8	1.5963900674715315E-6	1.1154623834491938E-5	1.570953308782868E-4	0.008754189388018899	2.6645268372467952E-6	0.08357307629970742	
43.2	1.9989515821962685	1.6165249649864297E-8	3.1216957979311795E-7	2.1809040731473414E-6	3.0700714287376216E-5	0.001707850674708216	5.209645050582211E-7	0.016693317866439777	
43.48	4.7974849472534	3.8479042148743634E-8	7.450455436302493E-7	5.203808011700683E-6	7.321661457641818E-5	0.004069191378191288	1.2430548360294489E-6	0.04004948845343199	
43.872	8.715433595203226	6.912836015560794E-8	1.340736173991789E-6	9.367225895281688E-6	1.317857573113673E-4	0.007317888522659714	2.2377462033545466E-6	0.07271971490651617	
44.0	9.994763956924661	7.910472142802127E-8	1.5341726068977717E-6	1.0719264280161542E-5	1.5080657127068318E-4	0.008372666842953574	2.5607676512384074E-6	0.08338453457494584	
44.2	1.9989543985514886	1.5538074799979917E-8	3.000346979106726E-7	2.0959598152451376E-6	2.947366289955074E-5	0.0016334661307063694	5.007189523049171E-7	0.01665653614084983	
44.48	4.797491658083345	3.6987965862979446E-8	7.161077370707552E-7	5.00126517892198E-6	7.02919977003838E-5	0.0038920025442729417	1.1947807388965024E-6	0.039961852364193	
44.872	8.715445674507784	6.645427112122019E-8	1.2887272926188793E-6	9.003021161004859E-6	1.2652640213559245E-4	0.006999361721125484	2.150934135229925E-6	0.07256215022536514	
45.0	9.994777780809173	7.604592058679375E-8	1.4746775782365886E-6	1.0302595076828495E-5	1.4478942486494925E-4	0.008008262607591002	2.461448560545707E-6	0.0832042711986342	
45.2	1.9989570944776083	1.4939736977094514E-8	2.8843648535431877E-7	2.0147107798807895E-6	2.830051491287919E-5	0.0015624494697830229	4.8135114190138E-7	0.016621396264656463	
45.48	4.797498081122785	3.556556644195337E-8	6.884520701580818E-7	4.807555640897557E-6	6.749631425187003E-5	0.003722858837627355	1.148604819590381E-6	0.03987814492570867	
45.872	8.715457233177798	6.390357161283777E-8	1.2390285471392842E-6	8.65475119163028E-6	1.2149990550566739E-4	0.006695353207450173	2.0679071983797683E-6	0.07241168867687289	
46.0	9.994791008532538	7.31283006295166E-8	1.4178266411814177E-6	9.904168851458777E-6	1.3903893654941606E-4	0.007660482188180872	2.366462916292033E-6	0.08303214436593971	
46.2	1.9989596727698085	1.4369054342899013E-8	2.7735632245261586E-7	1.937043394414549E-6	2.7179839088108777E-5	0.0014947024079782095	4.628340968946083E-7	0.016587863059876255	
46.48	4.797504221713977	3.4208941889390295E-8	6.620324725308268E-7	4.6223948445921255E-6	6.482589808064085E-5	0.0035615214540467965	1.1044595151700905E-6	0.03979827698272803	
46.872	8.715468282402867	6.147084326227366E-8	1.191552915164224E-6	8.321871495792836E-6	1.1669909376208951E-4	0.006405419503704111	1.988536210819341E-6	0.07226815671966735	
47.0	9.994803652952795	7.034561581459667E-8	1.363519167067887E-6	9.523354281821978E-6	1.3354675169838042E-4	0.0073288143329170545	2.2756609588311796E-6	0.08286795208329724	
47.2	1.9989620888657484	1.3824490785417194E-8	2.667728938625175E-7	1.8628017072006125E-6	2.6109659185183303E-5	0.0014301166656783874	4.4513397913386186E-7	0.016555887225054366	
47.48	4.797509933745749	3.291049882408964E-8	6.367855271892622E-7	4.445631673530254E-6	6.227620304512482E-5	0.0034077262062390244	1.0622758388592605E-6	0.03972214997993754	
47.872	8.715478487260906	5.913321065064111E-8	1.146102624967325E-6	8.006366033184349E-6	1.1212127535951434E-4	0.006129067055941661	1.912805535350326E-6	0.07213167580997873	
48.0	9.994815312913746	6.76697240930161E-8	1.3115048042215175E-6	9.163129753858835E-6	1.2831172255682084E-4	0.007012688695751928	2.189058029843296E-6	0.0827119348636603	
48.2	1.9989559336128484	1.3346933747218681E-8	2.564478906459038E-7	1.7906690536568594E-6	2.5066925118344645E-5	0.0013685398829115238	4.279637245097653E-7	0.016525224928708265	
48.48	4.797487370559629	3.269901714641293E-8	6.151199022275188E-7	4.324594696407295E-6	5.997619543638407E-5	0.003261006439436503	1.0260269172038149E-6	0.03965405484787914	
48.872	8.715423941617242	6.131895127481026E-8	1.1305669518258936E-6	8.299109188836364E-6	1.1122563437320035E-4	0.005866610888550379	1.8974383539647192E-6	0.07207460657361087	
49.0	9.99474947040735	7.077210907095613E-8	1.3007777770453235E-6	9.658870899274115E-6	1.2840528066292988E-4	0.0067130653025001645	2.187322868450891E-6	0.08266889946604691	
49.2	1.9989481588511484	1.5106446016192083E-8	2.7014690365182024E-7	2.2797062985346075E-6	2.8136335526962405E-5	0.0013124752437715115	4.662525705243618E-7	0.016577631889268203	
49.48	4.797475615905481	3.927223667130209E-8	6.656418294888666E-7	5.725110030346999E-6	7.019094084437846E-5	0.0031318287199305615	1.1467043398268866E-6	0.03983499905839928	
49.872	8.71541190661571	7.895302516799665E-8	1.2976036471346008E-6	1.0879563922889834E-5	1.340676173014892E-4	0.00565408473943168	2.184980797558735E-6	0.07246322082831375	
50.0	9.99473783515706	9.224602616705805E-8	1.513165135847551E-6	1.2588152353379101E-5	1.5541670400648296E-4	0.006476454057309162	2.5346156585393543E-6	0.08312229164349422	
50.2	1.9989470068737485	2.130060919810067E-8	3.5675906180469804E-7	2.7180582660156433E-6	3.445598896100466E-5	0.0012846494721721992	5.716862544631337E-7	0.016663910028075855	
50.48	4.797472507917661	5.351387523156916E-8	8.917640292060843E-7	6.610432356357054E-6	8.457311403821753E-5	0.003090981067528876	1.4193056012936104E-6	0.04000682711771257	
50.872	8.715406618380573	1.03084555068928E-7	1.7221375005669607E-6	1.2329715354420113E-5	1.585342194811563E-4	0.00566371609465996	2.7170693892217596E-6	0.07271542273007703	
51.0	9.994731825841297	1.1953408580315466E-7	2.001626364098896E-6	1.4230473834996868E-5	1.8310542530328275E-4	0.006511002300685197	3.1532326024449104E-6	0.08339947377497538	
51.2	1.9989440547543886	2.6113888626565447E-8	4.542118531981274E-7	3.0487978446151117E-6	3.940796496771279E-5	0.0013457446243003723	7.101101546701517E-7	0.016704013244383347	
51.48	4.797463274291769	6.42432585744726E-8	1.1187383372439891E-6	7.46457952845246E-6	9.648932519793163E-5	0.0032842140721901364	1.753258155776217E-6	0.04011386403684935	
51.872	8.715385471548732	1.2062351672494048E-7	2.106435563964809E-6	1.3990209752541267E-5	1.8064398747925798E-4	0.0061349744213719856	3.3091032601611774E-6	0.07295282122100134	
52.0	9.99470648790264	1.3922762957969073E-7	2.4346572165668005E-6	1.6158979198425465E-5	2.0860716060101003E-4	0.0070825278108471185	3.827004893551774E-6	0.08368387748122685	
52.2	1.9989370920891685	2.9400551729633296E-8	5.249084381717939E-7	3.476024353332839E-6	4.488033871364859E-5	0.0015245203376647901	8.314745434390669E-7	0.016788584131328558	
52.48	4.797445661793033	7.16019989590854E-8	1.2794595010679116E-6	8.491961187338036E-6	1.099090148134828E-4	0.003752527594421951	2.0325670714473294E-6	0.04033706544215457	
52.872	8.715351596183472	1.3267468700652985E-7	2.3735009295401704E-6	1.5793577983131383E-5	2.0513317159890124E-4	0.007070565784435347	3.780654095421933E-6	0.07339844705742375	
53.0	9.994667199545612	1.5275965308574092E-7	2.7344594376550597E-6	1.8205897046864073E-5	2.3665934409686375E-4	0.008175941147614253	4.3580918581781765E-6	0.08420419441360216	
53.2	1.9989287836949086	3.164515640516899E-8	5.719954044582906E-7	3.832202459111079E-6	5.027211670221952E-5	0.0017816924461011615	9.171123847946927E-7	0.016908947139531304	
53.48	4.797425886578289	7.657342337097423E-8	1.3857210299956382E-6	9.301448855473265E-6	1.224271998753148E-4	0.004384233202920423	2.2255845461367026E-6	0.040629636775454656	
53.872	8.715316226359107	1.4063999304534675E-7	2.5475107464858475E-6	1.7135146772849084E-5	2.2649327577650005E-4	0.008238478327283333	4.0985363858726565E-6	0.07393008803632764	
54.0	9.994626801281706	1.6165446973790713E-7	2.929037779629092E-6	1.971006217024951E-5	2.607695653236291E-4	0.009519005914134812	4.7140468095629525E-6	0.08481309909569568	
54.2	1.9989213641352284	3.3021785587091516E-8	6.008743275416681E-7	4.061037184802721E-6	5.422780851443878E-5	0.00205371738250092	9.705001279353526E-7	0.01702698820531988	
54.48	4.7974087706667685	7.953400199508073E-8	1.4495080846743508E-6	9.807546290470606E-6	1.312818142835869E-4	0.005029293081851195	2.343415928153173E-6	0.04090607740246521	
54.872	8.715286814865278	1.4513875461440498E-7	2.6481117515420563E-6	1.7942701701716896E-5	2.4093091361600933E-4	0.009379868462337494	4.286257899385148E-6	0.07441062720276442	
55.0	9.994593511445094	1.6661188205250107E-7	3.040420659807259E-6	2.060698387041533E-5	2.768942327775504E-4	0.010819020109108757	4.922459549048303E-6	0.0853581590329822	
55.2	1.9989158197339083	3.366378261963056E-8	6.150820448368619E-7	4.1802613591786E-6	5.654145726713809E-5	0.0022921803968950845	9.980027706893062E-7	0.01712235037329602	
55.48	4.797396314816568	8.080041145917492E-8	1.479121880789437E-6	1.0058958870953427E-5	1.3625896371351266E-4	0.005580966445132186	2.401233286342978E-6	0.041123814439490536	
55.872	8.71526619593346	1.4674371605812757E-7	2.6898976146196943E-6	1.831168770112911E-5	2.4856760313108966E-4	0.010325094276173407	4.370758458265349E-6	0.07477661613413167	
56.0	9.994570380814036	1.6829081811249107E-7	3.0852250601372545E-6	2.1007406810877913E-5	2.852895798481436E-4	0.011887731693439683	5.014043701555017E-6	0.08577005186943845	
56.2	1.9989123844343883	3.3713839260637714E-8	6.177463920272479E-7	4.2137333999081105E-6	5.747092720046649E-5	0.002472556647866888	1.005379702425687E-6	0.017187952616210336	
56.48	4.797388893759609	8.071298170718283E-8	1.4820426107636308E-6	1.0112718905971473E-5	1.3803987174464388E-4	0.005988735288907739	2.412678881024173E-6	0.041269434747157316	
56.872	8.715254633276862	1.4606558254414958E-7	2.686196267167553E-6	1.8343722269891367E-5	2.507315342359403E-4	0.011001670458873552	4.3761928882865285E-6	0.0750114604372305	
57.0	9.994557608937587	1.6739144116541162E-7	3.0786600197932546E-6	2.10272582422103E-5	2.8749720827839735E-4	0.012646856183546712	5.016323344622769E-6	0.08603165820715045	
57.2	1.9989109096816684	3.3315871086463635E-8	6.11760523681144E-7	4.183271231867517E-6	5.735123497877933E-5	0.002588884844024736	9.977577899273267E-7	0.01722410149909213	
57.48	4.797386057973481	7.961026885989784E-8	1.4651362789481594E-6	1.0020296812873578E-5	1.374254421086862E-4	0.006243652719310462	2.389838747232341E-6	0.041345554105971294	
57.872	8.715251105584667	1.4369850379538585E-7	2.649098975012974E-6	1.8129212271356927E-5	2.4885018843385967E-4	0.011405086032032398	4.323788572389827E-6	0.07512383827607266	
58.0	9.994553974580226	1.6459108481358815E-7	3.0344840857619808E-6	2.0769352088718753E-5	2.8514537417854144E-4	0.013094109168139743	4.953438602351464E-6	0.08615387855416311	
58.2	1.9989110689084886	3.2600465235154246E-8	5.996518284396217E-7	4.107567147764209E-6	5.6485968218323854E-5	0.002646335045913629	9.79522709251137E-7	0.017234781038825905	
58.48	4.797386993034913	7.779550684191525E-8	1.434330512636679E-6	9.825353346935656E-6	1.3512445229804508E-4	0.006360886518983238	2.3429546641123934E-6	0.041362532369199956	
58.872	8.71525407133385	1.4016472413320836E-7	2.588893232364794E-6	1.7743877155042894E-5	2.44155006299286E-4	0.01156853375038689	4.231312423958117E-6	0.07513406693544021	
59.0	9.994557694890664	1.6048236553934232E-7	2.964364214296912E-6	2.031954873329398E-5	2.796310969263736E-4	0.013268901104968181	4.845536919499374E-6	0.08616035581404832	
59.2	1.9989124860222485	3.167604845011992E-8	5.834825917212164E-7	4.001718723530615E-6	5.5121436895119606E-5	0.0026552901663293737	9.542169637256975E-7	0.017225320312644194	
59.48	4.797390801074217	7.551783609136245E-8	1.3944109294156758E-6	9.5628196242892E-6	1.317052601697358E-4	0.00636629749296932	2.2802214312318568E-6	0.04133330260543201	
59.872	8.715261912467977	1.3588707506251533E-7	2.5137788595072284E-6	1.72475845454921E-5	2.3761973516951647E-4	0.011540516631814164	4.1128134130590535E-6	0.07506570348697315	
60.0	9.994566918777405	1.5554337672249308E-7	2.8775726302692127E-6	1.9745551196218688E-5	2.720556109820811E-4	0.013227173713951903	4.708506921296778E-6	0.0860780945631445	
