# Time [h]	All Liquid [L]	MS [g]	AA [g]	Butyric [g]	Propionic [g]	LCFA [g]	Valeric [g]	Acetic [g]
0.2	1.8269908024362402	1.5038915897894826E-4	3.6684591126812365E-4	0.0015378475347484018	0.0033088294327321467	0.005448876252994354	4.113610624290472E-4	2.7197918482741765	
0.48	2.595525212245784	4.400925686586643E-6	4.7116302265785515E-5	3.2786251835210896E-4	0.0013025478269416634	0.006571170869745558	9.266499767840745E-5	3.2486124496500888	
0.872	3.7056693960899874	2.2104202663841616E-7	2.854977766054326E-6	3.4844258061341E-5	3.410522314941638E-4	0.011905307266919183	1.0501632603047027E-5	3.4427160357673787	
1.0	1.2174632724433663	7.924453729343476E-9	5.269138308425627E-7	5.35497513330272E-6	7.128785772493754E-5	0.0050044082629263865	1.723137624630349E-6	1.0066563770500494	
1.2	1.9200660951567396	3.656842132969356E-9	5.980713726281674E-7	3.9484078329337825E-6	7.540768696080732E-5	0.012301139318672705	1.490280069445023E-6	1.2901977799470448	
1.48	2.7203909457753	3.9434297063455744E-9	7.110948228438029E-7	3.7981926056524403E-6	9.339825990744991E-5	0.032019996423607686	1.6138642837113843E-6	1.2809272741655002	
1.872	3.8607238612807997	5.119588649030873E-9	8.068394239922666E-7	4.348551163810597E-6	1.3506004804829272E-4	0.09562651058989417	1.8762087458211866E-6	0.9298580103142224	
2.0	1.2651461398275317	1.6808851365668103E-9	2.5214342310654617E-7	1.3591554916574857E-6	4.4669371198180885E-5	0.03857129836486281	5.851421723397658E-7	0.22838354375337203	
2.2	1.9855288385569618	2.4675063774247037E-9	3.789832923641497E-7	2.032347021454221E-6	7.10040521390194E-5	0.08170197510604334	8.729507420318927E-7	0.21468482690463722	
2.48	2.789928899041198	2.7367575707535554E-9	4.6974313668728424E-7	2.594959854314317E-6	9.767887898874112E-5	0.16656577370470937	1.1129700326136058E-6	0.14015406490038565	
2.872	3.91331166251481	3.548471867446252E-9	5.293283027745093E-7	2.9654007676668105E-6	1.1698621543681407E-4	0.361438212178226	1.2701934086323253E-6	0.0880954513923672	
3.0	1.2780910157996428	1.1633406103711804E-9	1.6509887974657082E-7	9.149545831449952E-7	3.5732347171040576E-5	0.13316368934304704	3.920355096870104E-7	0.02472745393429212	
3.2	1.997431888859302	1.7115163385784235E-9	2.478613267995595E-7	1.3485709416835976E-6	5.05588456519306E-5	0.24732364601147772	5.787369184424963E-7	0.034500810356323595	
3.48	2.796635936042394	1.922966398175009E-9	3.09378735918772E-7	1.7156531317391403E-6	6.196532994551609E-5	0.4278640877581369	7.369426416715491E-7	0.04723160843267444	
3.872	3.915205284748306	2.5224292692489136E-9	3.5552274873858283E-7	1.989752208599391E-6	6.855011134235954E-5	0.7637113324083675	8.530547034634651E-7	0.06952583529146962	
4.0	1.2784108850725004	8.296085926436561E-10	1.1155606902588192E-7	6.177858866714653E-7	2.0650916991123436E-5	0.266610404741847	2.647991580020464E-7	0.0231879234685718	
4.2	1.9974864232032417	1.2341218360792113E-9	1.6885231338096694E-7	9.188359196095798E-7	2.8902196832962675E-5	0.4578844077989788	3.9413526576112606E-7	0.0373480222063382	
4.48	2.7964032589338745	1.4246850504586183E-9	2.1434420078997298E-7	1.1868887160661236E-6	3.550716420905477E-5	0.7183703042695394	5.090284373275315E-7	0.05425941122598409	
4.872	3.914805591118554	1.9170119290613166E-9	2.5388358077162897E-7	1.417178337987514E-6	4.057428570756186E-5	1.1426672988870474	6.054406390763476E-7	0.07918332310526746	
5.0	1.2782876945985675	6.349748468752476E-10	8.038641775294239E-8	4.443003432466156E-7	1.2416363485738347E-5	0.38625292104568354	1.8964384098388544E-7	0.026157781509741095	
5.2	1.9973041783591416	9.644773496127438E-10	1.233345826346719E-7	6.702680908660882E-7	1.7851655752622707E-5	0.6332357368454674	2.8607049891958627E-7	0.04153246230730773	
5.48	2.7961805525522707	1.1669000677603732E-9	1.6106318371793652E-7	8.878359113230643E-7	2.2805222543385215E-5	0.937748483256077	3.7845511634380753E-7	0.059273877287074464	
5.872	3.91456374080739	1.6474050778672436E-9	2.005635736803226E-7	1.1118030217151712E-6	2.7773404764822828E-5	1.393008014208288	4.711671361540124E-7	0.08483049819246016	
6.0	1.278216092052174	5.534340106722825E-10	6.448255098563271E-8	3.541286224492173E-7	8.694410086415612E-6	0.4617406383022204	1.4984620699047653E-7	0.0278704023186603	
6.2	1.9972013089219018	8.733477375733096E-10	1.013691164855806E-7	5.473449999568088E-7	1.295081461456716E-5	0.7357316011412908	2.3138766524179943E-7	0.04393978751142754	
6.48	2.7960550635613703	1.1466997231640988E-9	1.391957433062592E-7	7.575753599365024E-7	1.740167458570407E-5	1.0509796880433466	3.195042296065302E-7	0.062227538114833565	
6.872	3.9144207709963554	1.7742030525494458E-9	1.892992101174742E-7	1.0302591463529137E-6	2.3055925101434512E-5	1.4938656707085354	4.311019356743765E-7	0.08840233222710399	
7.0	1.2781724654235147	6.129248717415159E-10	6.254125456270242E-8	3.3723183136289314E-7	7.433406650839378E-6	0.48874539007314	1.408043373140382E-7	0.028990050724177138	
7.2	1.9971346404533417	1.0359739949422115E-9	1.0278854797144689E-7	5.440883944317295E-7	1.160161083076957E-5	0.7638578798204742	2.26746235836351E-7	0.04561100547126413	
7.48	2.7959648512638666	1.5638916327432548E-9	1.5407976741901064E-7	8.127139131934947E-7	1.6734030580283988E-5	1.0641514747005427	3.374713913618069E-7	0.06450162960068934	
7.872	3.9142945998405034	2.8673018962780806E-9	2.4368219537161997E-7	1.2695855866618374E-6	2.5077680661049673E-5	1.4654690787551599	5.218991956678714E-7	0.09169198496721091	
8.0	1.278130693060161	1.0434022456413335E-9	8.429970198681682E-8	4.3452004499721E-7	8.432086338450276E-6	0.47488512297547864	1.7810902519894886E-7	0.030088115344557617	
8.2	1.997063303550473	1.9735041216340825E-9	1.493105362078639E-7	7.521991415640084E-7	1.4072351964486825E-5	0.7316661157054152	3.0738009583366917E-7	0.047423681379615855	
8.48	2.7958510431305834	3.6797383435677938E-9	2.560024716369905E-7	1.2624287970797506E-6	2.2451132518359437E-5	1.0004183587966482	5.131927577039007E-7	0.06732895595335298	
8.872	3.914098400506191	8.788508982544068E-9	5.021689352571459E-7	2.3944774019885906E-6	3.9649377181893675E-5	1.3454523353880508	9.6077274338161E-7	0.0964572057323324	
9.0	1.2780620368144395	3.4429002213425848E-9	1.8460519796812796E-7	8.679910995649451E-7	1.403659354262246E-5	0.43290210780720373	3.4694889342068667E-7	0.03173876923678501	
9.2	1.996942285323413	7.444283456383263E-9	3.5844889219609627E-7	1.636858934259253E-6	2.532640930165288E-5	0.6599718919587897	6.510584170001503E-7	0.05025469302617344	
9.48	2.795653450410867	1.713168233003141E-8	7.047808282809975E-7	3.0966689995123116E-6	4.4833547594560844E-5	0.8901024371158562	1.2222741008764373E-6	0.07181372928628443	
9.872	3.9137686420976303	5.04417553953445E-8	1.6352079054202122E-6	6.8430754311658254E-6	9.040560495803825E-5	1.1767610832234547	2.654358686156594E-6	0.103663694387356	
10.0	1.2779491255256588	2.0478978767970985E-8	6.231312613721163E-7	2.571118470627039E-6	3.3114133194040895E-5	0.3767124886308597	9.921199741364786E-7	0.03417476429955613	
10.2	1.9967553909002127	4.565074777429883E-8	1.2525846756724993E-6	5.034626887005528E-6	6.218587036677826E-5	0.5700345458571988	1.9282132318286166E-6	0.05420406135673898	
10.48	2.7953796157450634	1.0344803654899453E-7	2.4903367664299695E-6	9.686310731621928E-6	1.130266392507551E-4	0.7614298125289605	3.672800980050053E-6	0.07743062602201636	
10.872	3.913392038612717	2.602335165520996E-7	5.376552921439724E-6	2.0382635219607047E-5	2.2315247666044796E-4	0.9946202021695972	7.585430466073686E-6	0.11109390149155532	
11.0	1.2778292943174667	9.916153205225575E-8	1.9777103918083966E-6	7.460323238208226E-6	8.042388236738373E-5	0.3172667037064609	2.759898146597535E-6	0.03651839634036774	
11.2	1.996580174466973	1.9327573636192223E-7	3.678172142321442E-6	1.3767174760333204E-5	1.4518660213370737E-4	0.47756298371514255	5.047837171028617E-6	0.057579103337727304	
11.48	2.7951701970659157	3.4591050980269723E-7	6.353788582539136E-6	2.3643820605104688E-5	2.432999704616434E-4	0.6336304738221187	8.574589802041077E-6	0.08138422966816013	
11.872	3.913196709079325	6.082474023551791E-7	1.088935793896519E-5	4.098857144405637E-5	4.1472874773977174E-4	0.8209762512237022	1.461884517653163E-5	0.11470411033867385	
12.0	1.2777772632855946	2.0955191840193136E-7	3.723913289981962E-6	1.4101778873319506E-5	1.4236422191188773E-4	0.2612744965777042	5.000906085794203E-6	0.037478524148442584	
12.2	1.996529118284093	3.505361176082991E-7	6.163110685268977E-6	2.3566610803021427E-5	2.375481925330783E-4	0.39203268963530324	8.281544636724245E-6	0.0585259890150838	
12.48	2.7951590950932155	5.163783845832535E-7	9.09734340150497E-6	3.53027447458965E-5	3.5620517256202967E-4	0.5183348940348242	1.225578598890439E-5	0.08161652837738305	
12.872	3.913293362293392	7.235665877891135E-7	1.2894242929937418E-5	5.156179119458892E-5	5.253137238770526E-4	0.6698287921871879	1.75841521925373E-5	0.11302377353154547	
13.0	1.2778196678151692	2.346465705450119E-7	4.1789066258429084E-6	1.6892868680864783E-5	1.728670446986924E-4	0.21312336849200417	5.725289681114518E-6	0.03673728062077134	
13.2	1.9966200231049929	3.61911396797545E-7	6.401266663171125E-6	2.630310270402376E-5	2.7115979092896646E-4	0.31990533887277917	8.824499107525546E-6	0.05693786316945856	
13.48	2.795326810714603	4.885267461117186E-7	8.617252280842363E-6	3.616217683116269E-5	3.7659217191145727E-4	0.4238787993789714	1.196170227532866E-5	0.07868565875477163	
13.872	3.91358405639922	6.295177627102752E-7	1.1107558944198203E-5	4.8163116071972596E-5	5.095825140045946E-4	0.5512266327057217	1.5609159383786977E-5	0.10794278403142425	
14.0	1.2779187761718924	2.0004692181514766E-7	3.513196103772787E-6	1.5402406386445406E-5	1.638411323413131E-4	0.1758815559756823	4.956794273390551E-6	0.035004742032211676	
14.2	1.9967825579167529	3.010174300382947E-7	5.21220233468677E-6	2.322037542915863E-5	2.489756366285108E-4	0.2653730677297521	7.388655465260436E-6	0.05409992249021951	
14.48	2.7955619384229995	3.9719919210174524E-7	6.786104616856387E-6	3.082848379929978E-5	3.3365822426746015E-4	0.35469050214051706	9.657880334641977E-6	0.07458422944532228	
14.872	3.913911383969289	5.040375530155673E-7	8.510195739650789E-6	3.978664559377252E-5	4.3602803977970577E-4	0.46790902851073934	1.2197021427007028E-5	0.10223871411271314	
15.0	1.278024524803278	1.5979429819454396E-7	2.67684425824011E-6	1.263421966128321E-5	1.3901324906705263E-4	0.15004572101185756	3.845134482761076E-6	0.0331624478928127	
15.2	1.9969438555996728	2.4005995715786047E-7	3.94928274710057E-6	1.8893734561496404E-5	2.0904584944658205E-4	0.22821301679444284	5.684635457581447E-6	0.05129271749620603	
15.48	2.7957773550507197	3.169569533776393E-7	5.126296776131018E-6	2.4922047493586917E-5	2.773715097738897E-4	0.3084959741933083	7.383822293562151E-6	0.07083944633296549	
15.872	3.9141892084638057	4.041407248570735E-7	6.4457081863457654E-6	3.2092177335510016E-5	3.599819682902985E-4	0.41314488134700256	9.313860066677805E-6	0.09741630083485184	
16.0	1.278112729062401	1.283777855236642E-7	2.0314924399536483E-6	1.0194747578214835E-5	1.1464869140284584E-4	0.1330840891651891	2.938834863368209E-6	0.031632183049331256	
16.2	1.9970757739174327	1.9343870034627256E-7	3.0088385067565826E-6	1.5268338295669574E-5	1.723033795222287E-4	0.20373816897828764	4.355431782714704E-6	0.04900679065624518	
16.48	2.7959514891222157	2.5626991162618885E-7	3.929465250367359E-6	2.02036727104059E-5	2.287773460251115E-4	0.27757072802577487	5.684268716669256E-6	0.06782607598734544	
16.872	3.914417126330217	3.278813507197544E-7	4.984612101713112E-6	2.6148830399661036E-5	2.9768196999500077E-4	0.37464668159649434	7.226051933564986E-6	0.09347827921266347	
17.0	1.278185939941966	1.0421726894298357E-7	1.5753963668319066E-6	8.320122094659654E-6	9.490128341310741E-5	0.12089045077066332	2.2860088659288564E-6	0.03036777464236047	
17.2	1.9971880715435728	1.5706219019407233E-7	2.34285894252394E-6	1.2490339484717621E-5	1.4285438434161744E-4	0.1854008393690489	3.40151851436622E-6	0.047069486474938554	
17.48	2.7961069205457756	2.0775659838894868E-7	3.073870007937752E-6	1.657186957280642E-5	1.9006967389700695E-4	0.2527492245798355	4.4616251105620026E-6	0.0651469342451698	
17.872	3.9146380487508283	2.645115520346378E-7	3.9161500979424915E-6	2.148906534660552E-5	2.4778883307663066E-4	0.34020940478573347	5.702185957195699E-6	0.08967193855531295	
18.0	1.2782589429382027	8.388058101244793E-8	1.2388160198145017E-6	6.838418351664992E-6	7.901920186439073E-5	0.10958742754324773	1.8062974953388395E-6	0.029109966551038875	
18.2	1.9973051208803931	1.2586091350846405E-7	1.8438113164734431E-6	1.0263353426152981E-5	1.1896328964070937E-4	0.16746530017840872	2.69202313934952E-6	0.04505382790289944	
18.48	2.7962786950463796	1.65190710214435E-7	2.4183668574657457E-6	1.359766709311123E-5	1.5819038680514553E-4	0.22677700052564642	3.5348748778066537E-6	0.06218902390056379	
18.872	3.9148992765031694	2.075920196415914E-7	3.072471860459514E-6	1.7558685310298663E-5	2.057122817963399E-4	0.30149582107879497	4.514627838486089E-6	0.08517141407305995	
19.0	1.2783467765994507	6.551350768904403E-8	9.70539944178291E-7	5.577220162846615E-6	6.552020106877328E-5	0.09666259354140354	1.4290757595008614E-6	0.027596355326359692	
19.2	1.997449119301513	9.751618922345496E-8	1.440591892121448E-6	8.342599411273776E-6	9.841433821389092E-5	0.1465394843124538	2.1264924944864523E-6	0.042572857024616786	
19.48	2.7964946232241314	1.264232856624955E-7	1.8802231965579015E-6	1.099215832900714E-5	1.3035197130103378E-4	0.19599161753075314	2.783456912966632E-6	0.058468474698018635	
19.872	3.915231738323892	1.5610868862417248E-7	2.368855275234173E-6	1.4064603614782897E-5	1.6835845946084937E-4	0.2555427183508926	3.533485270787473E-6	0.07944082103272614	
20.0	1.2784585934884491	4.8974261455805276E-8	7.460065858790371E-7	4.452625740307446E-6	5.348778144633879E-5	0.08137535734759885	1.1159175644542184E-6	0.025668657582708917	
20.2	1.9976319060869527	7.221849346775959E-8	1.1018761475278243E-6	6.625007316718051E-6	8.000950600805464E-5	0.12201109280802706	1.6541910896502646E-6	0.03942240747612245	
20.48	2.796766117231363	9.238142024988822E-8	1.4276528019030198E-6	8.661975739010391E-6	1.0533078157134163E-4	0.16056210832349938	2.1528362075718354E-6	0.053789989916311454	
20.872	3.915640477514713	1.1220096432098989E-7	1.780279009976187E-6	1.096227537409699E-5	1.3484289438371475E-4	0.20441710828410448	2.709980849966965E-6	0.07239812593734142	
21.0	1.27859484120635	3.502183802452109E-8	5.588066470053664E-7	3.458115709765394E-6	4.271449529223271E-5	0.06457616275885705	8.534691338470265E-7	0.023321045518238794	
21.2	1.997851173099653	5.125536984741256E-8	8.213678532820888E-7	5.1178398071796595E-6	6.360908400782452E-5	0.09560312120810231	1.2598887015666483E-6	0.03564546097892101	
21.48	2.7970839526948197	6.490913002703521E-8	1.057432473514717E-6	6.644861579401425E-6	8.324452430864448E-5	0.12356472395745208	1.6307327664102079E-6	0.048317413303601155	
21.872	3.9161009350991134	7.810109361120419E-8	1.3089949905785577E-6	8.33909932981729E-6	1.0578943582165578E-4	0.15338399229838018	2.0393874257027374E-6	0.06447388336922985	
22.0	1.2787463199962634	2.432717380878596E-8	4.101032397214704E-7	2.6244657266014997E-6	3.3440520863484523E-5	0.04805675288259947	6.411381494906311E-7	0.02071453945801856	
22.2	1.9980897388790329	3.551061377398407E-8	6.014572337070175E-7	3.872315434326718E-6	4.965638681660937E-5	0.07024352743252747	9.443732364811202E-7	0.031541553192887505	
22.48	2.7974190335912072	4.484695304512694E-8	7.728044006909772E-7	5.012469273010166E-6	6.47878041523786E-5	0.08920986767874145	1.2199333113407916E-6	0.042556013091483116	
22.872	3.916564484046122	5.4082097515852854E-8	9.566591809760202E-7	6.279461712203705E-6	8.215364791680542E-5	0.1081754899706545	1.5248989042943751E-6	0.056509466748528824	
23.0	1.2788965161498125	1.6880587982400517E-8	2.999658852656571E-7	1.9764978601352834E-6	2.5964626181139707E-5	0.03364393506987545	4.796320665206846E-7	0.0181346674145555	
23.2	1.9983205513936728	2.4734286080766646E-8	4.409060288791971E-7	2.919206802903415E-6	3.8569465139711906E-5	0.04863496732663594	7.075861279502578E-7	0.02757696802793287	
23.48	2.7977322254646073	3.141518684372986E-8	5.690055141394323E-7	3.7898344416851412E-6	5.041235165281815E-5	0.06087684724631929	9.173231789421251E-7	0.03717831052907314	
23.872	3.916977426671484	3.838959998253072E-8	7.104662361477263E-7	4.781613099161222E-6	6.42365038282094E-5	0.07250192901946732	1.1552009814345576E-6	0.04942487373567537	
24.0	1.2790282726530189	1.2049691485084362E-8	2.2357584478180377E-7	1.5097288172554539E-6	2.0346334290405573E-5	0.022428889482867316	3.6448156152680435E-7	0.015875082693149318	
24.2	1.998510147765493	1.7865271369878038E-8	3.3051645299650215E-7	2.2372602489982287E-6	3.030956057860471E-5	0.0321749378074351	5.401839424187393E-7	0.024186055373124977	
24.48	2.7979725397067754	2.4245197582934764E-8	4.3411663429425844E-7	2.985308384254407E-6	4.005670345689665E-5	0.03990211765551435	7.11479195539451E-7	0.03273215741266578	
24.872	3.917267684981974	3.329465129334683E-8	5.775563396131756E-7	4.411570983132912E-6	5.522430160189763E-5	0.04706063699540451	9.65740666989083E-7	0.043895793945877455	
25.0	1.2791181413303947	1.0755438561009171E-8	1.8654650178792913E-7	1.4902150378974991E-6	1.8214260776877064E-5	0.014523627881353201	3.151286093284381E-7	0.014149865292435749	
25.2	1.998649851572533	1.6602428818477047E-8	2.867966774362348E-7	2.460541061863658E-6	2.921845341483404E-5	0.020776175949173834	4.935814788472064E-7	0.02169369929834534	
25.48	2.798155788298063	2.5770728201578637E-8	4.040483233628722E-7	3.64785573074327E-6	4.268972148321151E-5	0.025714481429066884	6.971802525974485E-7	0.029633538885487937	
25.872	3.9174951469833146	4.1229788491043884E-8	6.246173628426542E-7	5.284727686983493E-6	6.309074550329245E-5	0.030361355432645693	1.0249330135886387E-6	0.04019378352336628	
26.0	1.2791895242206093	1.3660696791680778E-8	2.114847707269302E-7	1.7318278978798808E-6	2.0908357696928772E-5	0.009382386578121377	3.4174566502761057E-7	0.012997515957321317	
26.2	1.9987519895199928	2.1427994604139536E-8	3.4621076100316937E-7	2.7045310784231836E-6	3.330423167943423E-5	0.01346380240418361	5.511070471280379E-7	0.020015176523231384	
26.48	2.7982842131392234	3.149644632196627E-8	5.10623303943989E-7	3.7736496454279136E-6	4.756168235569605E-5	0.016775368691035516	8.025567931732592E-7	0.027496097985771833	
26.872	3.917649882640284	4.685894992038748E-8	7.742543873318458E-7	5.363020655514053E-6	6.846648617599598E-5	0.020080984206370313	1.2011704214352237E-6	0.037604178851000356	
27.0	1.2792375031895562	1.5377876525452595E-8	2.5871741813560096E-7	1.7651630756331887E-6	2.257339050275819E-5	0.0062399093665613204	4.010042978112782E-7	0.012194557737444687	
27.2	1.9988190476457128	2.3974726333494973E-8	4.1567802655972526E-7	2.7917547142292172E-6	3.579454315323951E-5	0.009041023994259616	6.462993719142787E-7	0.018863781103168793	
27.48	2.798365064637111	3.415435621392092E-8	5.980826772584814E-7	3.971127690397631E-6	5.108035338272046E-5	0.011438616893072519	9.360733700394536E-7	0.026079691979354665	
27.872	3.917741403803287	4.897989704404571E-8	8.68288469207439E-7	5.738025566377032E-6	7.391897159049115E-5	0.014029235569196176	1.3688389269808505E-6	0.035976029150454766	
28.0	1.2792653219825163	1.6013115977136205E-8	2.864438056505894E-7	1.8943745683989776E-6	2.4428058247427698E-5	0.0043967428082238805	4.5284209053548966E-7	0.011697829864821867	
28.2	1.998857989214353	2.4954329546286013E-8	4.5307029784574025E-7	3.0064048193969285E-6	3.8892040923340576E-5	0.0064586775319779455	7.201906344109225E-7	0.018167881359072765	
28.48	2.798411597841647	3.514760787506101E-8	6.416782582033074E-7	4.281804270484494E-6	5.5760383163261896E-5	0.008335408381706521	1.0270727793330675E-6	0.02524656915959805	
28.872	3.9177935104478974	4.9657048174038385E-8	9.121547686181256E-7	6.1258656373401666E-6	8.053675708679552E-5	0.010516017327504755	1.4691761371837833E-6	0.03503922729383114	
29.0	1.2792811353187594	1.6215513198725703E-8	2.991355690034826E-7	2.013120592687382E-6	2.6551220391753025E-5	0.0033263214799459885	4.827128336482899E-7	0.011412971041739706	
29.2	1.9988802854433927	2.5284490826671877E-8	4.697921288305726E-7	3.172557279112316E-6	4.206966519881295E-5	0.0049566054403709855	7.605083454323223E-7	0.017769210399150442	
29.48	2.7984385821547795	3.539481438555058E-8	6.605300567528676E-7	4.480253378333954E-6	5.986905984111534E-5	0.00652279054186427	1.073560814063375E-6	0.02476678152231222	
29.872	3.91782443953978	4.957214641654367E-8	9.287451250715727E-7	6.329144337062859E-6	8.53771380983557E-5	0.008444008249456686	1.5154941849476516E-6	0.03449086988672444	
30.0	1.2792906058918283	1.617541758755492E-8	3.03583931143255E-7	2.0716049429575074E-6	2.8022714411753344E-5	0.0026924355447590096	4.959255794241361E-7	0.011245066653974919	
30.2	1.9988938684672128	2.5225622334555636E-8	4.7486429400172897E-7	3.2467575250602943E-6	4.4101307781105374E-5	0.004060589236903053	7.770106536871086E-7	0.01753135137828029	
30.48	2.798455434312871	3.51651163788937E-8	6.647702805896711E-7	4.556866812789116E-6	6.22301121800905E-5	0.005428428575543593	1.0902033002086086E-6	0.024475001470371082	
30.872	3.917844483680328	4.895680837619059E-8	9.283016308602718E-7	6.383539572942485E-6	8.775673441697692E-5	0.007167765648724186	1.5265821074020195E-6	0.03414714348238342	
31.0	1.2792968225438477	1.5964196603543486E-8	3.027995928650596E-7	2.083971631589247E-6	2.8703349292523873E-5	0.002299156361098691	4.982972710942111E-7	0.011138683699404893	
31.2	1.9989029719011728	2.4891644462424344E-8	4.7237853495397126E-7	3.2544184356257496E-6	4.494110517952689E-5	0.0034980305359640783	7.7799385855249E-7	0.017378000726374142	
31.48	2.798467064191159	3.4593945494163665E-8	6.593321392022016E-7	4.549105020626158E-6	6.30221281427661E-5	0.004729186671213141	1.0872845424446199E-6	0.02428205095291963	
31.872	3.917858904219216	4.795491485912599E-8	9.163852111976452E-7	6.337304959346657E-6	8.818032581166633E-5	0.0063312488416167765	1.5143773058225937E-6	0.03391136488259325	
32.0	1.2793013574818957	1.5628863192005428E-8	2.984782609427665E-7	2.0652851531924723E-6	2.8772885372056467E-5	0.002039177014911488	4.934832954328654E-7	0.011064818848922088	
32.2	1.9989097420903885	2.4361298901220287E-8	4.6476984844671986E-7	3.217446188851983E-6	4.489258320577982E-5	0.0031211824119105765	7.686602313245499E-7	0.017269495425290337	
32.48	2.7984759514702446	3.378136186374791E-8	6.473424723085347E-7	4.484980603645465E-6	6.268857647322981E-5	0.0042521231691997835	1.0713455101047671E-6	0.024141931998462596	
32.872	3.91787032826549	4.668351373615892E-8	8.967542370853909E-7	6.224259067855589E-6	8.725109759369655E-5	0.005746266466514713	1.486715139119829E-6	0.033734121257777416	
33.0	1.2793049907133835	1.5207836733768526E-8	2.917863261542748E-7	2.0260313456977843E-6	2.8423790891351788E-5	0.0018559334796141719	4.839099625159006E-7	0.01100868689497925	
33.2	1.9989152458886483	2.369775661909663E-8	4.5375000684029874E-7	3.151045426646686E-6	4.42435001004443E-5	0.0028523595075028592	7.525210446459631E-7	0.01718568283517512	
33.48	2.7984833206110165	3.280836900957416E-8	6.310405342763001E-7	4.383989324079706E-6	6.160612210968599E-5	0.0039062741279385655	1.0468840709211232E-6	0.0240313400582985	
33.872	3.917880051086805	4.5239075875078446E-8	8.72146417164993E-7	6.06814253642403E-6	8.543903859583328E-5	0.005313015272581867	1.4490826336390517E-6	0.03359035616219908	
34.0	1.2793081078344715	1.473244999467631E-8	2.835768062955181E-7	1.9735935550922805E-6	2.780318053520357E-5	0.0017192936373641669	4.712844029913981E-7	0.010962778652870087	
34.2	1.9989200111847887	2.2951162636012278E-8	4.405741269796309E-7	3.0659616897590616E-6	4.32086278614903E-5	0.002649811694316713	7.320602861286705E-7	0.017116287560742783	
34.48	2.7984897850147523	3.173867961626757E-8	6.12064729170051E-7	4.259936257955704E-6	6.004904806443262E-5	0.003641979092575369	1.0170922997225046E-6	0.023938293489660718	
34.872	3.917888729942031	4.3696925290253306E-8	8.445583380149881E-7	5.885771439684337E-6	8.307882339923299E-5	0.004975518347595063	1.4053767281273438E-6	0.03346696501992646	
35.0	1.279310905272334	1.4226906313974014E-8	2.7447088863555305E-7	1.913200094902869E-6	2.7015237742984497E-5	0.0016121915870824456	4.5681873937057005E-7	0.01092313997662044	
35.2	1.9989243116889284	2.2159440237471114E-8	4.2615244850832493E-7	2.9697936133166103E-6	4.1938949918448694E-5	0.002489518508534553	7.090393083975246E-7	0.017055835894342272	
35.48	2.798495668445172	3.061989725862879E-8	5.915936563857973E-7	4.122544952969624E-6	5.8208505151262246E-5	0.0034300242446803006	9.842245007598737E-7	0.023856297121835568	
35.872	3.917896719172746	4.2112611149042183E-8	8.154127823793369E-7	5.688918648735655E-6	8.040147508172729E-5	0.004699861274817885	1.3583321500447137E-6	0.03335665891966602	
36.0	1.2793134896430731	1.3708906780796981E-8	2.64909875150844E-7	1.8485037892506905E-6	2.6131684327849336E-5	0.001524194038830589	4.413617864796988E-7	0.010887552767579545	
36.2	1.9989282985560486	2.134991737896586E-8	4.1112797818203424E-7	2.8678309249597796E-6	4.053799166100778E-5	0.002356603314599635	6.84686978199643E-7	0.017001217787422893	
36.48	2.798501153106648	2.9485939999533468E-8	5.704526538552536E-7	3.9785444727972025E-6	5.6214855948458834E-5	0.00325203466897263	9.498439428480275E-7	0.02378159985989565	
36.872	3.917904223246817	4.0525169473666176E-8	7.856955769127433E-7	5.485666097046133E-6	7.756344772818694E-5	0.0044643763215581585	1.3098296286699356E-6	0.033255148990002086	
37.0	1.2793159228579853	1.3190812563688795E-8	2.551984887010057E-7	1.7820056566645537E-6	2.5200983796966014E-5	0.0014486103130768712	4.254957144874514E-7	0.010854705290308356	
37.2	1.9989320591821085	2.0541483736415666E-8	3.95942192459101E-7	2.763679922370494E-6	3.907546489064387E-5	0.0022414856848015407	6.598424477381877E-7	0.016950582316457168	
37.48	2.7985063448027807	2.836000737086566E-8	5.492037582829492E-7	3.832493571401964E-6	5.4155455053404076E-5	0.0030961451540901293	9.150112682924244E-7	0.0237119569042987	
37.872	3.917911362268105	3.8960909356693324E-8	7.560707125796806E-7	5.281440904761005E-6	7.466885435842308E-5	0.004255100376509463	1.2611337232293013E-6	0.033159865149328	
38.0	1.2793182409405452	1.2680911402399937E-8	2.4554121032816863E-7	1.7153801391385434E-6	2.4255310616415537E-5	0.001381136893982812	4.096107679239762E-7	0.010823812280368456	
38.2	1.9989356464173085	1.9746707386975966E-8	3.8088959576267575E-7	2.6597434913954204E-6	3.759747677144966E-5	0.0021380290462079963	6.350654808759136E-7	0.0169028250249642	
38.48	2.7985113070625722	2.725736107602511E-8	5.282188057596746E-7	3.687409040251909E-6	5.2087766159409866E-5	0.002954817429191443	8.80429065015752E-7	0.023646039364217386	
38.872	3.917918203714079	3.7436823097511657E-8	7.2697195512941E-7	5.079797559982388E-6	7.178562598273202E-5	0.00406329683601757	1.2130733569690656E-6	0.03306931144264771	
39.0	1.2793204647241354	1.2184527374406432E-8	2.3607101666743883E-7	1.6497198568252772E-6	2.331559687991451E-5	0.0013190967029399492	3.939617950799936E-7	0.010794419788535353	
39.2	1.9989390884921483	1.8973604855445706E-8	3.661603498820129E-7	2.5575802299827455E-6	3.613388100987546E-5	0.0020424533695576883	6.107194120486117E-7	0.01685731512382747	
39.48	2.798516071640768	2.6187589342283897E-8	5.077354958401453E-7	3.545231005595227E-6	5.004873641448124E-5	0.002823477891110426	8.465494200579476E-7	0.02358310331297079	
39.872	3.917924780209918	3.5963295173961404E-8	6.986718463301736E-7	4.882990262985616E-6	6.895695835369048E-5	0.003883787837608014	1.1661744377712788E-6	0.032982677556212654	
40.0	1.2793226029525389	1.1704890351443756E-8	2.268709140845608E-7	1.5857140922474253E-6	2.2395098306943445E-5	0.001260916072319865	3.787096258190445E-7	0.010766284847382828	
40.2	1.9989423983159482	1.8226996091072867E-8	3.5187194274780366E-7	2.4581649360464283E-6	3.470345366870029E-5	0.001952565787920104	5.870315333278492E-7	0.01681372172110839	
40.48	2.7985206558102327	2.5156314565345084E-8	4.878985319204229E-7	3.407157753146684E-6	4.806136485528E-5	0.0026995238521870368	8.136515646714197E-7	0.023522770565989403	
40.872	3.9179311100082406	3.454611672645074E-8	6.713317321795539E-7	4.692381175362929E-6	6.620928681548948E-5	0.003713708032382073	1.1207547168437248E-6	0.032899571068580755	
41.0	1.279324660796174	1.1243778119376903E-8	2.1798950107681313E-7	1.5237758029988638E-6	2.150187477415527E-5	0.001205732338591968	3.6395059452531883E-7	0.010739291797361585	
41.2	1.9989455829289084	1.7509493646094305E-8	3.3809195348848615E-7	2.362073302678995E-6	3.3317485288459794E-5	0.001867181889425343	5.641360174799538E-7	0.016771891679046923	
41.48	2.798525064772356	2.4166430555457245E-8	4.6878898521356133E-7	3.273881954071885E-6	4.613924759987203E-5	0.0025815784244691787	7.81896778889433E-7	0.02346487344023067	
41.872	3.917937196456334	3.318793560629923E-8	6.450372326811845E-7	4.5087269691620954E-6	6.355778652535574E-5	0.003551583801680034	1.076990501109089E-6	0.032819828578718575	
42.0	1.2793266398209033	1.0801977069011785E-8	2.0945198206607027E-7	1.4641306485612744E-6	2.064049955731588E-5	0.0011531058298231253	3.497372727226944E-7	0.010713393483922135	
42.2	1.9989486443176083	1.6822208575943206E-8	3.24854119887304E-7	2.2696111244892907E-6	3.198225303176933E-5	0.0017857060590319425	5.421039992009692E-7	0.016731764547633952	
42.48	2.798529301766992	2.3218983150369152E-8	4.5044494957362957E-7	3.1457555146568095E-6	4.4289701252899427E-5	0.0024689607391526324	7.51366769896506E-7	0.023409348570801475	
42.872	3.917943042040655	3.188928639284624E-8	6.198231142617524E-7	4.332378282367267E-6	6.10101454209309E-5	0.003396698943734929	1.0349631577958191E-6	0.03274339048169952	
43.0	1.279328539892878	1.0379608916340978E-8	2.0126788374884544E-7	1.4068789129785723E-6	1.981323117268715E-5	0.001102823646099396	3.3609291035350053E-7	0.010688572699572473	
43.2	1.9989515821962685	1.6165249649864297E-8	3.1216957979311795E-7	2.1809040731473414E-6	3.0700714287376216E-5	0.001707850674708216	5.209645050582211E-7	0.016693317866439777	
43.48	2.798533365057132	2.2313792498879338E-8	4.3287596383713136E-7	3.0229039385533416E-6	4.251590028904196E-5	0.002361340703483072	7.220903309712277E-7	0.02335617058699221	
43.872	3.9179486479498253	3.0649318006864296E-8	5.956906303615397E-7	4.163417883581006E-6	5.8569142734949126E-5	0.0032486971444684255	9.94691367325098E-7	0.032670226453084185	
44.0	1.2793303617214347	9.976361272413333E-9	1.9343643290598273E-7	1.3520383848798534E-6	1.902081395931588E-5	0.0010547783202938597	3.230214478838607E-7	0.01066481966842967	
44.2	1.9989543985514886	1.5538074799979917E-8	3.000346979106726E-7	2.0959598152451376E-6	2.947366289955074E-5	0.0016334661307063694	5.007189523049171E-7	0.01665653614084983	
44.48	2.7985372595318565	2.144989106299953E-8	4.1607303916008256E-7	2.905305363676842E-6	4.0818334800833055E-5	0.0022585364135665723	6.940617865915852E-7	0.023305316223343166	
44.872	3.917954016424439	2.946630525824075E-8	5.72619555548124E-7	4.001755982082879E-6	5.6234404435208655E-5	0.0031073591768525422	9.561533963334224E-7	0.032600297861172134	
45.0	1.27933210630139	9.591649465573562E-9	1.859502856177093E-7	1.299573915823636E-6	1.8263022729356806E-5	0.0010089008864655178	3.1051442531578214E-7	0.010642120973269062	
45.2	1.9989570944776083	1.4939736977094514E-8	2.8843648535431877E-7	2.0147107798807895E-6	2.830051491287919E-5	0.0015624494697830229	4.8135114190138E-7	0.016621396264656463	
45.48	2.7985409866451767	2.062582946485886E-8	4.000155848037631E-7	2.792844861016768E-6	3.919579933899084E-5	0.002160409367844332	6.67253677689001E-7	0.0232567486610522	
45.872	3.917959152055012	2.8338005170884398E-8	5.505764769812024E-7	3.847195550732723E-6	5.400359125379737E-5	0.0029724943698228173	9.193023787893872E-7	0.032533543751164226	
46.0	1.2793337753547402	9.224729016678841E-9	1.7879809404213346E-7	1.2494176598284961E-6	1.753903104374865E-5	9.651289807306991E-4	2.98555717912265E-7	0.010620455689066817	
46.2	1.9989596727698085	1.4369054342899013E-8	2.7735632245261586E-7	1.937043394414549E-6	2.7179839088108777E-5	0.0014947024079782095	4.628340968946083E-7	0.016587863059876255	
46.48	2.798544548944168	1.983988754649128E-8	3.8467615007821093E-7	2.6853514501775762E-6	3.7646058992532076E-5	0.002066819046068587	6.416254182754821E-7	0.023210413922851777	
46.872	3.9179640606888904	2.726190137288337E-8	5.295204426333972E-7	3.6994766512007096E-6	5.1873195681448655E-5	0.002843898049657315	8.840766956492504E-7	0.03246987973693933	
47.0	1.2793353705499275	8.87477255232301E-9	1.7196625190366303E-7	1.2014827860291429E-6	1.6847657936290905E-5	9.233948292129436E-4	2.871247480118388E-7	0.010599795363629887	
47.2	1.9989620888657484	1.3824490785417194E-8	2.667728938625175E-7	1.8628017072006125E-6	2.6109659185183303E-5	0.0014301166656783874	4.4513397913386186E-7	0.016555887225054366	
47.48	2.7985478448800003	1.9086008038672446E-8	3.700126333267447E-7	2.5828299663296412E-6	3.616654385994152E-5	0.001977609540560637	6.171418597253986E-7	0.023166262754883173	
47.872	3.9179685535151583	2.6222711826551472E-8	5.093170977780629E-7	3.5607343596540956E-6	4.9845072314389524E-5	0.0027213408497026373	8.505296964910653E-7	0.03240952583004118	
48.0	1.2793368256528395	8.53651344237499E-9	1.6540217925419245E-7	1.1567637206744864E-6	1.6190447197306485E-5	8.836216398102671E-4	2.7625249449296984E-7	0.010580259053681563	
48.2	1.9989559336128484	1.3346933747218681E-8	2.564478906459038E-7	1.7906690536568594E-6	2.5066925118344645E-5	0.0013685398829115238	4.279637245097653E-7	0.016525224928708265	
48.48	2.79853143694678	1.935208339919425E-8	3.586720115816151E-7	2.5339256427504357E-6	3.4909270318039424E-5	0.0018924665565249793	5.980631926940495E-7	0.02312882991917088	
48.872	3.9179365710576137	2.8619934128397333E-8	5.154470495983748E-7	3.97451449242907E-6	5.1249438936816286E-5	0.0026056044491138755	8.714114367609042E-7	0.03242055172573173	
49.0	1.2793255287901069	9.453157796145864E-9	1.7021082521942986E-7	1.3597617104377505E-6	1.7179646289729524E-5	8.464544139497855E-4	2.898845144861717E-7	0.010594292892436052	
49.2	1.9989481588511484	1.5106446016192083E-8	2.7014690365182024E-7	2.2797062985346075E-6	2.8136335526962405E-5	0.0013124752437715115	4.662525705243618E-7	0.016577631889268203	
49.48	2.7985274570543326	2.4165790655110007E-8	3.954949258370463E-7	3.445403731812391E-6	4.2054605317416045E-5	0.00181935347615905	6.804517693025247E-7	0.02325736716913108	
49.872	3.9179362907102284	3.968078849669456E-8	6.319618176457342E-7	5.154453892542835E-6	6.387667645711074E-5	0.0025222560195011187	1.0382764577318482E-6	0.03262822176991447	
50.0	1.2793259285413514	1.32930009990614E-8	2.1556148871295018E-7	1.7085884304892666E-6	2.134908670499375E-5	8.223693178774818E-4	3.4963486098061924E-7	0.010659070815180477	
50.2	1.9989470068737485	2.130060919810067E-8	3.5675906180469804E-7	2.7180582660156433E-6	3.445598896100466E-5	0.0012846494721721992	5.716862544631337E-7	0.016663910028075855	
50.48	2.7985255010439123	3.221326603346849E-8	5.350049674013862E-7	3.892374090341411E-6	5.0117125077212864E-5	0.001806331595356677	8.476193468304769E-7	0.023342917089636716	
50.872	3.9179341104629115	4.9570679837358826E-8	8.303734713608764E-7	5.719282998063058E-6	7.396110544293878E-5	0.002572735027131083	1.2977637879281494E-6	0.03270859561236445	
51.0	1.2793252074607244	1.644953073422667E-8	2.794888635319354E-7	1.900758480576756E-6	2.4571205822126424E-5	8.472862060252373E-4	4.3616321322315085E-7	0.010684051044898352	
51.2	1.9989440547543886	2.6113888626565447E-8	4.542118531981274E-7	3.0487978446151117E-6	3.940796496771279E-5	0.0013457446243003723	7.101101546701517E-7	0.016704013244383347	
51.48	2.7985192195373805	3.812936994790716E-8	6.645264840458616E-7	4.415781683837349E-6	5.7081360230218835E-5	0.001938469447889764	1.0431480011060652E-6	0.023409850792466002	
51.872	3.9179221972569636	5.638025815046789E-8	9.8769722672082E-7	6.525630224088806E-6	8.415466228132635E-5	0.002850760349181849	1.5558451043849605E-6	0.032838957184151994	
52.0	1.2793210163539084	1.8604112854750236E-8	3.2822165260199174E-7	2.1687694458841973E-6	2.7963173121752058E-5	9.475533894751326E-4	5.179016333905968E-7	0.010731056260225504	
52.2	1.9989370920891685	2.9400551729633296E-8	5.249084381717939E-7	3.476024353332839E-6	4.488033871364859E-5	0.0015245203376647901	8.314745434390669E-7	0.016788584131328558	
52.48	2.7985085697038645	4.22014472294521E-8	7.545510628961177E-7	5.015936834005197E-6	6.502867609983421E-5	0.002228007256757161	1.2010925280082624E-6	0.02354848131082601	
52.872	3.9179059343904394	6.107268804744445E-8	1.094041428472259E-6	7.301616795793348E-6	9.522415678541845E-5	0.003318038190013396	1.7480870239746036E-6	0.033061381615269184	
53.0	1.2793156033621387	2.0084966079211077E-8	3.6095850811488944E-7	2.41231906373269E-6	3.15261724979625E-5	0.0011053753631789054	5.774377627562439E-7	0.010805747356178416	
53.2	1.9989287836949086	3.164515640516899E-8	5.719954044582906E-7	3.832202459111079E-6	5.027211670221952E-5	0.0017816924461011615	9.171123847946927E-7	0.016908947139531304	
53.48	2.7984971028833803	4.4928266965805246E-8	8.137256255373476E-7	5.4692463963621865E-6	7.215508317309529E-5	0.0026025407568192617	1.30847216134201E-6	0.02372068963592335	
53.872	3.9178903397808185	6.40665696743725E-8	1.1617897164902095E-6	7.83369791737582E-6	1.0406607590118526E-4	0.00385424512436291	1.8729518397359539E-6	0.03330045126087299	
54.0	1.2793105749225995	2.1014476692560374E-8	3.815270331432446E-7	2.5749153974004293E-6	3.427628954712907E-5	0.0012805275868514787	6.155104236902964E-7	0.010883011059368033	
54.2	1.9989213641352284	3.3021785587091516E-8	6.008743275416681E-7	4.061037184802721E-6	5.422780851443878E-5	0.00205371738250092	9.705001279353526E-7	0.01702698820531988	
54.48	2.79848740653154	4.6512216407989224E-8	8.486337571326827E-7	5.746509105667886E-6	7.705400576914811E-5	0.002975575699350275	1.37291580021782E-6	0.02387908919714533	
54.872	3.9178780441985097	6.560475261932424E-8	1.1986036668677052E-6	8.13515541124629E-6	1.0964909933242245E-4	0.0043505753804863	1.9428419712319754E-6	0.03350454980029922	
55.0	1.2793066965798154	2.147312743809609E-8	3.923089082652029E-7	2.6642821686984343E-6	3.5963319161541076E-5	0.0014391516467712623	6.362016496631555E-7	0.010947531830217785	
55.2	1.9989158197339083	3.366378261963056E-8	6.150820448368619E-7	4.1802613591786E-6	5.654145726713809E-5	0.0022921803968950845	9.980027706893062E-7	0.01712235037329602	
55.48	2.7984804950826603	4.713662883954436E-8	8.64039835952575E-7	5.878697511774827E-6	7.971750644637458E-5	0.003288786048237101	1.4032305156536719E-6	0.024001464066194515	
55.872	3.917869881116892	6.594330459895264E-8	1.2107757338302573E-6	8.252728830175685E-6	1.1230863941757701E-4	0.004744127831041221	1.969525171922371E-6	0.03365280169464114	
56.0	1.279304184880577	2.1547102054363495E-8	3.953274455175601E-7	2.695719109748802E-6	3.672197671705393E-5	0.001562637417266276	6.432852432896688E-7	0.01099343573530678	
56.2	1.9989123844343883	3.3713839260637714E-8	6.177463920272479E-7	4.2137333999081105E-6	5.747092720046649E-5	0.002472556647866888	1.005379702425687E-6	0.017187952616210336	
56.48	2.7984765093252206	4.699914244654512E-8	8.64296218736383E-7	5.8989855060633635E-6	8.05689445441774E-5	0.003516178641040851	1.407299178598486E-6	0.024081482130946977	
56.872	3.917865739517253	6.535260083696674E-8	1.2041536564039223E-6	8.231003363919892E-6	1.126916624912964E-4	0.005012935169965812	1.9635140072623553E-6	0.03374202569007319	
57.0	1.2793029756607244	2.1325858621262022E-8	3.924637526257013E-7	2.6835359723189336E-6	3.676567404245707E-5	0.001645185724673161	6.401304563362399E-7	0.011020197769919941	
57.2	1.9989109096816684	3.3315871086463635E-8	6.11760523681144E-7	4.183271231867517E-6	5.735123497877933E-5	0.002588884844024736	9.977577899273267E-7	0.01722410149909213	
57.48	2.7984751482918124	4.62943977734342E-8	8.533757552670154E-7	5.837025581006061E-6	8.007420712990686E-5	0.0036547678752857256	1.3920809573050145E-6	0.024121452606879163	
57.872	3.917865047611185	6.4088234935488E-8	1.1839626960648148E-6	8.108915458483351E-6	1.1142474632517346E-4	0.005161433312721936	1.9339498251574855E-6	0.03377828417010137	
58.0	1.2793028689955595	2.0892581018202314E-8	3.853851107490067E-7	2.640139817361824E-6	3.6295185744681765E-5	0.0016890231361073459	6.296500299616371E-7	0.011030040278090448	
58.2	1.9989110689084886	3.2600465235154246E-8	5.996518284396217E-7	4.107567147764209E-6	5.6485968218323854E-5	0.002646335045913629	9.79522709251137E-7	0.017234781038825905	
58.48	2.7984759241264245	4.519504160676101E-8	8.346786841970573E-7	5.717786199171447E-6	7.863848407972123E-5	0.0037145514730696095	1.3634319548612563E-6	0.024127751330374047	
58.872	3.9178670782989378	6.236921729129312E-8	1.154562719728115E-6	7.918523808107238E-6	1.090305540012409E-4	0.005207647231403652	1.8883577598457245E-6	0.033771534566240255	
59.0	1.279303623556814	2.0317641406133973E-8	3.754709819321181E-7	2.5756715782510824E-6	3.54760906270876E-5	0.0017003673545812913	6.14224495541256E-7	0.011026288878608115	
59.2	1.9989124860222485	3.167604845011992E-8	5.834825917212164E-7	4.001718723530615E-6	5.5121436895119606E-5	0.0026552901663293737	9.542169637256975E-7	0.017225320312644194	
59.48	2.7984783150519683	4.384178764124252E-8	8.109283376944593E-7	5.561100900758585E-6	7.658382327461619E-5	0.0037110073266399465	1.3260044675061595E-6	0.02410798229278782	
59.872	3.9178711113937603	6.036923897115287E-8	1.1193679300915526E-6	7.684764921202904E-6	1.0591447499978065E-4	0.0051742191388448435	1.8325919818271963E-6	0.03373240088154114	
60.0	1.2793050063094282	1.9656301659977746E-8	3.637937707619843E-7	2.4979666507265857E-6	3.4435875812564654E-5	0.0016866570821377378	5.956935082377251E-7	0.01101239107617135	
