# Time [h]	All Liquid [L/h]	MS [g/L]	AA [g/L]	Butyric [g/L]	Propionic [g/L]	LCFA [g/L]	Valeric [g/L]	Acetic [g/L]
0.2	9.1349540121812	8.2315225001904e-05	0.00020079242368322	0.0008417379730088	0.0018110816038701	0.0029824322299425	0.00022515770844632	1.4886729832725
0.48	9.2697329008778	1.6955819445802e-06	1.8152897164508e-05	0.0001263183716364	0.00050184364258771	0.0025317307028044	3.5701829148571e-05	1.2516204559767
0.872	9.4532382553316	5.9649688898758e-08	7.7043509846473e-07	9.4029591787402e-06	9.2035255992891e-05	0.0032127278487069	2.8339367279034e-06	0.92904025367183
1	9.5114318159638	6.5089879166865e-09	4.3279648985639e-07	4.3984695509998e-06	5.8554421589957e-05	0.0041105209300342	1.4153508065768e-06	0.82684742926968
1.2	9.6003304757837	1.904539714645e-09	3.1148478385029e-07	2.0563916226079e-06	3.9273484986282e-05	0.0064066228499642	7.7616081717404e-07	0.67195487863751
1.48	9.7156819491975	1.4495819847032e-09	2.613943499364e-07	1.3961936653079e-06	3.4332660918643e-05	0.011770365753251	5.9324718979001e-07	0.47086146796465
1.872	9.8487853604102	1.3260696265732e-09	2.0898656650481e-07	1.1263564347148e-06	3.4983089415643e-05	0.024769062493418	4.8597330791712e-07	0.24085069114623
2	9.8839542174026	1.3286094654614e-09	1.9929983989116e-07	1.0743071087762e-06	3.5307676948902e-05	0.030487622852899	4.625095504141e-07	0.18051949617813
2.2	9.9276441927848	1.2427451717186e-09	1.9087272116359e-07	1.0235797043025e-06	3.5760776051293e-05	0.041148722455939	4.3965654141107e-07	0.10812475887314
2.48	9.96403178229	9.8094169055494e-10	1.6837100646139e-07	9.3011684104427e-07	3.5011243126056e-05	0.059702515631116	3.9892415645291e-07	0.050235712081606
2.872	9.9829379145786	9.0676955312215e-10	1.3526351806959e-07	7.5777270593397e-07	2.9894428434467e-05	0.092361213046332	3.2458273661139e-07	0.022511739158479
3	9.9850860609347	9.1021734445362e-10	1.2917615232846e-07	7.1587592106854e-07	2.795759200974e-05	0.10418951991438	3.0673520495857e-07	0.01934717764902
3.2	9.9871594442965	8.5685842312042e-10	1.2409000185789e-07	6.7515240404705e-07	2.5311924743929e-05	0.12382081581401	2.8974050212696e-07	0.017272584136036
3.48	9.9879854858657	6.8759983142327e-10	1.106253166283e-07	6.134703161138e-07	2.2157095654433e-05	0.15299241572488	2.6351039553415e-07	0.016888722562692
3.872	9.9877685835416	6.4426488160788e-10	9.0805646928278e-08	5.0821146373869e-07	1.750868890819e-05	0.19506290905956	2.178824969374e-07	0.017757902902897
4	9.9875850396289	6.4893736617129e-10	8.7261513749983e-08	4.8324517092674e-07	1.6153583509227e-05	0.20854829058087	2.0713149511945e-07	0.018138083568693
4.2	9.9874321160162	6.1783740892723e-10	8.4532396025095e-08	4.5999607753834e-07	1.4469283243795e-05	0.22923029787842	1.9731561685865e-07	0.018697509916711
4.48	9.9871544961924	5.0947053001282e-10	7.6649961018745e-08	4.2443403406654e-07	1.269744057679e-05	0.25689081214396	1.8202969679044e-07	0.019403285650107
4.872	9.9867489569351	4.896825358098e-10	6.4852155455078e-08	3.6200478031467e-07	1.0364316889608e-05	0.29188353605078	1.5465407540285e-07	0.020226629716916
5	9.9866226140513	4.9673860552546e-10	6.2886013917381e-08	3.4757460712797e-07	9.7132777998286e-06	0.30216431142833	1.4835771460934e-07	0.020463141138158
5.2	9.9865208917957	4.8288956687864e-10	6.175052551885e-08	3.3558638595386e-07	8.9378753351873e-06	0.31704521710143	1.4322830844654e-07	0.020794259961659
5.48	9.9863591162581	4.1731928458456e-10	5.7601138657131e-08	3.1751737580489e-07	8.1558476338623e-06	0.3353676436953	1.3534716704841e-07	0.02119815804919
5.872	9.9861319918556	4.2084001869579e-10	5.1235230017983e-08	2.8401709496391e-07	7.0948914371476e-06	0.35585268409015	1.2036261697372e-07	0.021670485859802
6	9.9860632191576	4.3297374685977e-10	5.0447300254299e-08	2.7704910355233e-07	6.8019876611448e-06	0.36123832360841	1.1723073111206e-07	0.021804139763187
6.2	9.9860065446095	4.3728578269596e-10	5.0755582841221e-08	2.7405599901808e-07	6.484481337316e-06	0.36838129329008	1.1585595513489e-07	0.022000680309561
6.48	9.9859109412906	4.1011342663028e-10	4.9782904893498e-08	2.709443636534e-07	6.2236523209022e-06	0.37587946737526	1.142696486097e-07	0.022255476626978
6.872	9.9857672729499	4.5324791491382e-10	4.8359443501852e-08	2.6319581021707e-07	5.8899966177029e-06	0.38163134678245	1.101317310772e-07	0.022583758210695
7	9.9857223861212	4.7953221362692e-10	4.8930215799931e-08	2.6383906748543e-07	5.8156523097815e-06	0.38237828093973	1.1016067168008e-07	0.022680859984393
7.2	9.9856732022667	5.1873017169591e-10	5.1468011164292e-08	2.7243450862593e-07	5.8091280356221e-06	0.38247690683843	1.1353577833134e-07	0.022838222595203
7.48	9.9855887545138	5.5933880285953e-10	5.5107905719688e-08	2.9067386624196e-07	5.9850647166468e-06	0.3806025938486	1.2069943984069e-07	0.023069542369795
7.872	9.9854454077564	7.3252071941517e-10	6.225443414033e-08	3.2434594644807e-07	6.4066921948265e-06	0.37438906075564	1.3333160863496e-07	0.023424906487863
8	9.9853960395325	8.1635019901069e-10	6.5955463275029e-08	3.3996526908908e-07	6.5972019796049e-06	0.3715466075214	1.3935118385469e-07	0.023540718885734
8.2	9.9853165177524	9.8820308706564e-10	7.4765049231245e-08	3.7665262799968e-07	7.0465227313868e-06	0.36637101808672	1.5391605027602e-07	0.023746709128
8.48	9.9851822968949	1.3161424864207e-09	9.1565132651108e-08	4.5153650090964e-07	8.0301604670685e-06	0.35782248172866	1.8355511427006e-07	0.024081739303952
8.872	9.9849448992505	2.2453469696642e-09	1.2829747335739e-07	6.1175707838079e-07	1.0129887684164e-05	0.34374514836266	2.4546463708152e-07	0.024643531118139
9	9.9848596626128	2.6938443691857e-09	1.444415002172e-07	6.7914629694221e-07	1.0982716909117e-05	0.3387176016011	2.7146482989625e-07	0.024833512241623
9.2	9.9847114266171	3.7278410653604e-09	1.7949887426919e-07	8.1968264495644e-07	1.268259452854e-05	0.33049121990619	3.2602765827792e-07	0.025165821463906
9.48	9.9844766086102	6.127970663715e-09	2.5209878147716e-07	1.1076726977935e-06	1.6036875953982e-05	0.31838797365426	4.3720515527302e-07	0.025687636382732
9.872	9.9841036788205	1.2888282371313e-08	4.1780903649527e-07	1.7484619191742e-06	2.3099373832579e-05	0.30067211192963	6.7821042296817e-07	0.026486924462606
10	9.9839775431692	1.6024877954001e-08	4.8760255703904e-07	2.0119098790959e-06	2.5911933841983e-05	0.29477894002698	7.7633761338378e-07	0.026741881673497
10.2	9.9837769545011	2.2862463766139e-08	6.2731002574521e-07	2.5214039285682e-06	3.1143459359207e-05	0.28548040909518	9.6567323199228e-07	0.027146069871033
10.48	9.9834986276609	3.7006793626998e-08	8.9087605576111e-07	3.4651146044936e-06	4.043337749697e-05	0.27238869749217	1.3138827225336e-06	0.027699502989106
10.872	9.9831429556447	6.6498197467676e-08	1.3738855878456e-06	5.208431718186e-06	5.7022775755315e-05	0.25415807881139	1.9383262375018e-06	0.028388134997826
11	9.9830413618552	7.7601548573999e-08	1.5477109505967e-06	5.8382784550209e-06	6.2937892193449e-05	0.2482856709557	2.1598332100155e-06	0.028578462321036
11.2	9.9829008723349	9.6803393539416e-08	1.8422361342456e-06	6.8953778748247e-06	7.2717641891074e-05	0.23919048672445	2.5282416582025e-06	0.028838863609922
11.48	9.9827507038068	1.2375293288609e-07	2.2731311993841e-06	8.4588125009073e-06	8.7042989624401e-05	0.2266876179802	3.0676449724034e-06	0.029116019394307
11.872	9.9826446660187	1.5543491615025e-07	2.7827269489673e-06	1.0474446978082e-05	0.0001059820853824	0.2097968265482	3.7357808112772e-06	0.029312124808993
12	9.9826348694187	1.6399721956478e-07	2.9143680960534e-06	1.1036179214098e-05	0.00011141552287902	0.20447577530522	3.9137541647401e-06	0.029331030708805
12.2	9.9826455914205	1.7557275493661e-07	3.0869124967062e-06	1.180379018127e-05	0.00011898058002642	0.19635711097078	4.1479708764988e-06	0.029313866990021
12.48	9.9827110539043	1.8474024805591e-07	3.2546782104371e-06	1.2629958991554e-05	0.00012743645726189	0.18544021159466	4.3846470172016e-06	0.029199242547824
12.872	9.9828912303403	1.8489965377016e-07	3.2949850001485e-06	1.3176060780777e-05	0.00013423826819086	0.1711675384834	4.4934408347633e-06	0.028882008852336
13	9.982966154806	1.8363042646402e-07	3.2703414504396e-06	1.3220072523808e-05	0.00013528281732763	0.16678673357439	4.4805146025837e-06	0.028749972743482
13.2	9.983100115525	1.8126202913398e-07	3.2060515216192e-06	1.3173814947082e-05	0.00013580941180149	0.16022344520781	4.4197188275225e-06	0.028517125196868
13.48	9.9833100382664	1.7476552088263e-07	3.0827351735089e-06	1.2936654380644e-05	0.0001347220548481	0.15163836935067	4.2791784593769e-06	0.028149001559734
13.872	9.9836327969368	1.6085453988932e-07	2.8382063050456e-06	1.2306651748854e-05	0.00013020865443566	0.1408495703074	3.9884564018151e-06	0.027581567809927
14	9.9837404388429	1.5654118676807e-07	2.7491544605807e-06	1.2052727194904e-05	0.00012820934741417	0.13763124797536	3.8788022883888e-06	0.027391992891028
14.2	9.9839127895838	1.5075123169763e-07	2.610300412542e-06	1.1628895363241e-05	0.00012468840717853	0.1329003334277	3.7002804516527e-06	0.02709354720459
14.48	9.9841497800821	1.4208205750784e-07	2.4274563634546e-06	1.1027651856174e-05	0.00011935282838186	0.12687628103157	3.4547187819026e-06	0.02667951241581
14.872	9.9844678162482	1.2878103348993e-07	2.1743455343693e-06	1.0165443642064e-05	0.00011140467859482	0.11955023571234	3.1163253917715e-06	0.026121877600874
15	9.9845666000256	1.2503226275657e-07	2.0945171288103e-06	9.8857411701297e-06	0.00010877197297012	0.11740441446924	3.0086546917814e-06	0.025948209325574
15.2	9.9847192779984	1.2021367375187e-07	1.9776633859917e-06	9.4613248682561e-06	0.00010468288773387	0.11428113822755	2.8466676424783e-06	0.025685608211956
15.48	9.9849191251811	1.133698836229e-07	1.8335854845058e-06	8.9141746028395e-06	9.9210872165054e-05	0.11034354135389	2.6410623436172e-06	0.02533801420381
15.872	9.9851765522036	1.0325017604749e-07	1.6467543705879e-06	8.1989335789174e-06	9.196846374005e-05	0.10555056471303	2.3795119680311e-06	0.024887989733405
16	9.9852556958	1.0044324151113e-07	1.5894469977182e-06	7.9764072029026e-06	8.970154885082e-05	0.10412547042139	2.2993549759293e-06	0.024749133883156
16.2	9.9853788695872	9.6860971863289e-08	1.5066221052066e-06	7.6453475101345e-06	8.6277837712808e-05	0.10201824669809	2.1809046204447e-06	0.024539274521424
16.48	9.9855410325793	9.1657495712361e-08	1.4054125279552e-06	7.2260455122377e-06	8.1824504793871e-05	0.099275945632704	2.0330355296879e-06	0.024258674104764
16.872	9.9857579753322	8.3762496468317e-08	1.2733982968203e-06	6.6801338630397e-06	7.604758521841e-05	0.095709442684696	1.8460096868469e-06	0.023880510481084
17	9.9858276557966	8.1535295989655e-08	1.2325251887088e-06	6.5093206196881e-06	7.4246852861968e-05	0.094579706279786	1.7884791206768e-06	0.023758495296654
17.2	9.9859403577179	7.8641662461304e-08	1.1730787780608e-06	6.253962590045e-06	7.1527757639374e-05	0.092830936660741	1.703153830544e-06	0.023567878832042
17.48	9.9860961448063	7.4302093694041e-08	1.0993392224564e-06	5.9267653361309e-06	6.7976539988645e-05	0.090393261689185	1.5956561166449e-06	0.023299157040981
17.872	9.9863215529358	6.7569861821336e-08	1.0003862551717e-06	5.4894130897907e-06	6.3298018869382e-05	0.086906988730234	1.4566317207833e-06	0.02290682751217
18	9.9863979917047	6.5620961602381e-08	9.6914324492576e-07	5.3497911275678e-06	6.1817836128537e-05	0.085731790220337	1.4130920071538e-06	0.022773137408393
18.2	9.986525604402	6.301536615146e-08	9.2314954645523e-07	5.1386006668971e-06	5.956190088186e-05	0.083845627003946	1.3478276860187e-06	0.022557308561368
18.48	9.9867096251656	5.9075195368427e-08	8.6485186964729e-07	4.8627724830145e-06	5.657175269596e-05	0.081099570270797	1.2641353968289e-06	0.022239923370561
18.872	9.9869879502632	5.3026145752341e-08	7.8481504719679e-07	4.485092481353e-06	5.2545996018596e-05	0.077012408183358	1.1531913133966e-06	0.021755710187552
19	9.9870841921832	5.1248619614247e-08	7.5921491878756e-07	4.3628382102098e-06	5.1253855579833e-05	0.075615314491219	1.117909307287e-06	0.021587534643588
19.2	9.9872455965076	4.8820362071378e-08	7.2121581381017e-07	4.1766267439098e-06	4.9270010065791e-05	0.07336331268538	1.0646040862508e-06	0.021313612754003
19.48	9.987480797229	4.5207769974805e-08	6.7235001309967e-07	3.9306917444862e-06	4.6612630762275e-05	0.070084746776588	9.9533783825321e-07	0.020907772971367
19.872	9.9878360671528	3.9872145266937e-08	6.0503577656639e-07	3.5922787091024e-06	4.3000892594144e-05	0.065268861571982	9.0249709517837e-07	0.020290196428254
20	9.9879577616285	3.8307272292779e-08	5.8352033431404e-07	3.4828079399567e-06	4.18377112241e-05	0.063651148157685	8.7286171811735e-07	0.020077816922227
20.2	9.9881595304348	3.6152052461569e-08	5.5159118362613e-07	3.3164304677609e-06	4.0052176661906e-05	0.061077865464728	8.2807602572316e-07	0.019734570396077
20.48	9.9884504186834	3.3031514391107e-08	5.1046556703723e-07	3.0971398307647e-06	3.7661633885787e-05	0.057409916165048	7.6975911368056e-07	0.019232923906258
20.872	9.9888787691702	2.86545623801e-08	4.5465844481875e-07	2.7996123334221e-06	3.443699572472e-05	0.052205280198209	6.920913361502e-07	0.018489472246771
21	9.9890221969246	2.7390880125465e-08	4.3704747508455e-07	2.7046219790021e-06	3.3407373403706e-05	0.050505571176816	6.6750553524976e-07	0.018239589873705
21.2	9.9892558654983	2.5655249268588e-08	4.1112564556435e-07	2.561672198655e-06	3.1838749985133e-05	0.047852974483467	6.3062189943405e-07	0.017841900066869
21.48	9.9895855453386	2.3205999935933e-08	3.7804817138075e-07	2.375638948198e-06	2.9761181901045e-05	0.044176265727886	5.8301173435967e-07	0.017274209183836
21.872	9.9900534058651	1.9943585445207e-08	3.3425976813987e-07	2.129439324476e-06	2.701397067514e-05	0.039167527814116	5.2076988297829e-07	0.016463795095618
22	9.9902056249708	1.9024237589874e-08	3.2070726875888e-07	2.0523740209936e-06	2.6151020214535e-05	0.037581146573888	5.0138024990954e-07	0.016199099957589
22.2	9.9904486943952	1.7772281736408e-08	3.0101612655518e-07	1.9380087685647e-06	2.485193024637e-05	0.035155341657445	4.7263804928548e-07	0.015785854148164
22.48	9.9907822628257	1.6031546402812e-08	2.7625621739582e-07	1.7918192493941e-06	2.3159849623675e-05	0.031890062449535	4.3609244689191e-07	0.015212598677736
22.872	9.9912359286891	1.3808555364313e-08	2.4425978044608e-07	1.6033086491446e-06	2.0975946713364e-05	0.027619994618064	3.8934604817716e-07	0.014428325380245
23	9.9913790324204	1.3199338468151e-08	2.3455055313523e-07	1.5454712990271e-06	2.030236680862e-05	0.026307003455731	3.7503586917622e-07	0.014179933392227
23.2	9.9916027569684	1.2377536758813e-08	2.2063828977373e-07	1.4608300959861e-06	1.930094003828e-05	0.024337920806908	3.5409040229145e-07	0.013800072270037
23.48	9.9919008052307	1.122880401412e-08	2.0338097726452e-07	1.3546094251589e-06	1.8019005247883e-05	0.021759354484402	3.2788097824115e-07	0.013288730848035
23.872	9.9922893537538	9.800822369087e-09	1.8138124343276e-07	1.2207405298285e-06	1.6399508302195e-05	0.018509662201724	2.9492153147694e-07	0.012618115539582
24	9.9924083801017	9.420973517724e-09	1.7480133126225e-07	1.1803717318335e-06	1.5907650147719e-05	0.01753588248393	2.8496755648003e-07	0.0124118309443
24.2	9.9925507388275	8.9392947991047e-09	1.6538142343988e-07	1.1194640425017e-06	1.5166077896824e-05	0.016099461813296	2.7029331976258e-07	0.012102042814327
24.48	9.9927590703813	8.6652736003891e-09	1.5515400102524e-07	1.0669541397884e-06	1.4316331875471e-05	0.01426108265512	2.5428383782995e-07	0.011698527039903
24.872	9.9930298086275	8.4994577779282e-09	1.4743856842549e-07	1.126185734012e-06	1.4097658378981e-05	0.01201363827543	2.4653425414136e-07	0.011205717218194
25	9.9931104791437	8.4084794152185e-09	1.4583993124662e-07	1.1650331503762e-06	1.4239701704123e-05	0.011354406924639	2.4636395900122e-07	0.011062203587949
25.2	9.9932492578627	8.306822130657e-09	1.4349520863326e-07	1.2311016158872e-06	1.461909568194e-05	0.01039510544222	2.4695745403271e-07	0.010854177024193
25.48	9.9934135296359	9.2098975723054e-09	1.4439807999705e-07	1.3036642727323e-06	1.5256377669085e-05	0.0091897961995559	2.4915705391139e-07	0.010590382068581
25.872	9.993610068835	1.0524528287621e-08	1.5944304699998e-07	1.3490068241828e-06	1.6104868834841e-05	0.0077501960547483	2.6162968303302e-07	0.010260072320528
26	9.9936681579735	1.067918125737e-08	1.6532715967619e-07	1.3538477802459e-06	1.6345003848955e-05	0.007334633688341	2.6715796100334e-07	0.010160742963589
26.2	9.9937599476	1.0720687066976e-08	1.7321346661239e-07	1.3531098868713e-06	1.666251333535e-05	0.0067361045666386	2.7572557776935e-07	0.010013836948344
26.48	9.9938721897829	1.1255628064539e-08	1.82477284311e-07	1.3485583872106e-06	1.6996730400855e-05	0.0059948766505802	2.868031736751e-07	0.0098260562156857
26.872	9.9940048026538	1.1960984601515e-08	1.9763235881866e-07	1.3689382196399e-06	1.7476417808386e-05	0.005125773054747	3.0660484152956e-07	0.0095986573526211
27	9.9940429936684	1.2021127028492e-08	2.022434594753e-07	1.3798556337131e-06	1.7645973047597e-05	0.0048778349219775	3.1347134274241e-07	0.0095326768540163
27.2	9.9940952382286	1.1994445601133e-08	2.0796180977429e-07	1.3967020764173e-06	1.7907845732909e-05	0.0045231828288351	3.2334061088497e-07	0.0094374631487464
27.48	9.9941609451325	1.220511099339e-08	2.1372575180288e-07	1.4190885029908e-06	1.8253641752544e-05	0.004087607095165	3.3450723848314e-07	0.0093196174826949
27.872	9.9942382750084	1.2502075046734e-08	2.2162985754101e-07	1.4646259094096e-06	1.8867751587364e-05	0.0035809498696307	3.4939491556334e-07	0.009182849362015
28	9.9942603279884	1.2517431452234e-08	2.239127417342e-07	1.4808300794578e-06	1.9095380627977e-05	0.0034369280028713	3.5398605961874e-07	0.0091441780401687
28.2	9.9942899460718	1.2484293371984e-08	2.2666457561791e-07	1.5040612367758e-06	1.9457130588165e-05	0.0032311837893579	3.6030105104865e-07	0.0090891306221377
28.48	9.9943271351487	1.255984212693e-08	2.2930088579472e-07	1.530083806752e-06	1.9925726153461e-05	0.002978621296501	3.6701991234071e-07	0.0090217497594243
28.872	9.9943712001222	1.2674748692501e-08	2.32823594757e-07	1.5636009455332e-06	2.0556662027241e-05	0.0026841683461522	3.7500091142267e-07	0.0089436125718186
29	9.9943838696778	1.2675488405983e-08	2.3383098581294e-07	1.5736342365322e-06	2.0754797095587e-05	0.0026001489337347	3.7733131547196e-07	0.0089213939974937
29.2	9.994401427217	1.2649327231252e-08	2.350276463537e-07	1.5871672266799e-06	2.104661570039e-05	0.002479690993236	3.8046718003606e-07	0.0088895820968132
29.48	9.9944235076956	1.2648058317684e-08	2.3603521655432e-07	1.6009832793558e-06	2.1393737287247e-05	0.0023308678573327	3.8362850659268e-07	0.0088502144303778
29.872	9.9944501008668	1.2652977993666e-08	2.3705634068194e-07	1.615474208897e-06	2.1791976495094e-05	0.0021552798957088	3.8682034081284e-07	0.0088035771941777
30	9.9944578585299	1.264405250305e-08	2.3730646480564e-07	1.6193388221696e-06	2.1904885631688e-05	0.0021046316859976	3.8765670375451e-07	0.0087900799100574
30.2	9.9944693423361	1.2619790741516e-08	2.3756353525956e-07	1.6242770945863e-06	2.2062856100971e-05	0.0020314181262744	3.8872031474234e-07	0.008770526367027
30.48	9.9944836939745	1.256590187134e-08	2.3754899664961e-07	1.6283506812064e-06	2.2237306843291e-05	0.0019397945412972	3.8957322201427e-07	0.0087458964578368
30.872	9.9945012338784	1.2495852905882e-08	2.3694192935097e-07	1.6293499141002e-06	2.2399238862728e-05	0.0018295176540522	3.8964846965237e-07	0.0087157986042127
31	9.9945064261238	1.2478883963613e-08	2.3669221054028e-07	1.6289977391215e-06	2.2436817466214e-05	0.001797203213971	3.8950872253662e-07	0.0087068798289172
31.2	9.9945148595059	1.2452652686163e-08	2.3631889170923e-07	1.6281022547735e-06	2.248288476793e-05	0.0017499751539401	3.8921041665796e-07	0.0086937690176356
31.48	9.9945252292541	1.236174830743e-08	2.3560475220128e-07	1.6255703269965e-06	2.2520232218985e-05	0.0016899204324136	3.885286185274e-07	0.0086769114647193
31.872	9.9945380209674	1.2240082154945e-08	2.3389949296305e-07	1.6175429269599e-06	2.2507274500545e-05	0.00161599715467	3.8653186417503e-07	0.0086555860513694
32	9.9945418553273	1.221671742987e-08	2.3331348723828e-07	1.614385180719e-06	2.2491092660678e-05	0.0015939770586387	3.8574436941442e-07	0.0086491105353796
32.2	9.9945487104518	1.2187293096958e-08	2.3251167306868e-07	1.6096005342829e-06	2.2458534400274e-05	0.0015614423934152	3.845397394085e-07	0.0086394573309901
32.48	9.9945569695368	1.2071342562726e-08	2.3131964809933e-07	1.6026511149003e-06	2.2400970228204e-05	0.0015194424547282	3.8283177296625e-07	0.0086268141721136
32.872	9.9945671639425	1.191553314038e-08	2.2888818719082e-07	1.5886842969127e-06	2.2270032002903e-05	0.0014666811264932	3.7947022605468e-07	0.0086103210242571
33	9.9945702399483	1.1887577117391e-08	2.2808191031254e-07	1.5836968982416e-06	2.22181505565e-05	0.0014507357456483	3.7826004434334e-07	0.0086052090587409
33.2	9.9945762294431	1.1855308356789e-08	2.269981219932e-07	1.5763777044213e-06	2.2133754891031e-05	0.0014269537006982	3.7646470814295e-07	0.0085975045067681
33.48	9.9945832878967	1.1723624996418e-08	2.2549376286385e-07	1.566559032813e-06	2.2014110877829e-05	0.0013958539967591	3.7408980186187e-07	0.0085872729279128
33.872	9.9945919670581	1.1546825141451e-08	2.2260671735549e-07	1.5488331590807e-06	2.180746666099e-05	0.0013560944192531	3.6986396080122e-07	0.0085736050425743
34	9.9945945924568	1.1515951399397e-08	2.2166419845141e-07	1.5427038592236e-06	2.1732982355804e-05	0.0013439246002079	3.6839006968318e-07	0.0085693028799975
34.2	9.9946000559238	1.148178141576e-08	2.2040608154125e-07	1.5338090932122e-06	2.1615986442539e-05	0.0013256216754497	3.6622790408445e-07	0.0085627676270036
34.48	9.9946063750529	1.1341359824224e-08	2.1871251145797e-07	1.5222268384779e-06	2.1457662052576e-05	0.0013014087498469	3.6344327757378e-07	0.0085540042410891
34.872	9.9946141069949	1.1153181803328e-08	2.1556465643359e-07	1.5022814187404e-06	2.1204998182902e-05	0.0012699488654617	3.5870766757282e-07	0.0085420917557354
35	9.9946164474401	1.112075747603e-08	2.1454588365064e-07	1.4954926804877e-06	2.1117022947001e-05	0.0012602031143784	3.5708187703858e-07	0.0085382997452798
35.2	9.9946215584445	1.1085682488272e-08	2.1319088772714e-07	1.485695879504e-06	2.0980759338013e-05	0.0012454291010304	3.5471043313213e-07	0.0085325071062503
35.48	9.9946273873044	1.0941556066671e-08	2.1139702414279e-07	1.4731289383271e-06	2.0799926834835e-05	0.0012256671623101	3.5169770382625e-07	0.0085246860986174
35.872	9.9946344876855	1.0748780319542e-08	2.0812513469e-07	1.4520338478797e-06	2.0521591263055e-05	0.0011995878430941	3.4669932553289e-07	0.0085139199194381
36	9.9946366378365	1.0715830710596e-08	2.0707190012102e-07	1.4449185474988e-06	2.0426333763697e-05	0.0011914155921672	3.4499893110862e-07	0.0085104650703067
36.2	9.9946414927801	1.0680681940612e-08	2.0567419975945e-07	1.4346842390652e-06	2.0279862809632e-05	0.0011789333896078	3.4252703245746e-07	0.0085051663932638
36.48	9.9946469753811	1.0536332981961e-08	2.0384220789832e-07	1.4216697636092e-06	2.0087487148631e-05	0.0011620630083938	3.3941166748979e-07	0.0084979775096735
36.872	9.9946536307316	1.0343583498854e-08	2.0053976109238e-07	1.4001531901921e-06	1.9797178110676e-05	0.0011394807190714	3.3431895065175e-07	0.0084879943702256
37	9.994655647328	1.0310832788058e-08	1.9948042867386e-07	1.3929363535815e-06	1.9698796322856e-05	0.0011323319652277	3.3259627812409e-07	0.0084847730700162
37.2	9.9946602959104	1.0276229070447e-08	1.9807686341331e-07	1.3825782170412e-06	1.9548170589966e-05	0.0011213416056365	3.3009748615877e-07	0.0084798191307176
37.48	9.994665517153	1.013398001528e-08	1.9624888801946e-07	1.3694782498955e-06	1.9351557002534e-05	0.0011063563103368	3.2696415714466e-07	0.0084730759851001
37.872	9.9946718425206	9.9443059717764e-09	1.929780034998e-07	1.3480246019919e-06	1.9058331711516e-05	0.0010860634616415	3.2188929422314e-07	0.0084636588435047
38	9.994673757348	9.9122415334882e-09	1.9193129783536e-07	1.3408549055608e-06	1.895955974065e-05	0.0010795882133029	3.2017894751726e-07	0.0084606096700465
38.2	9.9946782320864	9.8786108609189e-09	1.905462021478e-07	1.3305798494126e-06	1.8808747964866e-05	0.0010695837307419	3.1770181396992e-07	0.0084559125528924
38.48	9.9946832395094	9.7399503111658e-09	1.8874992730121e-07	1.3176323536539e-06	1.8612669538964e-05	0.0010558533109137	3.1460622038361e-07	0.0084495064588598
38.872	9.9946892951889	9.5552845033933e-09	1.8555056980012e-07	1.2965552867252e-06	1.8322390170035e-05	0.0010371060917417	3.0962192008478e-07	0.0084405313544573
39	9.9946911306573	9.5242182943066e-09	1.8452844551216e-07	1.2895282318344e-06	1.8224985469096e-05	0.0010310916922793	3.0794613698683e-07	0.0084376198819449
39.2	9.9946954424606	9.4918374275016e-09	1.8317734241628e-07	1.2794688165871e-06	1.8076529303918e-05	0.0010217686878585	3.0552177180611e-07	0.0084331309647576
39.48	9.9947002558601	9.3576698049585e-09	1.8143025905242e-07	1.266825315574e-06	1.7884026796079e-05	0.0010089196627179	3.0249939553201e-07	0.0084270029934629
39.872	9.994706071964	9.17916937957e-09	1.7832701890023e-07	1.246320574517e-06	1.7600378318135e-05	0.00099128698366688	2.9765105334891e-07	0.008418404999201
40	9.9947078355667	9.1492875404766e-09	1.7733675115328e-07	1.2394950957544e-06	1.7505434716199e-05	0.00098561228372719	2.9602355570442e-07	0.0084156137181782
40.2	9.9947119915796	9.1183198207355e-09	1.7602905568677e-07	1.2297327517378e-06	1.7360907296747e-05	0.00097679942631918	2.9367106016782e-07	0.0084113087677131
40.48	9.9947166278939	8.989147360094e-09	1.7434158683355e-07	1.2174852974813e-06	1.7173846744885e-05	0.0009646253089404	2.9074345511159e-07	0.0084054303894995
40.872	9.9947222194087	8.8174385297903e-09	1.713485289378e-07	1.1976681170775e-06	1.689904313181e-05	0.00094787476556071	2.8605779054685e-07	0.0083971795687116
41	9.9947239124701	8.7888387240026e-09	1.7039419918721e-07	1.1910782694133e-06	1.6807207296992e-05	0.0009424756479263	2.8448649954017e-07	0.0083945007287502
41.2	9.9947279146444	8.7593648349541e-09	1.69135146237e-07	1.1816596323838e-06	1.6667529908264e-05	0.00093408340145483	2.8221679584362e-07	0.0083903693138421
41.48	9.9947323741872	8.6354168700015e-09	1.6751287709181e-07	1.1698597933902e-06	1.6486987442303e-05	0.00092247822146241	2.7939602497469e-07	0.0083847287042753
41.872	9.994737746062	8.4707676366831e-09	1.6463695060365e-07	1.1507910267781e-06	1.6222257616289e-05	0.0009064932957303	2.7488712735957e-07	0.0083768133415725
42	9.9947393736008	8.4434863879048e-09	1.6372048822136e-07	1.1444541237461e-06	1.6133877709453e-05	0.00090133808984432	2.7337605724497e-07	0.0083742440362392
42.2	9.9947432215879	8.4155281446392e-09	1.6251248915812e-07	1.1354024181367e-06	1.5999537118017e-05	0.0008933226294273	2.7119456057163e-07	0.0083702823457707
42.48	9.9947475063109	8.2968518984985e-09	1.6095773922725e-07	1.1240745318159e-06	1.5826063077108e-05	0.00088223508597667	2.6848629722122e-07	0.00836487527789
42.872	9.9947526582669	8.1392930041772e-09	1.5820115494556e-07	1.1057787813349e-06	1.5571983759405e-05	0.00086695975599629	2.6415982741208e-07	0.0083572910913593
43	9.9947542179131	8.1133255396695e-09	1.5732306242906e-07	1.0997010299609e-06	1.5487211107122e-05	0.00086203317733515	2.6271039836385e-07	0.0083548301833925
43.2	9.9947579109812	8.0868640310454e-09	1.5616665384668e-07	1.0910239610462e-06	1.5358408157963e-05	0.00085437320739494	2.6061887126142e-07	0.0083510366209564
43.48	9.9947620180614	7.9733880530039e-09	1.5467957939758e-07	1.0801743428532e-06	1.5192207754212e-05	0.000843777934888	2.5802455671508e-07	0.0083458610422947
43.872	9.9947669590556	7.8227972750236e-09	1.5204145941863e-07	1.0626524892713e-06	1.4948930677179e-05	0.0008291831865046	2.5388065457305e-07	0.0083386050682874
44	9.9947684509487	7.7981118645456e-09	1.5120131491736e-07	1.0568328754901e-06	1.4867789062492e-05	0.00082447689185972	2.5249259890089e-07	0.0083362515168321
44.2	9.9947719927573	7.7731011829181e-09	1.500958191583e-07	1.0485280788616e-06	1.4744539905917e-05	0.00081716027733801	2.5049043273211e-07	0.0083326243724818
44.48	9.9947759268997	7.664679464224e-09	1.4867518298816e-07	1.0381513963344e-06	1.4585596336731e-05	0.00080704175221322	2.4800877109197e-07	0.0083276776623091
44.872	9.9947806541439	7.5208399931993e-09	1.4615269938025e-07	1.0213892162356e-06	1.435300266401e-05	0.00079310761786029	2.4404405777228e-07	0.0083207454004076
45	9.9947820804796	7.4973882218148e-09	1.4534950283965e-07	1.01582216957e-06	1.4275435314569e-05	0.00078861531067355	2.4271604205533e-07	0.0083184975354335
45.2	9.9947854723879	7.4737657043103e-09	1.4429348491329e-07	1.0078809522459e-06	1.4157639996908e-05	0.00078163231922261	2.4080113736867e-07	0.0083150340297825
45.48	9.9947892380187	7.3702081060405e-09	1.4293719002604e-07	9.9796460882453e-07	1.4005797851822e-05	0.00077197703308758	2.3842912463072e-07	0.0083103119704285
45.872	9.9947937552423	7.2328485497407e-09	1.4052634435773e-07	9.8193865771031e-07	1.3783602421039e-05	0.00075868436970909	2.3463807127933e-07	0.0083036965135535
46	9.9947951199589	7.210572560801e-09	1.397587537252e-07	9.7661586358263e-07	1.3709503635113e-05	0.00075439967217553	2.3336811992592e-07	0.0083015518652448
46.2	9.9947983638489	7.1882662460063e-09	1.3875033410169e-07	9.6902574914407e-07	1.3596992204674e-05	0.00074774015120931	2.3153748582296e-07	0.0082982479766046
46.48	9.9948019605151	7.0893592006518e-09	1.3745578937571e-07	9.595528687191e-07	1.3452013478483e-05	0.00073853355196663	2.2927111112723e-07	0.0082937446651005
46.872	9.9948062772675	6.9581805628125e-09	1.3515193973992e-07	9.4423445286791e-07	1.3239834484936e-05	0.00072586118851669	2.2564696407496e-07	0.0082874368508705
47	9.9948075824213	6.9370180459469e-09	1.344184299616e-07	9.3914607044178e-07	1.3169070694144e-05	0.00072177698707417	2.2443274423689e-07	0.0082853922494721
47.2	9.9948104443286	6.9158344034736e-09	1.3345570451208e-07	9.3188446022886e-07	1.3061607986772e-05	0.00071542960901768	2.2268255191695e-07	0.0082822417279802
47.48	9.9948137317145	6.8199684609969e-09	1.322159397788e-07	9.2291792368495e-07	1.292332519028e-05	0.00070665561218784	2.2052217576143e-07	0.0082779584409344
47.872	9.994817738559	6.6929357569817e-09	1.2999519797603e-07	9.0882157705412e-07	1.2722172634507e-05	0.00069457955379991	2.1708436014066e-07	0.0082720229596952
48	9.9948189504128	6.6726082382713e-09	1.2928743700455e-07	9.0419012216286e-07	1.2655343669205e-05	0.0006906872545933	2.1593413787022e-07	0.0082701121718141
48.2	9.9947796680641	6.6769524644277e-09	1.2829091744029e-07	8.9580216529359e-07	1.2540008860045e-05	0.00068462733965229	2.1409362623431e-07	0.0082669280752183
48.48	9.994755131953	6.9150852278106e-09	1.2816436751303e-07	9.0544833954589e-07	1.2474139063496e-05	0.00067623558968831	2.1370608341157e-07	0.0082646310896563
48.872	9.9947361506571	7.3048487665209e-09	1.3156084593254e-07	1.0144407445974e-06	1.3080721958442e-05	0.00066504508224096	2.2241591229377e-07	0.0082749046947894
49	9.9947306936727	7.3891731099011e-09	1.3304731390798e-07	1.0628738970946e-06	1.3428674643878e-05	0.00066164114988802	2.2659167503702e-07	0.0082811549164155
49.2	9.9947407942556	7.557197493743e-09	1.3514452711324e-07	1.140452936931e-06	1.4075570395549e-05	0.0006565829323587	2.3324895568694e-07	0.0082931774973073
49.48	9.9947409180514	8.635180832046e-09	1.4132251046532e-07	1.2311488040353e-06	1.502740493448e-05	0.00065011099732931	2.4314636170079e-07	0.0083105731589324
49.872	9.9947354354852	1.0127982068208e-08	1.6129966664955e-07	1.3156043156609e-06	1.630365368844e-05	0.00064377157573532	2.6500595739489e-07	0.008327910243788
50	9.9947338167293	1.0390628926139e-08	1.6849614621563e-07	1.3355380301229e-06	1.668776206962e-05	0.00064281454751341	2.7329615790658e-07	0.0083317867459574
50.2	9.9947350343686	1.0655914901623e-08	1.7847349658491e-07	1.359745034095e-06	1.7237069738478e-05	0.00064266309599739	2.8599370193271e-07	0.0083363440705401
50.48	9.9947339322999	1.1510799534059e-08	1.9117387610076e-07	1.3908660431679e-06	1.7908403928611e-05	0.00064545832963926	3.0288069432074e-07	0.0083411486087689
50.872	9.9947298736298	1.2652249486529e-08	2.1194166311867e-07	1.4597700820924e-06	1.8877577661509e-05	0.00065665602192251	3.3123675675465e-07	0.0083484292206486
51	9.9947281832869	1.2857974374535e-08	2.1846584582405e-07	1.4857508235529e-06	1.9206379799939e-05	0.00066229149639518	3.4093224356055e-07	0.0083513175403654
51.2	9.9947202737718	1.306384166403e-08	2.2722589565116e-07	1.5252041883632e-06	1.9714391142655e-05	0.00067322775797531	3.5524263572119e-07	0.0083564185824279
51.48	9.994711498348	1.362483762188e-08	2.3745646605054e-07	1.5778993594217e-06	2.0396987032183e-05	0.00069267683936443	3.7274998642979e-07	0.0083650848738269
51.872	9.9946994827983	1.4390346543875e-08	2.520972028011e-07	1.6655844336719e-06	2.1479411291078e-05	0.0007276204594307	3.9710975002879e-07	0.0083817277451664
52	9.9946954402649	1.4542177152512e-08	2.5655925948706e-07	1.6952503852905e-06	2.1857823614473e-05	0.00074066897781112	4.0482539313442e-07	0.0083880872142703
52.2	9.9946854604457	1.4708092538773e-08	2.625937755866e-07	1.7389363412632e-06	2.2452101615035e-05	0.00076266549042394	4.1595833442165e-07	0.0083987556175578
52.48	9.9946734632283	1.5079977844741e-08	2.6962613981774e-07	1.7923607196729e-06	2.3236904401088e-05	0.00079614094481509	4.2919022689838e-07	0.0084146539931153
52.872	9.9946579958939	1.5588094525538e-08	2.7924137199646e-07	1.8636529100154e-06	2.4304860397378e-05	0.00084689072315097	4.4617891630075e-07	0.0084385337904783
53	9.9946531512667	1.5699774181153e-08	2.8214969563903e-07	1.885632487709e-06	2.4642998502566e-05	0.00086403648972458	4.5136458997193e-07	0.0084465063411875
53.2	9.9946439184744	1.5831057446016e-08	2.8615096701994e-07	1.9171280589734e-06	2.5149528643684e-05	0.00089132362324975	4.588019304517e-07	0.0084590042814212
53.48	9.994632510298	1.6054426827712e-08	2.9077236660311e-07	1.9543512804523e-06	2.5783511835246e-05	0.00092997800645846	4.6756244985705e-07	0.0084762244747308
53.872	9.9946182137265	1.6352313137472e-08	2.9653451621497e-07	1.9994683970185e-06	2.656176331546e-05	0.00098375523307233	4.7805111355943e-07	0.0084995873730187
54	9.9946138665828	1.6426407398244e-08	2.9822862455923e-07	2.0127367410812e-06	2.6792782158627e-05	0.0010009513029539	4.8112665974604e-07	0.0085069343384631
54.2	9.994606820676	1.6519802219122e-08	3.0059928235427e-07	2.0316142784134e-06	2.7128535162712e-05	0.0010274127933939	4.8551190924672e-07	0.0085180880603005
54.48	9.99459788047	1.6620484444358e-08	3.0324730250778e-07	2.0534339701711e-06	2.7534162058156e-05	0.0010632800034781	4.9059209522026e-07	0.0085328556924761
54.872	9.9945868474451	1.6744970588472e-08	3.0593184712387e-07	2.0764187449103e-06	2.7986858726955e-05	0.0011104417573509	4.9589138541688e-07	0.0085517082007981
55	9.9945835670298	1.6784972278738e-08	3.0665743352554e-07	2.0825984697972e-06	2.8111569538163e-05	0.001124946543795	4.9730189903955e-07	0.0085573942976189
55.2	9.9945790986694	1.6841020660946e-08	3.0770782779574e-07	2.09126433335e-06	2.8286062228806e-05	0.0011467118196104	4.9927203578896e-07	0.0085658186324101
55.48	9.994573196724	1.684365101789e-08	3.087532099905e-07	2.1006748205337e-06	2.8485996806642e-05	0.0011752042060025	5.0142586954576e-07	0.0085766058074618
55.872	9.9945660232573	1.6831417734617e-08	3.0903929190346e-07	2.106432597456e-06	2.8665740013183e-05	0.0012108946889499	5.0270305846934e-07	0.0085895659416457
56	9.9945639443795	1.6842829335679e-08	3.090175504698e-07	2.1071760270998e-06	2.870464831668e-05	0.0012214744825619	5.0283994290984e-07	0.0085932930300959
56.2	9.9945619221718	1.6866091542165e-08	3.0904125505333e-07	2.108013053859e-06	2.8751098671455e-05	0.0012369509875074	5.0296336660607e-07	0.0085986523221596
56.48	9.994558961876	1.6794545993126e-08	3.0884526486334e-07	2.1079274692521e-06	2.879028795693e-05	0.0012564617317044	5.0288046867966e-07	0.0086052114608436
56.872	9.9945554579521	1.6680663703657e-08	3.0734939287437e-07	2.1008895942754e-06	2.8763533511279e-05	0.0012795066251003	5.0116929415358e-07	0.008612348644247
57	9.9945544973494	1.6669904648856e-08	3.0677936352255e-07	2.097654756828e-06	2.8738832584571e-05	0.0012860016399348	5.0037439802376e-07	0.0086142203837432
57.2	9.9945545484082	1.6667011483653e-08	3.0604691820836e-07	2.0927752265526e-06	2.8691241165877e-05	0.0012951476884165	4.991507050638e-07	0.0086167429552101
57.48	9.9945541010424	1.6542722490029e-08	3.0494312439684e-07	2.0857878922273e-06	2.8613513748294e-05	0.0013059854676632	4.9744267271937e-07	0.008619498594298
57.872	9.9945536928856	1.6357948565524e-08	3.0219588517647e-07	2.0697281197645e-06	2.8440169574782e-05	0.0013174096733804	4.9362338969196e-07	0.0086216048178323
58	9.9945536640278	1.6331223453447e-08	3.012461865669e-07	2.0637332107562e-06	2.8371065698601e-05	0.0013202683876051	4.9218214483956e-07	0.0086219147517043
58.2	9.9945553445423	1.6309112367343e-08	2.9998924802946e-07	2.0549023974374e-06	2.8258369817907e-05	0.0013238883345414	4.9002815807409e-07	0.0086220849475995
58.48	9.9945568718803	1.6149876873023e-08	2.9826187783181e-07	2.0431786280085e-06	2.810046833055e-05	0.0013273480186288	4.8720517589833e-07	0.0086217469739018
58.872	9.9945588732115	1.5919176440864e-08	2.9469165151703e-07	2.0211313068705e-06	2.7829058980883e-05	0.0013292046736983	4.8198617311581e-07	0.0086198775740251
59	9.9945595590376	1.5881797746844e-08	2.9349637960706e-07	2.0133387655778e-06	2.7730782570954e-05	0.001329135103873	4.801240958214e-07	0.0086189772901229
59.2	9.9945624301111	1.5846640946825e-08	2.9190001853574e-07	2.0019479349463e-06	2.7575712934191e-05	0.001328367392218	4.7736805407852e-07	0.0086173458983799
59.48	9.9945654109001	1.5666295288205e-08	2.897747441289e-07	1.9871874192655e-06	2.736623788103e-05	0.0013260804297392	4.7383053153354e-07	0.0086146753980976
59.872	9.9945691617187	1.540868427131e-08	2.8570820689743e-07	1.9614644542171e-06	2.7033680279008e-05	0.0013206710970653	4.6775198308534e-07	0.0086098801932106
60	9.9945703617924	1.5364828217692e-08	2.8436828509838e-07	1.9525966352096e-06	2.691764328501e-05	0.0013184166979878	4.6563837810359e-07	0.0086081044175229
