# Time [h]	Carbondioxide [NL]	Methane [NL]	Hydrogen [NL]	Sum [NL]
0.2	1.8055506122518	8.2085040854004	0.00090056829985433	10.014955265952
0.48	4.1038857585685	9.33239360111	0.0015485292143574	13.437827888893
0.872	6.2705573755727	11.248099762517	0.0022139939981353	17.520871132088
1	6.6780023023173	11.759552773133	0.0023939302265207	18.439949005677
1.2	8.5441132612748	15.00105199363	0.0027826462021182	23.547947901106
1.48	8.9589461088616	15.614558712855	0.00309949768841	24.576604319405
1.872	9.6382831744609	17.004932704468	0.0034470899261321	26.646662968855
2	9.8503215441688	17.467879849223	0.0035554921869057	27.321756885579
2.2	10.919406757698	20.102124763695	0.0037130059580882	31.02524452735
2.48	11.101012744256	20.466154133038	0.0038405072378386	31.571007384531
2.872	11.311617184062	21.200144439708	0.0039724030561729	32.515734026826
3	11.367314968485	21.437100189386	0.0040114981592101	32.80842665603
3.2	11.734962129244	23.224968014363	0.0040572866210519	34.963987430228
3.48	11.729414553494	23.272023549437	0.0040954625633276	35.005533565495
3.872	11.72888008834	23.631001654563	0.0041354396214299	35.364017182524
4	11.728422970847	23.760011209196	0.0041478582593357	35.492582038302
4.2	11.834752955792	24.951034563975	0.0041640441144308	36.789951563881
4.48	11.817304110675	24.992509578825	0.0041814456647884	36.813995135165
4.872	11.804627929252	25.288867461946	0.0042042448483465	37.097699636046
5	11.801442117854	25.394126744938	0.0042116895111871	37.199780552303
5.2	11.843162853087	26.231420853885	0.0042204773328529	38.078804184305
5.48	11.83373195215	26.306209977532	0.0042325679859483	38.144174497669
5.872	11.827258291893	26.579215936291	0.0042497958273207	38.410724024012
6	11.82588999213	26.673744248134	0.0042554729423976	38.503889713206
6.2	11.848062189591	27.299669800319	0.0042624235895413	39.1519944135
6.48	11.844518509648	27.394278168301	0.004272061796848	39.243068739746
6.872	11.843762549518	27.646123676504	0.0042861384028452	39.494172364425
7	11.844034171551	27.731682180596	0.0042907911220862	39.580007143269
7.2	11.860529917993	28.231653716648	0.0042974640475268	40.096481098689
7.48	11.860848668126	28.329126261928	0.004305453494732	40.194280383549
7.872	11.864523642627	28.552648756186	0.004317222795672	40.421489621609
8	11.866088869149	28.627413471225	0.0043211266686265	40.497823467042
8.2	11.882138030769	29.05313209281	0.0043279894488092	40.939598113028
8.48	11.885147998144	29.134956749491	0.0043346347079458	41.024439382344
8.872	11.892248107576	29.315288905651	0.0043444295093668	41.211881442736
9	11.89481593704	29.374703145312	0.0043476858084303	41.27386676816
9.2	11.912502096514	29.757508172093	0.0043547596013033	41.674365028209
9.48	11.917179774454	29.804316024836	0.0043601885157394	41.725855987806
9.872	11.926253924634	29.927318710232	0.0043679617969037	41.857940596663
10	11.929311521582	29.967818378104	0.0043704962437008	41.901500395929
10.2	11.948664530463	30.330093500755	0.0043772368359572	42.283135268055
10.48	11.953682112232	30.336170254342	0.0043810858389453	42.294233452413
10.872	11.962917374946	30.412904657203	0.0043862219961722	42.380208254145
11	11.965886773042	30.439576434594	0.0043878575387378	42.409851065174
11.2	11.986240356029	30.803237796367	0.0043935645130707	42.793871716909
11.48	11.990862437773	30.784333704254	0.0043957836714115	42.779591925699
11.872	11.999561782369	30.840974014825	0.0043988667576846	42.844934663952
12	12.002297986629	30.862103232976	0.0043999015716679	42.868801121177
12.2	12.023522741103	31.239676652606	0.0044051524149631	43.267604546124
12.48	12.027623559283	31.209455816281	0.0044067367180025	43.241486112282
12.872	12.035614537296	31.259055075668	0.0044090009296862	43.299078613894
13	12.038091812478	31.278315728734	0.0044097942726887	43.320817335485
13.2	12.059893647689	31.670313352636	0.0044152599358552	43.734622260261
13.48	12.063413943088	31.633870696747	0.0044167990325413	43.701701438868
13.872	12.070584949739	31.679816974361	0.0044187714341493	43.754820695534
14	12.072784896927	31.698095128827	0.0044194598272303	43.775299485581
14.2	12.094777358853	32.100447593024	0.0044251190219942	44.199650070899
14.48	12.097751337264	32.059745132125	0.0044266626971568	44.161923132086
14.872	12.104162718742	32.102866360424	0.0044284569560803	44.211457536122
15	12.106117291726	32.120345516588	0.0044290771117081	44.230891885425
15.2	12.128072564941	32.52885379172	0.0044344961174978	44.661360852778
15.48	12.130621182256	32.484952740761	0.0044358784942193	44.620009801512
15.872	12.1364531472	32.525434572629	0.0044374706701072	44.666325190499
16	12.138225943706	32.542118466881	0.0044380261637602	44.684782436751
16.2	12.160087624249	32.953741855645	0.0044426941438179	45.118272174038
16.48	12.162351164499	32.907087533704	0.004443714597379	45.073882412801
16.872	12.167800852691	32.944652704031	0.0044450389149163	45.116898595637
17	12.16945590082	32.960409728029	0.0044455199693458	45.134311148819
17.2	12.19127675138	33.373368100856	0.0044490221332549	45.56909387437
17.48	12.193369142139	33.323803975116	0.0044495208376927	45.521622638093
17.872	12.198590598365	33.357713326718	0.0044505089136154	45.560754433997
18	12.200175207756	33.372276437897	0.0044509012803937	45.576902546933
18.2	12.222061125821	33.785817891112	0.0044530039256317	46.012332020859
18.48	12.224051760546	33.732664686381	0.0044529011856566	45.961169348112
18.872	12.229132337518	33.761774541038	0.004453508622911	45.995360387179
19	12.230670765852	33.774757836669	0.0044538004792956	46.009882403001
19.2	12.252737518736	34.188849032508	0.0044545201633198	46.446041071407
19.48	12.2546451986	34.131040474434	0.004453851837674	46.390139524872
19.872	12.259595164653	34.153926145825	0.0044540829789992	46.417975393457
20	12.261085704998	34.164864030751	0.0044542714427389	46.430404007192
20.2	12.283418141599	34.579877049582	0.0044539169571123	46.867749108138
20.48	12.285208808555	34.516172823491	0.0044528523365749	46.805834484383
20.872	12.289956871462	34.531384031243	0.0044527752438814	46.82579367795
21	12.291370807523	34.539817062815	0.004452871002809	46.835640741341
21.2	12.313985298389	34.956245919596	0.0044519759133526	47.274683193899
21.48	12.315579045783	34.885569015586	0.0044507757296151	47.205598837098
21.872	12.319987920447	34.892056859219	0.0044505080751758	47.216495287742
22	12.321275923764	34.897673160259	0.004450534251462	47.223399618275
22.2	12.344106373397	35.315917954474	0.0044496446977659	47.664473972569
22.48	12.345404450014	35.237756901006	0.0044485538259416	47.587609904846
22.872	12.349321259784	35.235312404719	0.004448217125629	47.589081881629
23	12.350431842055	35.238083105551	0.0044482010817934	47.592963148688
23.2	12.373364628885	35.658347660438	0.004447675264592	48.036159964588
23.48	12.374298402257	35.573025002459	0.004446832211248	47.951770236927
23.872	12.377633643075	35.562456151327	0.0044465092180141	47.94453630362
24	12.378539706189	35.562675288032	0.0044464733471106	47.945661467568
24.2	12.402709763322	35.988571675841	0.0044530097411348	48.395734448904
24.48	12.404624211929	35.902760821741	0.0044540535903043	48.31183908726
24.872	12.409802363666	35.895989259103	0.0044541076170998	48.310245730386
25	12.411295870008	35.897642186161	0.0044541167062471	48.313392172875
25.2	12.436607391202	36.335376514626	0.0044562331930928	48.776440139021
25.48	12.437386028202	36.243071667201	0.0044561652527272	48.684913860656
25.872	12.440535216163	36.228613080355	0.0044560278196053	48.673604324337
26	12.441348408455	36.227865174869	0.0044560058536308	48.673669589178
26.2	12.465681012343	36.667513109243	0.0044596396379244	49.137653761224
26.48	12.465810462377	36.570978204918	0.004460025694411	49.04124869299
26.872	12.468105848989	36.552471733463	0.0044599393100362	49.025037521762
27	12.468655370028	36.550488732222	0.0044599111559049	49.023604013405
27.2	12.492769471385	36.990729773765	0.0044644723801448	49.48796371753
27.48	12.492839267225	36.892942570905	0.0044651550158614	49.390246993146
27.872	12.495123853995	36.873804002871	0.0044651279439626	49.373392984811
28	12.49567171222	36.87166648942	0.0044651055880444	49.371803307228
28.2	12.519977950031	37.313531631283	0.0044692576265545	49.83797883894
28.48	12.52003942306	37.215211596991	0.0044698876382683	49.739720907689
28.872	12.522315585954	37.195921339619	0.0044698705242074	49.722706796097
29	12.52285689173	37.193765218599	0.0044698519136769	49.721091962243
29.2	12.547303386791	37.637259137291	0.0044735385337576	50.189036062615
29.48	12.547316360654	37.538451268429	0.0044740848379367	50.09024171392
29.872	12.549518199689	37.518903159661	0.0044740648408231	50.072895424191
30	12.5500330189	37.516684085924	0.0044740474365881	50.07119115226
30.2	12.574527923471	37.961333762831	0.0044773644280652	50.54033905073
30.48	12.574469865118	37.862016941136	0.0044778399476003	50.440964646201
30.872	12.576564249416	37.84205135611	0.0044778125366737	50.423093418063
31	12.577043314012	37.839710173281	0.0044777945966615	50.42123128189
31.2	12.601515701962	38.284945720778	0.0044808306448184	50.890942253385
31.48	12.601382158851	38.185122116678	0.0044812510516304	50.79098552658
31.872	12.603361062773	38.164617865639	0.0044812147740385	50.772460143186
32	12.603802546437	38.162109157557	0.004481195342677	50.770392899337
32.2	12.628203886968	38.607419468728	0.0044840145491072	51.240107370245
32.48	12.627999236789	38.507110748546	0.0044843920440027	51.139594377379
32.872	12.629866735507	38.48598987141	0.0044843467885568	51.120340953705
33	12.630272295035	38.483283468557	0.0044843254374787	51.118040089029
33.2	12.654570888063	38.928262059896	0.0044869719734845	51.587319919933
33.48	12.654302571096	38.82749817535	0.0044873153051436	51.486288061752
33.872	12.656067257338	38.805715782035	0.00448726155308	51.466270300926
34	12.656439795621	38.802793386614	0.0044872381625025	51.463720420398
34.2	12.680615793646	39.247138591882	0.0044897425880724	51.932244128115
34.48	12.680291558212	39.145950552965	0.0044900580015501	51.830732169179
34.872	12.681962896537	39.123484541413	0.004489996480687	51.809937434431
35	12.68230549996	39.120336238428	0.0044899710982251	51.807131709486
35.2	12.706347238837	39.563835555064	0.0044923550714003	52.274675148973
35.48	12.70597403025	39.462252017353	0.0044926471353066	52.172718694738
35.872	12.707560821373	39.439095482211	0.0044925786592395	52.151148882243
36	12.70787632012	39.435717098468	0.0044925514179154	52.148085970006
36.2	12.731777719723	39.878228346311	0.0044948307760163	52.614500896809
36.48	12.731361359391	39.776274573565	0.0044951029456157	52.512131035901
36.872	12.732871231058	39.752430757071	0.0044950283370083	52.489797016465
37	12.733162061687	39.748822048441	0.0044949994097013	52.486479109538
37.2	12.756920803184	40.190256108446	0.0044971861019434	52.951674097732
37.48	12.756466014943	40.087954130098	0.0044974410701284	52.848917586111
37.872	12.757905377106	40.063433148007	0.0044973611212642	52.825835886234
38	12.758173580918	40.059596580538	0.0044973306955763	52.822267492152
38.2	12.781789835329	40.4999031194	0.0044994339932429	53.286192388722
38.48	12.78130040303	40.39727233078	0.0044996739052793	53.183072407715
38.872	12.782674589391	40.372088991954	0.0044995893563706	53.159263170701
39	12.782921863932	40.368028902738	0.0044995576204933	53.15545032429
39.2	12.806397411341	40.807185175949	0.0045015848947317	53.618084172185
39.48	12.805876366759	40.704242981627	0.0045018114849464	53.51462115987
39.872	12.807189830104	40.678415256074	0.0045017230127091	53.490106809191
40	12.807417594356	40.674137251563	0.0045016901474302	53.486056536066
40.2	12.830755219865	41.112139621474	0.0045036473901335	53.947398488729
40.48	12.830205016919	41.008901956531	0.0045038620760503	53.843610835527
40.872	12.831461518661	40.982449845469	0.0045037702894102	53.818415134419
41	12.831670974431	40.977960355777	0.0045037364637572	53.814135066672
41.2	12.854874059098	41.414818041583	0.0045056286506854	54.274197729332
41.48	12.854296718391	41.311299736542	0.0045058326031129	54.170102287537
41.872	12.85549948918	41.284244419818	0.0045057380440002	54.144249647042
42	12.855691672219	41.279550364938	0.0045057034131634	54.13974774057
42.2	12.878763920028	41.715280948854	0.0045075347640157	54.598552403646
42.48	12.878161141151	41.61149596228	0.0045077289616059	54.494164832392
42.872	12.879313007256	41.583859158406	0.0045076321090166	54.467679797771
43	12.879488826967	41.578967700793	0.004507596813726	54.462964124573
43.2	12.902434085441	42.013593969366	0.0045093709804466	54.920537425788
43.48	12.901807330521	41.909555528026	0.0045095562525202	54.815872414799
43.872	12.902910808743	41.88135902576	0.0045094575282765	54.788779292031
44	12.903071077729	41.87627739153	0.0045094216950704	54.783857890955
44.2	12.925893222105	42.309825161808	0.0045111418980592	55.240229525811
44.48	12.92524377612	42.205545844142	0.0045113189577789	55.135300939219
44.872	12.926301142987	42.176811172216	0.0045112187328133	55.107623533936
45	12.926446598437	42.171546526341	0.004511182474811	55.102504307254
45.2	12.94914945845	42.604043179121	0.0045128516008543	55.557705489172
45.48	12.948478471936	42.499534967402	0.0045130210704062	55.452526460409
45.872	12.949491813293	42.470283172152	0.0045129196708401	55.424287905116
46	12.949623132247	42.464842534894	0.0045128830887564	55.41897855023
46.2	12.972210447151	42.896316043756	0.0045145037610651	55.873040994668
46.48	12.971518966142	42.791590360431	0.0045146661904449	55.767623992764
46.872	12.972490212491	42.761841864356	0.0045145639030934	55.73884664075
47	12.972608022697	42.756232058101	0.0045145270863319	55.733354607884
47.2	12.995091706582	43.186733041908	0.0045161247386108	56.186340873228
47.48	12.994389100973	43.081832994805	0.0045162861244507	56.080738381903
47.872	12.995334239276	43.051665052001	0.0045161842150944	56.051515475492
48	12.995443637171	43.04591180995	0.0045161473969199	56.045871594518
48.2	13.019165016313	43.479349325379	0.0045240208321739	56.503038362524
48.48	13.019858728473	43.380099716285	0.0045256422366744	56.404484086995
48.872	13.02321862116	43.360040802985	0.0045258052625956	56.387785229408
49	13.024104171618	43.357654604386	0.004525806427078	56.386284582431
49.2	13.048837684554	43.800027918756	0.0045290429490706	56.853394646259
49.48	13.048650462822	43.698658070082	0.0045294649240006	56.751837997828
49.872	13.050426435449	43.675341599643	0.00452943661648	56.730297471708
50	13.050793932451	43.671911637036	0.0045294159698207	56.727234985457
50.2	13.074607666326	44.113884603377	0.0045340685175604	57.193026338221
50.48	13.074110122482	44.011848776986	0.0045348392729006	57.09049373874
50.872	13.075521391265	43.988034079899	0.0045348418807111	57.068090313044
51	13.07578570012	43.984450287944	0.0045348181262671	57.064770806191
51.2	13.099493523386	44.425625806619	0.004540257389094	57.529659587395
51.48	13.099172478359	44.324820485918	0.0045412406086121	57.428534204885
51.872	13.100903978444	44.302834515145	0.004541286564445	57.408279780153
52	13.101274639289	44.299847018542	0.0045412701785025	57.40566292801
52.2	13.125248898699	44.741743080822	0.0045462214345604	57.871538200956
52.48	13.125079572033	44.642118255022	0.0045471035583168	57.771744930613
52.872	13.127031994489	44.621710513361	0.0045471516590504	57.753289659508
53	13.127471478108	44.619234597308	0.0045471407135923	57.75125321613
53.2	13.151643207987	45.062192512719	0.0045515391214066	58.218387259828
53.48	13.151536917533	44.963276638137	0.0045522955886861	58.119365851259
53.872	13.153575073177	44.943834122535	0.0045523342265135	58.101961529939
54	13.154040589291	44.941671057437	0.0045523256829697	58.100263972411
54.2	13.17830316127	45.385436284445	0.0045562592922101	58.568295705007
54.48	13.178201463596	45.286837676162	0.004556906001671	58.46959604576
54.872	13.180239953899	45.267822644506	0.0045569301176563	58.452619528522
55	13.180705034264	45.265796991031	0.0045569214766045	58.451058946771
55.2	13.204972278414	45.70991796549	0.0045604836411507	58.919450727545
55.48	13.204844437097	45.611368439222	0.0045610408104809	58.820773917129
55.872	13.206836962784	45.592373931962	0.0045610485307248	58.803771943277
56	13.207287255473	45.590351717634	0.0045610381555803	58.802200011263
56.2	13.231497125993	46.034369353849	0.0045643056739824	59.270430785517
56.48	13.231329118895	45.935694847883	0.0045647914265628	59.171588758205
56.872	13.233252973899	45.916430609953	0.004564782800533	59.154248366653
57	13.233681386197	45.914315596393	0.0045647697942657	59.152561752385
57.2	13.257791641235	46.357840298163	0.0045678019352517	59.620199741333
57.48	13.257578477865	46.258931662084	0.0045682311467616	59.521078371095
57.872	13.259424159686	46.239199907499	0.0045682072983426	59.503192274483
58	13.259827674305	46.236926166961	0.0045681912887517	59.501322032555
58.2	13.283810967441	46.67965869523	0.0045710325178497	59.968040695189
58.48	13.283552194282	46.580450502872	0.0045714168643281	59.868574114018
58.872	13.285317239352	46.5601229904	0.0045713793991344	59.850011609152
59	13.285695029181	46.557647594558	0.0045713603452693	59.847913984085
59.2	13.309534732217	46.999374219354	0.004574043529242	60.3134829951
59.48	13.309231972351	46.899830137285	0.0045743919162173	60.213636501553
59.872	13.310917469402	46.878829055793	0.0045743425540676	60.19432086775
60	13.311269827462	46.876125850562	0.0045743206028716	60.191969998627
