# Time [h]	FOS [g/L]	COD [g/L]	pH [1]
0.2	1.2571575002536	1.1404447510351	1.8418341219274
0.48	1.0523830770621	1.0539706179976	2.0837007461071
0.872	0.80964329242897	0.94425935293229	1.4070668837011
1	0.74116579815399	0.91293038158643	1.342353709056
1.2	0.60610862838207	0.88217510956222	1.2352611681466
1.48	0.44334232676848	0.8430566869384	1.183702941423
1.872	0.27224496469526	0.81060215150253	1.1120875549249
2	0.2297492596909	0.80490063427639	1.0943071676332
2.2	0.15633884915931	0.80760004250934	1.0706561051155
2.48	0.090336040071411	0.81772460311899	1.0441831562344
2.872	0.051852080438115	0.85513522452138	1.016567785016
3	0.04634734502139	0.87147062737488	1.0092762676359
3.2	0.036730827851505	0.90773698949718	0.99930313554775
3.48	0.030777053237894	0.95795620947273	0.98775795836777
3.872	0.02863237395579	1.0274360866557	0.97527021386356
4	0.028482730154253	1.0485822833541	0.97189726562951
4.2	0.026644208216084	1.0809395554116	0.96723241675973
4.48	0.025480568674642	1.1186624900032	0.96175893380412
4.872	0.025156647153739	1.1618990808711	0.95575139220703
5	0.025168842358232	1.1737997376391	0.95411344838883
5.2	0.024261188237112	1.1847576076266	0.95183775535358
5.48	0.023686050843377	1.1942640254133	0.9491526635288
5.872	0.023531300428391	1.2013867080325	0.94618788562773
6	0.023539739135382	1.2025825236245	0.94537645990193
6.2	0.023021883875495	1.1926879581721	0.94424737274556
6.48	0.022680903502605	1.1760880818819	0.94291332443571
6.872	0.022578616473033	1.1517955043953	0.94143966907687
7	0.022582458353535	1.1439934922464	0.94103646234262
7.2	0.022296698216881	1.118451989452	0.94047624473993
7.48	0.022098399259709	1.0828158745868	0.9398167871913
7.872	0.022060641152551	1.0367653163703	0.9390943455607
8	0.022078953880735	1.0229845687677	0.93889818667978
8.2	0.021981595920667	0.98913459512283	0.93862787933338
8.48	0.021946449525323	0.94419871486466	0.93831474118983
8.872	0.022095307646284	0.8890808976063	0.93798210853514
9	0.022177384854476	0.87316459362461	0.93789419271841
9.2	0.022299267793484	0.83885377426129	0.93777607953523
9.48	0.022532494835512	0.79464157696823	0.93764527862041
9.872	0.023026432437128	0.7423769840321	0.93751654912099
10	0.023210333195495	0.72763200994277	0.93748457051942
10.2	0.023518059794128	0.69836910776568	0.93744365745606
10.48	0.023936657212486	0.66100379205921	0.93740167623526
10.872	0.024487823210927	0.61717754161684	0.937364550461
11	0.02464791119852	0.60480029061672	0.93735603463408
11.2	0.024843288560656	0.58186140433857	0.93734572429036
11.48	0.025018999171458	0.55224233303404	0.93733609195133
11.872	0.025113677383674	0.51728357427933	0.93732887204518
12	0.025116956331869	0.50736202670409	0.93732747640914
12.2	0.025027455412866	0.49028365715885	0.93732610058764
12.48	0.024841869405574	0.4680068014614	0.93732549329455
12.872	0.024526394202143	0.44194248733441	0.93732626346837
13	0.024419986139107	0.43460722844967	0.93732672301266
13.2	0.024164466661369	0.42279673535097	0.93732765110736
13.48	0.02381463019981	0.40721400564533	0.93732931264022
13.872	0.023372419737607	0.38931520224846	0.93733195863877
14	0.023242380448235	0.38434998248667	0.93733281990619
14.2	0.022959969203803	0.37657454045518	0.93733421086919
14.48	0.022606871541274	0.36599462703836	0.93733625073622
14.872	0.022198789975831	0.35394403064409	0.93733905735412
15	0.022084430609167	0.35062115881141	0.93733991629383
15.2	0.021825878120676	0.34506223115547	0.93734127747102
15.48	0.021511366368893	0.33706062975357	0.93734325534571
15.872	0.021154247766827	0.327740873371	0.93734596474781
16	0.021054463819949	0.32512725575162	0.93734679516154
16.2	0.020808009203739	0.32000117136121	0.93734814706273
16.48	0.020504323646899	0.31230074981778	0.93735020960474
16.872	0.020147679330518	0.30295919741859	0.93735318331917
17	0.020045120312285	0.30026450256798	0.93735412225944
17.2	0.019778702500109	0.29435333912169	0.93735570319365
17.48	0.019440903125629	0.28547808253117	0.93735823061112
17.872	0.019026097670253	0.27446367435081	0.93736204695339
18	0.018903303782734	0.27124047893327	0.93736328247496
18.2	0.018589872724304	0.26411459541882	0.93736538875636
18.48	0.018184458258266	0.25362979398308	0.93736879972404
18.872	0.017674061215715	0.24061114236558	0.93737403310849
19	0.01752103180124	0.23680375772135	0.93737574372775
19.2	0.017150034548967	0.22876796295986	0.93737864283992
19.48	0.016667699927602	0.21717276899801	0.93738328359303
19.872	0.016058564037627	0.20294199875335	0.93739036414987
20	0.015876139622077	0.19881661975105	0.93739267659805
20.2	0.015458392466879	0.19065490415772	0.93739653952978
20.48	0.014919271341977	0.17902262902835	0.93740258054444
20.872	0.014247150555971	0.16499881681347	0.93741163167729
21	0.014047957404464	0.16098754057235	0.93741456582424
21.2	0.013614939519914	0.15359733853249	0.93741937789739
21.48	0.013065552721855	0.14308507407344	0.93742668490358
21.872	0.012397019947359	0.13067902296013	0.93743734112421
22	0.012202177972608	0.12718827353183	0.93744075205212
22.2	0.011796135304842	0.12123351603556	0.93744623338875
22.48	0.01129313090458	0.1126401212113	0.93745429167161
22.872	0.01069975447543	0.10272596200291	0.93746566482595
23	0.010530263654227	0.099986736573906	0.93746924538369
23.2	0.010188900759	0.095711524965221	0.93747488207159
23.48	0.0097762803708911	0.089270883601699	0.93748290736232
23.872	0.009304312390685	0.08199723887066	0.93749385446228
24	0.0091720962727105	0.080024710812744	0.93749723941735
24.2	0.0093856396231516	0.07772340769138	0.93750205866368
24.48	0.0094300188136341	0.073622762953384	0.93750798568905
24.872	0.0092928908315663	0.068982859075565	0.93751536607543
25	0.0092334238694426	0.067733339958503	0.93751759225206
25.2	0.0089009420784952	0.066281013856949	0.93752109510801
25.48	0.0086058929615084	0.063273501360198	0.93752610306306
25.872	0.008341913000293	0.059988162097111	0.93753278513345
26	0.0082752943169705	0.059134723189761	0.93753480990429
26.2	0.0081237377422239	0.058575629954418	0.93753784084936
26.48	0.0079828851911057	0.05663224789504	0.93754184286234
26.872	0.0078429981806219	0.054537240936082	0.93754685555932
27	0.0078055513214361	0.054007201711312	0.93754833384299
27.2	0.0077945030693299	0.054073849601597	0.9375504376401
27.48	0.0077666208842692	0.052849006885523	0.93755301946419
27.872	0.0077138614161201	0.051517360242127	0.93755609091861
28	0.0076964478879561	0.051188456831982	0.93755698023141
28.2	0.00769826379518	0.051565953053529	0.93755823381357
28.48	0.0076870385876888	0.050701404840394	0.93755975744129
28.872	0.0076581757780537	0.049757878095781	0.93756155985096
29	0.0076481330084172	0.049532484562904	0.93756208069487
29.2	0.0076434813394744	0.05006404226893	0.93756282265406
29.48	0.0076312301436656	0.049380650858942	0.93756374177852
29.872	0.0076096629466877	0.048637300074133	0.93756484505017
30	0.0076027112257223	0.048466134812809	0.93756516523638
30.2	0.0075904617636118	0.049078307920875	0.93756563382584
30.48	0.0075744293518044	0.048490724984651	0.93756623858042
30.872	0.0075549431614769	0.047855514180838	0.93756698372911
31	0.0075493641628825	0.047714038448103	0.93756720127493
31.2	0.0075311978265054	0.04837100445152	0.93756753217193
31.48	0.0075117177069727	0.04783748288749	0.9375679819401
31.872	0.0074926173997091	0.047264505711735	0.93756855129077
32	0.0074876814306862	0.04714032685588	0.93756871810164
32.2	0.0074654648589796	0.047823828551759	0.93756898186168
32.48	0.0074435124281109	0.047323174236536	0.93756935736118
32.872	0.0074243852072731	0.04678857473995	0.93756984178743
33	0.0074197877168717	0.046675144217104	0.93756998367373
33.2	0.0073950455547738	0.047375174881872	0.93757021473494
33.48	0.0073715678059625	0.046895801190895	0.93757055431954
33.872	0.007352435344316	0.046386155586309	0.93757099662968
34	0.0073480502823092	0.046279715151733	0.93757112582112
34.2	0.0073219083759337	0.046990283248558	0.93757134012854
34.48	0.0072976521377338	0.046525264503449	0.93757166095753
34.872	0.0072786458988026	0.046032357757629	0.93757208025725
35	0.0072744199182042	0.045930572754127	0.93757220230265
35.2	0.0072476721807457	0.046647876597077	0.93757240684404
35.48	0.0072231803388145	0.046192835270638	0.93757271602315
35.872	0.0072044353917711	0.045711415494741	0.93757312021722
36	0.0072003458696666	0.045612783198572	0.93757323748427
36.2	0.0071735398692489	0.046334399779172	0.93757343505149
36.48	0.0071491940814318	0.045886565145514	0.93757373507493
36.872	0.007130824440063	0.045413302331943	0.93757412688591
37	0.0071268634443092	0.045316869053096	0.93757424024084
37.2	0.0071003720487638	0.046041317118221	0.93757443168457
37.48	0.0070764369279917	0.045599010287982	0.93757472297136
37.872	0.0070585343890207	0.045131891143936	0.93757510274794
38	0.0070547018000531	0.045037081077817	0.93757521234725
38.2	0.0070287752493663	0.045763520040062	0.93757539762988
38.48	0.0070054318065935	0.045325795467114	0.93757567969948
38.872	0.0069880682621323	0.044863687818244	0.93757604674866
39	0.0069843678308913	0.044770177454535	0.93757615242507
39.2	0.0069591696619491	0.045498176026262	0.9375763311313
39.48	0.0069365382163622	0.045064547242446	0.93757660317459
39.872	0.0069197670823342	0.044606866744527	0.93757695643521
40	0.006916203677401	0.044514488857248	0.93757705790001
40.2	0.0068918354572142	0.045243852036462	0.93757722950367
40.48	0.006869991300208	0.044814089391863	0.9375774906803
40.872	0.006853848491389	0.04436055692614	0.93757782908603
41	0.0068504262390186	0.044269231254562	0.93757792604163
41.2	0.0068269450409609	0.044999881919683	0.9375780900516
41.48	0.0068059297420625	0.044573876941874	0.93757833964788
41.872	0.0067904351132282	0.044124358291281	0.93757866232038
42	0.0067871563736368	0.044034046129515	0.93757875452106
42.2	0.006764587525926	0.044765952842284	0.93757891055653
42.48	0.0067444176215171	0.044343637865148	0.9375791480592
42.872	0.0067295771679188	0.043898049864757	0.93757945439389
43	0.0067264422024458	0.043808727654794	0.93757954167304
43.2	0.0067047887803567	0.044541866546291	0.93757968949268
43.48	0.0066854626837436	0.044123174209595	0.93757991460778
43.872	0.0066712712630259	0.043681437760398	0.93758020428941
44	0.006668278366585	0.043593083895734	0.9375802865647
44.2	0.0066475282799412	0.044327422440934	0.93758042606603
44.48	0.0066290317715696	0.043912270124756	0.9375806387037
44.872	0.0066154759266349	0.043474291968868	0.93758091167974
45	0.0066126218000006	0.043386881615645	0.93758098894535
45.2	0.0065927530212022	0.044122374543031	0.93758112014736
45.48	0.0065750635054102	0.043710662119466	0.93758132038884
45.872	0.0065621240338909	0.043276331749515	0.93758157682265
46	0.0065594042252136	0.043189835853008	0.93758164913532
46.2	0.006540388564453	0.04392642663645	0.93758177215388
46.48	0.0065234782562262	0.043518039943111	0.93758196021277
46.872	0.0065111323307453	0.043087232954287	0.93758220043154
47	0.0065085416446138	0.043001619023407	0.93758226789522
47.2	0.006492756987825	0.043741145538346	0.93758238089319
47.48	0.0064781725997133	0.043337725953685	0.93758255077039
47.872	0.0064672065378329	0.042911745057136	0.93758276508885
48	0.006464867479595	0.042827275511763	0.93758282474858
48.2	0.006900249497172	0.043972413414243	0.93758249204241
48.48	0.0072024226900526	0.043953740153378	0.93758129439489
48.872	0.0073679406547893	0.043856049261946	0.93757928475827
49	0.0073953327935462	0.043843508136696	0.93757865834871
49.2	0.0072431353540985	0.044635473946108	0.93757784073288
49.48	0.0071636494227643	0.044268309438071	0.93757702820414
49.872	0.0071370664383762	0.043891543964078	0.93757620684721
50	0.007135241951396	0.043824354949423	0.93757597963063
50.2	0.0071189843823007	0.044715192291568	0.93757561913449
50.48	0.0071292465338792	0.044468548245514	0.93757509768797
50.872	0.0071495247020528	0.04423153669308	0.93757436507794
51	0.0071552713245466	0.04420223453237	0.937574134321
51.2	0.0072340434173943	0.045208724935331	0.93757368096751
51.48	0.0073065767643043	0.045086410769322	0.93757288343358
51.872	0.007361141455058	0.044965201998322	0.93757170555125
52	0.0073728418400889	0.044963244167255	0.93757133753787
52.2	0.0074380198146708	0.045967556747939	0.93757071593742
52.48	0.0074976213094353	0.045843533375334	0.93756977117861
52.872	0.0075442852935885	0.045717067517351	0.9375684830652
53	0.0075547037497349	0.045713040463783	0.93756809171046
53.2	0.0075951661845013	0.046673290380932	0.93756747577756
53.48	0.0076332618688449	0.046500823852401	0.93756661179015
53.872	0.0076653085156962	0.046323533182122	0.93756548834829
54	0.0076728745762957	0.046306060758071	0.9375651522811
54.2	0.0076918421285499	0.047213716236421	0.93756464626303
54.48	0.0077107556081572	0.046981904917647	0.93756397562421
54.872	0.0077287064345288	0.04674180698225	0.93756313326179
55	0.0077332992082629	0.046707678657907	0.9375628837292
55.2	0.0077356621834076	0.047565851263508	0.93756252353636
55.48	0.0077393803049598	0.047277689688364	0.93756207410359
55.872	0.0077455159468035	0.046977350603329	0.93756153000341
56	0.007747492956571	0.046927167993427	0.93756137006022
56.2	0.0077377589990413	0.047743435340811	0.93756115305451
56.48	0.0077301781925112	0.047407716267727	0.93756090843039
56.872	0.0077271511584189	0.047056260119756	0.93756063095356
57	0.0077270318047519	0.046992413389304	0.93756055010482
57.2	0.0077089106447959	0.047775637316632	0.93756045605389
57.48	0.0076933661100996	0.047402945377463	0.93756038144875
57.872	0.007683663439236	0.04701166146141	0.9375603204559
58	0.0076819789072529	0.046937148097212	0.93756030329248
58.2	0.0076583467334715	0.04769576834895	0.9375603064034
58.48	0.0076374964073381	0.047296263554972	0.93756036292448
58.872	0.0076232151753841	0.046876083391611	0.93756046606573
59	0.0076204346982787	0.04679381659645	0.93756049685882
59.2	0.0075934265957012	0.047535011665651	0.93756057201766
59.48	0.0075692819259724	0.047117338694737	0.93756072376092
59.872	0.0075520690892477	0.04667758060681	0.93756094425942
60	0.0075485716623448	0.046590043911378	0.93756100912049
