# Time [h]	Carbondioxide [g/L/h]	Methane [g/L/h]	Hydrogen [g/L/h]
0.2	2.6792109667705	4.4392966227752	6.1335767135258e-05
0.48	3.5560562113079	2.1474723333184	5.6204151878227e-05
0.872	3.1677530353903	1.3995953721261	4.695355357408e-05
1	2.5040357914556	1.1138145659623	3.9710919971846e-05
1.2	4.8843983131775	2.6652732437987	6.0980936075961e-05
1.48	1.9734094995507	1.0744623375855	3.2671022553435e-05
1.872	1.339821102038	0.8178301319421	2.521984637213e-05
2	1.231045522875	0.78529480723314	2.402042453451e-05
2.2	2.7857750753178	2.1229311227635	3.7405218693017e-05
2.48	1.0377833030528	0.7869239758402	1.628026757631e-05
2.872	0.55387799866447	0.46793552173924	9.9118574940103e-06
3	0.46524303670819	0.41238244601144	8.7179617713034e-06
3.2	1.1692414466168	1.3495183294315	1.7307648514011e-05
3.48	0.3282772430655	0.38822699767802	5.586342355931e-06
3.872	0.15422401266242	0.21232047159733	3.0442914177245e-06
4	0.13384965092346	0.19530471182654	2.7761939986258e-06
4.2	0.45808514034517	0.86308944325737	8.4804568866844e-06
4.48	0.12612685035884	0.25001670155607	2.624282924096e-06
4.872	0.071304788950935	0.16402534367968	1.7068119375343e-06
5	0.065730190263853	0.1593262437657	1.647690491536e-06
5.2	0.21307873602035	0.62582789696972	4.9970528725007e-06
5.48	0.06645415926365	0.20664793351403	1.7204032864471e-06
5.872	0.04320513402429	0.15270838100017	1.2655662443718e-06
6	0.040700517497143	0.1501886424357	1.2406626088402e-06
6.2	0.1148520989903	0.48695092621705	3.347016569436e-06
6.48	0.041027504759511	0.18297445325117	1.2951032424117e-06
6.872	0.029224286017108	0.14386795749156	1.0177954289914e-06
7	0.027855840923244	0.1415766236075	1.0005352960526e-06
7.2	0.072051238812842	0.40205641228162	2.4836388438593e-06
7.48	0.028390801957651	0.16391745084236	1.0365412036959e-06
7.872	0.021342068114993	0.13100873726321	8.3167827362562e-07
8	0.020482387625998	0.12809342839902	8.1400108089151e-07
8.2	0.052987631184187	0.34899813868205	2.0019759735866e-06
8.48	0.021422786630417	0.14252300647824	8.3663779795598e-07
8.872	0.01622738637091	0.10998983751602	6.5266586012039e-07
9	0.015549596214199	0.10586816653205	6.3053922164331e-07
9.2	0.045212947897228	0.31342633944277	1.7183838483523e-06
9.48	0.016768426331723	0.11445536942419	6.456118172149e-07
9.872	0.011991285002223	0.080439196490384	4.6229471979299e-07
10	0.0113640131299	0.075767762446892	4.3798677493923e-07
10.2	0.043279694531119	0.28938341952136	1.5484382046469e-06
10.48	0.013230152836685	0.085675116389447	4.7308783145645e-07
10.872	0.0087140547802978	0.054604218664848	3.0618097486392e-07
11	0.0082801410487591	0.051392527679552	2.893121807408e-07
11.2	0.045095590228127	0.28156363553492	1.4550494252558e-06
11.48	0.011581903435347	0.069690642805742	3.7023093334374e-07
11.872	0.0072781125385048	0.042362713611528	2.2648901378217e-07
12	0.0070308529369913	0.040560467109348	2.1713260506701e-07
12.2	0.049020519894541	0.28694841574328	1.4004134735145e-06
12.48	0.011477942074959	0.064782410929324	3.2484872242659e-07
12.872	0.0069229270923251	0.037971995845602	1.9095020747829e-07
13	0.0067204559257419	0.036598524755421	1.8408796826213e-07
13.2	0.052926686787943	0.29501611897192	1.3524184683094e-06
13.48	0.011766277371021	0.063366900816602	2.9935763946731e-07
13.872	0.006793111702998	0.035741078241721	1.6928799463624e-07
14	0.0065771097335784	0.034419014960228	1.6302765559309e-07
14.2	0.05576714645465	0.30087443578815	1.3005759790241e-06
14.48	0.011951628566285	0.062424702362046	2.7882999063316e-07
14.872	0.0066366093523627	0.034009941432157	1.5235809657987e-07
15	0.0064023430340022	0.032678349340565	1.4639014437772e-07
15.2	0.057486174165105	0.30406989058342	1.2411493840061e-06
15.48	0.011969984461617	0.061380336030982	2.5898938876634e-07
15.872	0.0064274858079513	0.032426451888124	1.3720143435576e-07
16	0.0061795388128041	0.031077519674553	1.3148595102015e-07
16.2	0.05840090427008	0.30534761881695	1.1697351203523e-06
16.48	0.011852658142873	0.060115349927257	2.374981794023e-07
16.872	0.0061589317485269	0.030770985153428	1.217910286384e-07
17	0.0058991134993761	0.029390970979048	1.1630786539254e-07
17.2	0.058876691828444	0.30549109541799	1.0824650987467e-06
17.48	0.011626221549502	0.058510058461494	2.1277404421165e-07
17.872	0.0058098794407323	0.028802148662283	1.0475291849105e-07
18	0.0055365307813514	0.027369982695593	9.9504993082104e-08
18.2	0.059214986012784	0.30508737857056	9.7798990331243e-07
18.48	0.01130036481802	0.056425660499793	1.8435705017343e-07
18.872	0.0053502772792068	0.026291507686035	8.5706288334099e-08
19	0.005059072622351	0.024782939699515	8.0732915147364e-08
19.2	0.059623356971207	0.30450590931606	8.5885713258804e-07
19.48	0.010870481075102	0.053734119761714	1.5322058353586e-07
19.872	0.0047481670271485	0.023063040105066	6.5430202165661e-08
20	0.0044333393853661	0.021456401719071	6.0808843765882e-08
20.2	0.060208868765095	0.30391544034594	7.3230870795824e-07
20.48	0.010325757737971	0.050365863164575	1.2174590247209e-07
20.872	0.0039834955284596	0.019060489768488	4.5718020736611e-08
21	0.0036405937717798	0.017348495271937	4.1554218761142e-08
21.2	0.060979506905253	0.30333495632971	6.0934345482709e-07
21.48	0.0096673995548983	0.046394211821165	9.3029190075571e-08
21.872	0.0030723164328074	0.014443597895792	2.8689853652627e-08
22	0.0027022366335797	0.012647193943099	2.5081154393585e-08
22.2	0.061862862818318	0.30273073376226	5.0102228927323e-07
22.48	0.0089305502638375	0.042104742330267	6.9549685249047e-08
22.872	0.0020842048004033	0.0096190238204637	1.5739175253714e-08
23	0.001695128413502	0.0077874604893717	1.272143633563e-08
23.2	0.062753805093679	0.30212516833228	4.1418018157475e-07
23.48	0.0081920628560928	0.037962697109691	5.2206032446631e-08
23.872	0.0011317749005291	0.0051337667164784	7.0051584347893e-09
24	0.00073605806064921	0.00332373223585	4.5287636155312e-09
24.2	0.064522084319926	0.30480184439193	4.4113730096007e-07
24.48	0.0086207793603723	0.039003105083946	6.0426963438597e-08
24.872	0.001747686919163	0.0076843014625401	1.1959408593994e-08
25	0.0014310848609898	0.0062503136830901	9.7239724434664e-09
25.2	0.068508812163096	0.31390045113884	4.4306902704013e-07
25.48	0.0085277171708219	0.037539478007279	5.4815464268927e-08
25.872	0.00078352511238845	0.0033763993278724	4.9355178093077e-09
26	0.00037143355147504	0.0015938020652344	2.3286743397128e-09
26.2	0.068973268049048	0.31265053949249	4.3667824963806e-07
26.48	0.0079441651909598	0.034645898739574	5.0940106593107e-08
26.872	0.00017393217560548	0.00074446505264178	1.099595217393e-09
27	-0.00021411267238554	-0.00091327083749774	-1.3486939102197e-09
27.2	0.06909993317034	0.31192689384118	4.524090297285e-07
27.48	0.007776362946026	0.033765743494338	5.2062018911869e-08
27.872	6.9004331680572e-05	0.00029401094456211	4.5648356401716e-10
28	-0.00029540074349704	-0.0012542146829373	-1.947563255424e-09
28.2	0.069624380834433	0.31292737818025	4.6810758891128e-07
28.48	0.0078122753443232	0.033768138915278	5.3585528776142e-08
28.872	5.4492229342802e-05	0.00023113232586069	3.6948580997265e-10
29	-0.00030857687713291	-0.0013042999978462	-2.0856342461725e-09
29.2	0.070146118258904	0.31400485319392	4.7530445595446e-07
29.48	0.0078494881916924	0.033793663908521	5.4118597400313e-08
29.872	2.4191609464255e-05	0.00010223034652861	1.649289111685e-10
30	-0.00034205588642916	-0.001440612804986	-2.3249756488619e-09
30.2	0.070512487894226	0.31469535738218	4.7499032718459e-07
30.48	0.0078472336988807	0.033686654822435	5.3686493837692e-08
30.872	-3.1976921313571e-05	-0.0001347899965106	-2.1639171317881e-10
31	-0.00040126568838292	-0.0016859427403366	-2.7076536331163e-09
31.2	0.070697623356874	0.31494437057463	4.6928710617956e-07
31.48	0.0078059741702115	0.033453222933881	5.2560582148874e-08
31.872	-0.00010751180220455	-0.00045257973068241	-7.1623945352479e-10
32	-0.00047882992674948	-0.0020093636546388	-3.1812234734712e-09
32.2	0.070722577839797	0.31481499686431	4.6001212076709e-07
32.48	0.0077344466339961	0.03312592827208	5.0990495036878e-08
32.872	-0.00019519510680149	-0.00082140532136359	-1.2734710703406e-09
33	-0.00056753856448136	-0.002381009431472	-3.6928948537467e-09
33.2	0.070621312222562	0.31439456370217	4.4850590202839e-07
33.48	0.0076416446826428	0.032735397174378	4.9162042569942e-08
33.872	-0.000289601210754	-0.0012191971192454	-1.8440476478449e-09
34	-0.00066217187797718	-0.0027793963163524	-4.2055564478085e-09
34.2	0.070427150624769	0.31376397637009	4.3570729876238e-07
34.48	0.0075349229004423	0.032305277137717	4.7203801791836e-08
34.872	-0.00038705497944964	-0.0016310896487725	-2.4002051330098e-09
35	-0.00075927209102433	-0.0031902844265456	-4.6965066868906e-09
35.2	0.070168173613005	0.31298924141527	4.2225873667249e-07
35.48	0.0074198172986629	0.031852658898661	4.5201639781075e-08
35.872	-0.00048516178493927	-0.0020473727993527	-2.9258922349569e-09
36	-0.00085662241942381	-0.0036044622313763	-5.1532026041913e-09
36.2	0.069866371188556	0.3121210722599	4.0859382638651e-07
36.48	0.0073003392442442	0.031389599729605	4.321156970195e-08
36.872	-0.00058237651648929	-0.0024617060681308	-3.4126615640925e-09
37	-0.00095281010418652	-0.0040159493341443	-5.5695633404073e-09
37.2	0.069538216084026	0.3111970771921	3.9500126783589e-07
37.48	0.0071793345591523	0.030924538694529	4.1269229274294e-08
37.872	-0.00067770016462305	-0.0028698980039823	-3.8567860183537e-09
38	-0.0010469307779613	-0.0044208063501295	-5.9434317610297e-09
38.2	0.069195651873828	0.31024442576658	3.8166936170508e-07
38.48	0.0070587871422636	0.030463347256746	3.9396422885933e-08
38.872	-0.00077048861189566	-0.0032691555621903	-4.2574216080787e-09
39	-0.0011384070437914	-0.0048164170832842	-6.2749881772548e-09
39.2	0.068847096043551	0.30928228105108	3.6871675284413e-07
39.48	0.0069400498506859	0.030010055302714	3.7605562837128e-08
39.872	-0.00086033689212047	-0.003657639159954	-4.6154732277732e-09
40	-0.0012268807877898	-0.0052010678842756	-6.5657884501309e-09
40.2	0.068498316883606	0.30832381745379	3.5621386159298e-07
40.48	0.0068240154300839	0.029567352182356	3.5902708638039e-08
40.872	-0.00094700768288991	-0.0040341911355884	-4.9328879020187e-09
41	-0.0013121474688461	-0.0055736918005066	-6.8181741652317e-09
41.2	0.068153147824871	0.30737782397709	3.441980129511e-07
41.48	0.0067112434999833	0.029136944767242	3.4289678066693e-08
41.872	-0.0010303839998491	-0.0043981554356501	-5.2122013535642e-09
42	-0.0013941128209494	-0.0059336980485134	-7.0348994280171e-09
42.2	0.067814043817755	0.30644994332942	3.3268418631643e-07
42.48	0.006602055663461	0.028719823768935	3.2765526975224e-08
42.872	-0.0011104352953746	-0.0047492458437825	-5.4562392647561e-09
43	-0.0014727617505986	-0.006280846646116	-7.2188881684321e-09
43.2	0.067482499814764	0.30554360675725	3.216726294283e-07
43.48	0.0064966067485783	0.028316466416969	3.1327584422225e-08
43.872	-0.0011871918567503	-0.0050874437789671	-5.6679190437648e-09
44	-0.0015481347510501	-0.0066151508181411	-7.3730755312076e-09
44.2	0.067159356238578	0.30466072264951	3.1115418795575e-07
44.48	0.0063949375992592	0.0279269907575	2.9972167257063e-08
44.872	-0.0012607252232797	-0.0054129180525829	-5.8501207575647e-09
45	-0.0016203098115568	-0.0069368003447015	-7.500306840159e-09
45.2	0.066845016161483	0.30380217193802	3.0111397127606e-07
45.48	0.0062970134581957	0.027551271200461	2.869506285854e-08
45.872	-0.0013311334469317	-0.0057259630651277	-6.0056069865807e-09
46	-0.0016893887924998	-0.0072461026405678	-7.6032770780313e-09
46.2	0.066539596239437	0.30296815667555	2.9153382297103e-07
46.48	0.0062027512343722	0.027189022898253	2.7491846339694e-08
46.872	-0.0013985303319452	-0.0060269527467343	-6.1369770970097e-09
47	-0.0017554874899874	-0.0075434389801029	-7.6844986537333e-09
47.2	0.066249349325193	0.30217868741586	2.8271740313284e-07
47.48	0.0061185778638699	0.026867066414083	2.6420185549905e-08
47.872	-0.0014549796312012	-0.0062808790179722	-6.2201671189608e-09
48	-0.0018103784720228	-0.0077923851536072	-7.7204771026435e-09
48.2	0.067026094852831	0.30484260386917	3.6195919320386e-07
48.48	0.0071907929287976	0.031344254349283	4.1276808708561e-08
48.872	-3.8135068833695e-05	-0.00016220218286514	-2.1673942858702e-10
49	-0.00032704260107385	-0.0013837710641771	-1.8509395884209e-09
49.2	0.070060254354003	0.31339975861976	3.990843911574e-07
49.48	0.0074768542955164	0.032163966487516	4.3316035032937e-08
49.872	-0.00046632471925458	-0.001970015673536	-2.6757159440396e-09
50	-0.00084751242154135	-0.0035690318255527	-4.8505665550147e-09
50.2	0.069716308145508	0.31173547298064	4.2206562386457e-07
50.48	0.0072458567374033	0.03119488554592	4.5189635631185e-08
50.872	-0.00059817532324086	-0.0025329050432947	-3.70566576977e-09
51	-0.00095913107731586	-0.0040502010635987	-5.929251064167e-09
51.2	0.069373224070143	0.31102112038074	4.5956505972511e-07
51.48	0.007354433753802	0.03173528759291	5.0375407984847e-08
51.872	-0.00036200355144269	-0.0015351740381615	-2.4626538187665e-09
52	-0.00070552316886297	-0.0029829743641082	-4.7885063333172e-09
52.2	0.069591506469037	0.31206435222982	4.916067575623e-07
52.48	0.0075844639854328	0.032726838140291	5.508314117404e-08
52.872	-0.00013758855387119	-0.0005832260886901	-9.9135523616958e-10
53	-0.00048345954259915	-0.0020429486915559	-3.4749457849135e-09
53.2	0.069917376528731	0.31321812220451	5.109757719626e-07
53.48	0.007761200345414	0.033456274514707	5.8030774087021e-08
53.872	1.2972349579884e-06	5.4934501770755e-06	9.6158804171063e-12
54	-0.00035036244885443	-0.0014790620467323	-2.5906476685762e-09
54.2	0.070160809237342	0.31399652296313	5.1912651642282e-07
54.48	0.007858163090943	0.033844269157	5.9279064228237e-08
54.872	6.2591188573343e-05	0.00026486922776959	4.6789130599799e-10
55	-0.00029424854283551	-0.0012413789839888	-2.1941702147564e-09
55.2	0.070264175755421	0.31431104086453	5.1870256448612e-07
55.48	0.0078840491426532	0.033944673481334	5.9193874441513e-08
55.872	6.5243655649829e-05	0.00027606751041847	4.8529438121153e-10
56	-0.0002953942342255	-0.00124618394961	-2.19180127398e-09
56.2	0.070227312888717	0.31420554877831	5.1216861846638e-07
56.48	0.0078542970487804	0.033827719646132	5.8158783662679e-08
56.872	2.6393355004757e-05	0.00011173980699467	1.9358530793365e-10
57	-0.00033666086095347	-0.0014211412983132	-2.4632655674908e-09
57.2	0.070072613880132	0.31376429063606	5.0152907690968e-07
57.48	0.0077840076234086	0.033555852046659	5.6497736078602e-08
57.872	-4.041915988574e-05	-0.00017130712455369	-2.9056220029769e-10
58	-0.00040471976879686	-0.0017103952615674	-2.9023815102698e-09
58.2	0.069828240756495	0.3130747835693	4.8830669628409e-07
58.48	0.0076859105934361	0.0331790635984	5.4459108383365e-08
58.872	-0.00012506495657786	-0.00053086487656676	-8.7761490169044e-10
59	-0.00048970101966948	-0.0020727618142496	-3.4280945345148e-09
59.2	0.069520516717579	0.31221308613156	4.7360355386183e-07
59.48	0.0075699380631541	0.032735194181246	5.2221574574139e-08
59.872	-0.00022024965251947	-0.00093660598661342	-1.5046804471878e-09
60	-0.00058455257417523	-0.0024788265341202	-3.9839094675754e-09
