# Time [h]	hydro_Methanogenesis [g/h]	Disintegration_Initial [g/h]	Hydrolysis_Proteins [g/h]	aceto_Methanogenesis [g/h]	Valeric_Degradation [g/h]	Acetic_Degradation [g/h]	Acidogenesis_MS [g/h]	Disintegration_Substrate [g/h]	Propionic_Degradation [g/h]	Butyric_Degradation [g/h]	Hydrolysis_Lipids [g/h]	Hydrolysis_Carbohydrates [g/h]	Acidogenesis_AA [g/h]	Acidogenesis_LCFA [g/h]
0.2	39.337825307269	0	38.619338672238	128.65333970015	3.3495236665384	25.922164456048	116.67802412004	0.68736973015345	10.901528078833	9.8485185091754	31.850071864784	107.50990250938	32.689600828343	0.74544567110962
0.48	39.893002696194	0	34.353210624208	125.87505744933	5.4169089839081	25.597039500575	103.2931064403	1.6404820617685	19.091185062231	14.542453133777	28.32746770613	95.692144554414	33.055663885325	1.1736905720197
0.872	38.497142614523	0	29.184101561238	120.7946294946	5.3258653459238	24.987706263865	87.865164860189	2.9569330225443	22.860986298731	14.185109053656	24.053599167571	81.450822245904	28.343737035304	1.5989160402769
1	37.650749095075	0	27.670194859457	118.61636820606	5.1131560755287	24.719661778355	83.306869227307	3.3824295383954	23.230114734373	13.644079949252	22.800487920402	77.2991162258	26.81627215445	1.7396825039965
1.2	36.088926411292	0	25.464226531552	114.06077078127	4.7257535938348	24.147980458345	76.728724163977	3.3554794814667	23.153288469543	12.579391169155	20.974030653267	71.256436833155	24.631883027794	1.9717304138017
1.48	33.624134422893	0	22.673092667697	105.79842756861	4.2080989135577	23.061181263464	68.464972843055	3.3181109064836	22.280442672155	11.200787602052	18.663196204645	63.609232847084	21.897256753196	2.3217460369639
1.872	29.899421791673	0	19.281681997144	90.34957628746	3.5707863002264	20.833765603043	58.42912100368	3.2664956783846	20.217380752003	9.51834284514	15.855603919394	54.314311129999	18.591704428803	2.8728425624064
2	28.544322845546	0	18.2861644061	84.242300201557	3.3839263644473	19.872996929679	55.448644509107	3.2498146323557	19.434711220669	9.0229231416128	15.031515839309	51.585116173559	17.603817734944	3.0853624704846
2.2	26.433116325393	0	16.834620609164	73.148209435264	3.1100907882344	18.038517282215	51.151006928045	3.2239212790991	18.156957988871	8.3004742894441	13.829986341333	47.604956913183	16.188635703907	3.4400268046259
2.48	23.494774090398	0	14.997933594436	58.443290808072	2.7655357855277	15.345595804506	45.716163050185	3.1880176455801	16.352197725583	7.3929795052977	12.309763603382	42.567177046277	14.40778033883	3.9847253708763
2.872	20.030931127762	0	12.766056391465	43.831284224471	2.3488567314774	12.30688879955	39.112191747747	3.1384252962603	13.959286723443	6.2963530292522	10.462656861561	36.442499158924	12.249675338032	4.7320756292793
3	19.096414298815	0	12.110895054701	40.376821409911	2.2268633127891	11.52495887271	37.157728303895	3.1223981905372	13.223181719573	5.9742199698446	9.9204966124104	34.64389120692	11.608622282026	4.9571220179916
3.2	17.639179016134	0	11.155572908169	34.886964553929	2.0487381594178	10.250889082265	34.328843504669	3.0975198574625	12.140463926714	5.5054013730961	9.1300009604708	32.020509649628	10.684685929484	5.3321676475126
3.48	15.979294922225	0	9.9466845025123	30.051742370288	1.8239866470634	9.0489178040142	30.74923920173	3.0630235256888	10.766929807371	4.9142377762307	8.1297964065822	28.699328276893	9.519055416857	5.7941260338897
3.872	14.17985563165	0	8.4775220544378	26.063327763573	1.5515286165085	8.007640384728	26.396995209139	3.0153747492647	9.1115201085004	4.1976732128394	6.9144531984829	24.660267487282	8.1045567563864	6.325204275297
4	13.651316595446	0	8.0462251308864	25.050792109127	1.471622017363	7.7363556935948	25.111039222321	2.9999759547466	8.6261788599523	3.9870238638863	6.557719790228	23.473837601292	7.6858821207088	6.4846506803773
4.2	12.910525457355	0	7.4172894888386	23.525030371928	1.3549977952934	7.3211786456412	23.245629386847	2.9760728835338	7.9257071952205	3.6801631818061	6.0375678762562	21.743019552014	7.0801148607095	6.7399406294086
4.48	11.993193983938	0	6.6213376195972	21.821523521662	1.2076625213032	6.8501965837101	20.883933768275	2.9429287532095	7.0516382278039	3.2925587181402	5.3793916165112	19.551147002983	6.3148830730594	7.0496531297047
4.872	10.892730127584	0	5.6538642425233	19.867957105109	1.0288141901461	6.2992179230202	18.010635035706	2.897147518353	6.0067297419775	2.8219084024667	4.5795808410323	16.884228610829	5.3854999839646	7.396409909192
5	10.559934557223	0	5.3698139153095	19.295266564399	0.97629138815673	6.1353622390708	17.161608741446	2.8823524149213	5.7012202896693	2.6834273282985	4.3448049128674	16.100552300341	5.1108816935476	7.4935576878327
5.2	10.096659666534	0	4.9555611160806	18.486407630055	0.89965607642077	5.9021022741297	15.929122170816	2.8593863992158	5.2590077528756	2.4815771997314	4.0024627293574	14.956969692058	4.712729063789	7.6487938794078
5.48	9.500236123748	0	4.4312255245104	17.463549002314	0.80277261937599	5.6037722653961	14.367969590106	2.8275415276457	4.704313432623	2.2263357569099	3.5692468789413	13.508122339512	4.2094092005852	7.8216199441343
5.872	8.761503540463	0	3.7937550573472	16.201614168376	0.68507092012559	5.2303375318823	12.46739661761	2.7835547858733	4.0359846149224	1.9160084019975	3.0427462419334	11.744056498995	3.5978343706752	7.9776779418617
6	8.5358474767217	0	3.6065602400589	15.820811102825	0.65045576837281	5.1164421199689	11.904572411925	2.7693397211133	3.839706370752	1.8245611243971	2.8881846374855	11.225392826558	3.4171289121886	8.0099983655856
6.2	8.2128008066611	0	3.3335228972037	15.272311221111	0.59996519260606	4.9513141278373	11.08857412135	2.7472740571604	3.554462363544	1.6912275774675	2.6627930762044	10.46822597755	3.1550383999269	8.0546907384194
6.48	7.7887810927389	0	2.9878563731653	14.560236672057	0.53612426693565	4.7350096805613	10.054606547843	2.7166775745496	3.1948793695833	1.5225290258507	2.3775419382206	9.5083347580698	2.8236638869164	8.0770797035123
6.872	7.2488522551474	0	2.5674681679312	13.65306282969	0.45854337450827	4.456171858239	8.7951809120003	2.6744151115111	2.7591282760882	1.3172323365028	2.0308104299129	8.338451316643	2.4209922957285	8.0307657950446
7	7.0811341848228	0	2.443987130063	13.372158279442	0.43568890016708	4.3690727014686	8.4202655936172	2.6607573557902	2.6306281826233	1.2565870322827	1.9290093364048	7.9942058555178	2.3018142372896	7.9977787739062
7.2	6.8336095727228	0	2.2638461712811	12.957984994441	0.40237149460881	4.2398963593614	7.8789903378331	2.6395567694361	2.4434503215267	1.1681727809213	1.7805421162345	7.4913713305881	2.1292081512818	7.9341596630358
7.48	6.5016695482394	0	2.0357174065174	12.407266937502	0.36027122655522	4.0668470502258	7.1930599390581	2.6101597799598	2.2068847118096	1.0563255996284	1.5926162350129	6.8533275915535	1.9110667016053	7.8135658725369
7.872	6.0675781644128	0	1.7581429207021	11.684915669039	0.30914422341446	3.8376480077202	6.3571729047445	2.5695540917168	1.9194139614502	0.92018221651991	1.3641321755444	6.0746019286002	1.6460752598332	7.5861138414352
8	5.9302850672285	0	1.6765786825741	11.455491947235	0.29406082519419	3.7643605667593	6.1059942756697	2.5564318018348	1.8343544469108	0.87984012104356	1.2970357467201	5.8451882387104	1.5673963753909	7.4985074199038
8.2	5.7235795359407	0	1.5575549842615	11.113074573638	0.27209891999364	3.6544249897296	5.7461681295193	2.5360623932449	1.7103935843818	0.82107540611098	1.1991682405586	5.5098103798786	1.4537764021165	7.3494356403702
8.48	5.4433389464723	0	1.4067580828425	10.651718154485	0.2444075073905	3.5054736716306	5.290170095487	2.5078179038405	1.5537987243662	0.74686577934533	1.0752627161545	5.0836998854297	1.3103188114838	7.1236454979131
8.872	5.0750847261805	0	1.223150683328	10.04282627229	0.21088690674707	3.3074945485141	4.7339161194405	2.4688041077448	1.3639399569064	0.65674258380887	0.92456385643301	4.562592007852	1.1361518640231	6.7811178044408
9	4.9586131621642	0	1.169167505026	9.8485453206186	0.20101506625977	3.2440690150671	4.5649464828398	2.4561962968588	1.3078273523719	0.63002969752931	0.88029711075403	4.4088171825365	1.0843446644906	6.6643580945287
9.2	4.7837216551389	0	1.0903600330097	9.5626373629181	0.18668539363297	3.1503196223704	4.3248924046526	2.43662549475	1.2263499756207	0.59123114682277	0.81571605955912	4.1837530548293	1.0097082692555	6.475383597018
9.48	4.5501204790692	0	0.99045152908914	9.1822254172766	0.16871087349919	3.0251971860946	4.020702193077	2.4094883529871	1.1241556692569	0.54250641684065	0.73392673121129	3.8972780442132	0.9156085207588	6.2148024558208
9.872	4.2541200684798	0	0.8686844354918	8.6983623326921	0.14711997875487	2.865416533114	3.6490763733681	2.3720041033688	1.0018031378767	0.48381575019813	0.63440146700337	3.5459480253458	0.80149928652948	5.8663090495218
10	4.1636957361421	0	0.83285365510777	8.5492795495275	0.14081292399029	2.816118721579	3.5362501060045	2.3598906103024	0.96606212389625	0.4665615184046	0.60515441962292	3.4420316241999	0.76776167915741	5.758018543266
10.2	4.0312884728852	0	0.78051565980483	8.339873530777	0.13169383329836	2.7465551948671	3.375652461539	2.3410871234853	0.91461656151586	0.44161299571713	0.56247313199543	3.2896930634249	0.71900341193718	5.5902893235834
10.48	3.8610368571014	0	0.71410337702512	8.0708314912647	0.12029142203192	2.6571986501267	3.1719277105438	2.3150139482105	0.85076680620804	0.41043804378877	0.50839386893213	3.0952956957641	0.65748913342171	5.3785746754746
10.872	3.6585746563457	0	0.63304619228912	7.7494542897719	0.10660244111004	2.550438141424	2.9221188503082	2.2789993368072	0.77509600192078	0.37299710014328	0.44253991896148	2.8559602013387	0.58274451750442	5.1272040456669
11	3.5998600856734	0	0.60916639902496	7.6558353916907	0.10261068176008	2.5193711325166	2.8474544212995	2.2673607908885	0.75315412037856	0.36204023481153	0.42317601338208	2.7849429187402	0.56084228729733	5.0557218747223
11.2	3.5156803965534	0	0.57425632070472	7.5310041834322	0.096817020459762	2.4777496769418	2.7390637278511	2.2492945526715	0.72161742135734	0.34613868663076	0.39490553601849	2.6806026219125	0.52883750872604	4.9473449943744
11.48	3.4099480212276	0	0.52990090237968	7.3731328922193	0.089482960337859	2.4253882883241	2.6006398387542	2.2242436556461	0.68208440512909	0.32602087474764	0.35906146602319	2.546996179075	0.48817267927905	4.8202610590955
11.872	3.2884538841921	0	0.47565531891603	7.1882925382578	0.080504191801055	2.3644429655484	2.4294338361425	2.1896411031904	0.63411462185599	0.30135174444275	0.31536753258028	2.3816398205202	0.43837020777918	4.6808715450754
12	3.2539732914153	0	0.45964757589796	7.1355443461296	0.077851680645931	2.3471321891874	2.3786621508677	2.1784588896044	0.61994282525012	0.29403720350206	0.30250844381735	2.3323638841249	0.42375936805485	4.6431980947694
12.2	3.2034937795761	0	0.43621833605641	7.0641797806441	0.073968898024099	2.323711923535	2.303613562605	2.1611010048379	0.59934088973082	0.28330909577336	0.28372325142353	2.2597529837234	0.40225374174938	4.5831965004388
12.48	3.1387967892134	0	0.40639545322291	6.9717085039995	0.068981080110091	2.2936710436603	2.2070051081896	2.1370323196762	0.57279750119855	0.26948111315886	0.25988265531937	2.1663521286432	0.37476719489343	4.5141177441415
12.872	3.0629477414094	0	0.3698195578353	6.8585044928225	0.062782738374422	2.2573281856682	2.0864960551167	2.1037864833091	0.53945375646628	0.25217869011056	0.23077756030791	2.0499608310212	0.34092605929448	4.4370290234627
13	3.0410078883106	0	0.3590008236139	6.8253070397924	0.060935547107079	2.2467539823367	2.0505575383098	2.0930427136011	0.52939053007302	0.24698780209564	0.22220129788571	2.0150840979787	0.33093739010763	4.4154902867413
13.2	3.0065154521085	0	0.34314050821382	6.7743489604953	0.058220627200058	2.2306420435642	1.9971740804028	2.0763654143405	0.51458236729487	0.23932786880087	0.20966175613249	1.9634968083949	0.31623608552262	4.3765491099121
13.48	2.9604394273563	0	0.32290065811744	6.7075947241922	0.054726583171682	2.2097300933585	1.9280872471415	2.0532404374976	0.49525011553363	0.22940107693285	0.19372584616653	1.8967545081828	0.29742541131827	4.3288615263474
13.872	2.9038630587199	0	0.29798072555538	6.6218738338492	0.050380752855792	2.1831851009684	1.8412431969544	2.0212981331043	0.47065459663718	0.21691429937258	0.17422972669946	1.8128652470793	0.27421102054486	4.2689659722428
14	2.8869846900988	0	0.29058600535902	6.5958115530891	0.049083234362054	2.1751731399454	1.8150630507891	2.0109756182883	0.46317418096359	0.21315010205836	0.16847478542975	1.7875551313607	0.26731578263974	4.2503990577316
14.2	2.8581782297735	0	0.2797211817078	6.549717415616	0.047169630857292	2.1610683306208	1.7761661487752	1.9949522224942	0.45203592213989	0.20756960744757	0.1600500197217	1.7499445495307	0.25717691549817	4.2141499529113
14.48	2.818362576227	0	0.2658082709168	6.4898385348706	0.044715790197766	2.1428696667891	1.7255611542121	1.9727339563711	0.43751177396872	0.20034653053736	0.14932277533348	1.7009429528448	0.24419777938948	4.1659349478748
14.872	2.7672050342758	0	0.24858792780921	6.4107624308573	0.041670171545128	2.1190262731105	1.6613708618776	1.9420440801493	0.41904939333036	0.19124761258756	0.13616000531299	1.6387168993314	0.22812712247157	4.0990879818451
15	2.7515924047773	0	0.24345600828747	6.386067183304	0.040759322689024	2.1116134948708	1.641767607886	1.9321263042013	0.41342258365499	0.1884918984653	0.13226502872095	1.6197914067356	0.22331994842245	4.0768692452912
15.2	2.7237676515216	0	0.23589353872243	6.3398689204619	0.039410823087894	2.0977075036838	1.612630821889	1.9167311745216	0.40496048117059	0.18438580005812	0.12655336386008	1.5915171738817	0.21624976709356	4.0347119475738
15.48	2.6844423366677	0	0.22616520228004	6.2794330779376	0.037684306526204	2.0796054304631	1.5744742302541	1.8953840701467	0.39395509089194	0.17906710775453	0.11926132577999	1.5543831950456	0.20717878051831	3.9762715850579
15.872	2.6321275372831	0	0.21404116997237	6.1977025051976	0.035538964611282	2.055223532648	1.5255505390886	1.8658975191704	0.37997103601552	0.17233521163724	0.11027711169655	1.5066807960552	0.19588517618213	3.8925110292626
16	2.6159617823013	0	0.21040793821397	6.1716978124398	0.034894692869784	2.0474773088491	1.5103926273683	1.8563686130394	0.37569264941214	0.17028117703457	0.10760967830523	1.4920436095295	0.19247828206625	3.8640947129299
16.2	2.5871170949785	0	0.2050336472119	6.1237588239324	0.033937420975797	2.0331074261428	1.4878386575984	1.8415771164075	0.36921369698346	0.16720485847481	0.10368901559586	1.4700482861329	0.18746112361745	3.813155091398
16.48	2.5458351510974	0	0.19808001281844	6.0598050632624	0.032708962571875	2.0139868683619	1.4580752253457	1.8210670173621	0.36077199184855	0.16320085786118	0.098665471880238	1.4409115811511	0.18099626048741	3.7417175455455
16.872	2.4897605662989	0	0.18933894161033	5.9716478885548	0.031174252653201	1.9876439964753	1.4194578629299	1.7927366121217	0.34998768422009	0.1580869783274	0.092442168800943	1.4030265934583	0.17288420879719	3.639144639209
17	2.4723483675511	0	0.18670145852164	5.9433067313711	0.030710238289944	1.9791676387682	1.4073143270021	1.7835813285827	0.34666286461958	0.15651101328116	0.090586191340213	1.3912955451263	0.17041280892301	3.6043980917864
17.2	2.441705062033	0	0.18278195684174	5.8926700344662	0.03001809213705	1.9639238068353	1.3892179197908	1.7693697971613	0.34159962361725	0.15413787530034	0.087849840993641	1.3735629360572	0.16676498437156	3.5446671480828
17.48	2.3977143079463	0	0.17767491950995	5.8241064091072	0.029125129831983	1.9432914398861	1.36514200953	1.7496638854247	0.33496144374339	0.15102564124696	0.084327127944846	1.3498705916772	0.1620358058064	3.461028725096
17.872	2.3375919219992	0	0.17118878049697	5.7289124538152	0.027999611936723	1.9145905452183	1.333524798451	1.722444295068	0.32639200264984	0.14700328164188	0.079931904618784	1.3186974879158	0.15604234657205	3.3422151517846
18	2.3189421516969	0	0.16921588662289	5.6982676348037	0.027656323875522	1.9053295566511	1.3234463354563	1.7136479844795	0.32372275088041	0.14574986095592	0.078613576704882	1.3089602143347	0.15419651980069	3.3024249047845
18.2	2.2863790381712	0	0.16626823790869	5.6443932089668	0.02714182654774	1.888948324242	1.3083971513994	1.6999936780317	0.31963480663593	0.14385166883932	0.07666229092632	1.2941591221506	0.15146302439377	3.2351881598768
18.48	2.2398868437	0	0.16239656642811	5.5713029728716	0.026473336407867	1.8667025631308	1.2882173010735	1.6810604218029	0.31423133283854	0.14134128759078	0.074135197063826	1.2742249419747	0.1478928046032	3.1418530042602
18.872	2.1767661568726	0	0.1574223207691	5.4704585852796	0.025621221080298	1.8359137381527	1.2614145477447	1.6549080920752	0.30716789314303	0.13805530892222	0.070954084412203	1.2477113297461	0.14331533309642	3.0116430992239
19	2.1572945724924	0	0.15589584470354	5.4382023009979	0.025358743588852	1.8260363875048	1.2527777025683	1.6464566790518	0.30494452442517	0.13702043517806	0.069993178397835	1.2393645708186	0.1418900771155	2.9688020916441
19.2	2.1231449049719	0	0.15360184945217	5.3811784082026	0.024963173274936	1.8084721698059	1.2398462007497	1.6333377487382	0.30151965321621	0.13544446320004	0.068564145475945	1.2266144982534	0.13977032975342	2.8960186183258
19.48	2.0749342768565	0	0.15056274114695	5.3045534997131	0.024445179529665	1.784833656927	1.2223839461502	1.6151468522401	0.29695741782958	0.13334395891823	0.066700077236229	1.2093225746839	0.13697898834754	2.79629186084
19.872	2.0104674134181	0	0.14661058865507	5.2005122601969	0.023776706133736	1.7526275815005	1.1989622448927	1.5900199361828	0.29092404853468	0.1305619680208	0.064328827896148	1.1861090584932	0.13335551409736	2.6602938745511
20	1.9907377552581	0	0.14538668158301	5.1676087573132	0.023568734927138	1.7424115066512	1.1913587722729	1.581899897186	0.28900827457998	0.12967801845704	0.063606665187103	1.1787529657103	0.13221577241353	2.6164923925674
20.2	1.9555800331242	0	0.14353650423091	5.1080875427196	0.023253456246991	1.7238290294876	1.1799355794424	1.5692953508019	0.2860414392388	0.12832516534055	0.062526811386986	1.1674700196771	0.13051211192107	2.5404075915841
20.48	1.9066125235161	0	0.14106426359244	5.0293532857445	0.022837413400639	1.6992062598793	1.1644198196875	1.5518177061043	0.28206552526166	0.12651047025193	0.061106712190947	1.1520797740806	0.12825004889044	2.4376190496453
20.872	1.8423130907976	0	0.137810993338	4.9245523850323	0.022293959839838	1.6663258661803	1.1434444328763	1.5276759975631	0.27675992298912	0.12408351162334	0.059279022491771	1.1312630917814	0.12527779085743	2.3006712945833
21	1.8227902159886	0	0.13679469975386	4.8918280483162	0.022123322666139	1.6560305288221	1.1366048314973	1.519874339406	0.27506468351897	0.1233071866906	0.058717408687091	1.124631714122	0.12433460828424	2.2574841599857
21.2	1.7871579111619	0	0.13524979359564	4.8306783987541	0.021863188004073	1.6366975668413	1.1262906431874	1.5077640080253	0.27242838522878	0.12211424352636	0.057872686429262	1.114427255377	0.12291726863702	2.180030227692
21.48	1.7381554009593	0	0.1331689258567	4.7510569442112	0.02151744844995	1.6114820028279	1.1122163298598	1.4909716488019	0.26888025667024	0.12050594543098	0.056752181032329	1.100445210286	0.12102064473042	2.0766471566893
21.872	1.6748598004612	0	0.13040092863198	4.6470103149453	0.021060780061184	1.5784368567784	1.0930745879004	1.4677765185587	0.26411436516312	0.11833850263171	0.055292484782044	1.0814224428208	0.11850084750373	1.9416180858686
22	1.6557715556663	0	0.12952946197608	4.6148909132712	0.020916224477321	1.5682113428168	1.0868170096958	1.4602807577374	0.26258488702972	0.11764173458243	0.05483985594375	1.0753380054004	0.1176953054846	1.8997721774567
22.2	1.6200626864894	0	0.12819818551981	4.5530374796647	0.020694776215608	1.548435531364	1.0773464124311	1.4486452636156	0.26019985317161	0.11656773639728	0.054155045531406	1.0659519871478	0.11647864235438	1.8223244602938
22.48	1.5715032496494	0	0.12639254699221	4.473454251661	0.020398446666173	1.5229492842837	1.0643761888178	1.4325113206074	0.25697799602886	0.11511340008694	0.05323888574485	1.0530474257585	0.11483903734271	1.7199447669919
22.872	1.5096615375995	0	0.12396833523946	4.371050830383	0.020003063011564	1.4900725696099	1.0466549160963	1.4102256547835	0.25262617704399	0.11314097407956	0.052031307928909	1.035413525949	0.11263962841531	1.5884315797596
23	1.491140003917	0	0.12320007841915	4.3397600134325	0.019877012333865	1.4800060427897	1.0408529716021	1.4030237975093	0.25122447246413	0.11250439271678	0.051653619324558	1.029756356307	0.11193221254354	1.5482501924364
23.2	1.4559987664481	0	0.12202165840636	4.2786389136788	0.019683122485446	1.4602688207674	1.0320432229966	1.3918445230577	0.24903531889984	0.11152077013287	0.051079045014387	1.021013476493	0.11085880833934	1.4724972198455
23.48	1.4087821255797	0	0.12041416673028	4.2006635480784	0.019421864029704	1.4350494600017	1.0199421993185	1.3763431809911	0.24606478147823	0.11018270149675	0.050304303211503	1.0089629653027	0.10940312142113	1.3734299037724
23.872	1.3495876990724	0	0.118239723785	4.1018788661697	0.019070004992276	1.4030296498189	1.0033497158366	1.3549313214693	0.24202846393862	0.10835753416992	0.049272241431645	0.99244335280832	0.10743450190854	1.248468425948
24	1.3573228982086	0	0.11670153132831	4.2200616532657	0.019642983297449	1.4419995057649	0.99176626470859	1.349149582829	0.24560179865515	0.11645762290495	0.048600317150324	0.97995790740444	0.10625791440218	1.2061916894079
24.2	1.5177021609275	0	0.11795171827079	5.167695869731	0.024463925605358	1.7501954279207	0.99285794323836	2.0258561055663	0.31573817854148	0.18056705535676	0.049052874582123	0.99139195795765	0.10580394453786	1.1026787573985
24.48	1.6013575383196	0	0.12659153849753	5.6549382662862	0.027419879660922	1.9063153548744	1.0525136318105	2.9641862326821	0.37984489651079	0.21942769230162	0.052519640593298	1.0657466835971	0.11081512683326	0.99602255424143
24.872	1.6514419942499	0	0.15049640333211	5.8531376124253	0.030444428339766	1.969134645042	1.2403287884638	4.2602914099883	0.44283359602513	0.24714472612495	0.062229547271359	1.2698511186418	0.12894814196669	0.88088560934192
25	1.6670014416274	0	0.16081587707922	5.8861911751044	0.03162648492349	1.9795420795318	1.323146600982	4.6791433655619	0.4620880302378	0.25548908485481	0.066433973835621	1.3577853215011	0.13721308823846	0.84881920986199
25.2	1.4819712111364	0	0.17701284575415	4.8422734524717	0.028385307608998	1.6444972481924	1.463901042024	4.6418599945549	0.41967119559993	0.19989129780599	0.073036071763221	1.4957611955494	0.1517535994979	0.81620137352004
25.48	1.3865885104658	0	0.19711583576074	4.278013452061	0.028709381686757	1.4610019987267	1.6428839215375	4.5901623186808	0.39895560402451	0.17977832810145	0.081229366775433	1.6670240374045	0.1709366737344	0.75844771915118
25.872	1.3651654502839	0	0.2208004072749	4.0740138359842	0.031829845298829	1.3944664453102	1.8533772894789	4.5187527736277	0.4087682172783	0.18774238193912	0.090880555549671	1.8688246042938	0.19368684887323	0.68034720963941
26	1.3677362949786	0	0.22756904640982	4.0554512280892	0.032957310962133	1.3884690437596	1.9137951492087	4.4956760325245	0.41641006727862	0.19283331841971	0.093638230734393	1.9265021207695	0.2002086138252	0.65739641104168
26.2	1.3718272003256	0	0.23725055612473	4.0401353294085	0.034678918183652	1.3835639177844	1.9998588745258	4.4598545435565	0.43087376851584	0.20147035387588	0.09758217381024	2.0090078108783	0.20951214347872	0.61519292212173
26.48	1.3809208166311	0	0.24912566107197	4.0402880403221	0.036892427310984	1.383770255053	2.1054534284957	4.4101839490983	0.45332995217533	0.21334345206985	0.10241871583749	2.1102210773171	0.22092509303594	0.56367626631532
26.872	1.3965702956315	0	0.26284308527985	4.0544646705065	0.03952608238473	1.3886067145145	2.2276156535342	4.3415744129312	0.48442614796277	0.2279782233017	0.10800364025864	2.227163719234	0.23413432654576	0.50496295786273
27	1.4015820253621	0	0.26669380752973	4.0599931063768	0.040275858445115	1.3904725811697	2.2620414001638	4.3194025074734	0.49392589346566	0.23219094213987	0.10957091736565	2.2599985796172	0.23785668953999	0.48864695918618
27.2	1.4065123534144	0	0.27212843369113	4.0634153065413	0.041342493641958	1.3916512184096	2.3105908052901	4.2849855774698	0.50793661065648	0.23820509105507	0.1117823103057	2.3063468030681	0.24311418286724	0.4594973971962
27.48	1.4121662604419	0	0.27864517750784	4.0691542135305	0.042636139085817	1.3936044586254	2.3689301581652	4.2372625700028	0.52562072322124	0.24552007624857	0.11443289671309	2.361939191647	0.24943858310814	0.42460095718309
27.872	1.4195845423005	0	0.28588052119987	4.0767232085758	0.044098592038476	1.3961710033679	2.4339516632716	4.1713432273065	0.54644012433057	0.25380016792912	0.11737350009163	2.4236928489022	0.25650128351814	0.38548303742071
28	1.4216401657663	0	0.2878358054901	4.078860569539	0.044500730478713	1.3968958997537	2.4516091146644	4.1500406768245	0.55230591647556	0.25607690534672	0.11816756053142	2.4403895904009	0.25842241997675	0.37470093021606
28.2	1.4229647271964	0	0.29051399660747	4.0783437864368	0.045059716375513	1.39674697947	2.4758521377605	4.1169732279043	0.56058338771827	0.25923912696963	0.11925452032989	2.4632687972384	0.26106588721481	0.35574410852925
28.48	1.4235563066054	0	0.29355746918819	4.0777873747449	0.045711894859993	1.3965927421738	2.503572323016	4.0711214328465	0.57045107506241	0.26292584975391	0.12048828432992	2.489288425601	0.26409825181247	0.33318219371355
28.872	1.4240654062679	0	0.29659984996666	4.0762492809484	0.046398974762894	1.3961235786345	2.5316283108589	4.0077867835572	0.58120146592091	0.26680202332228	0.12171854449562	2.5153408088468	0.2671872284967	0.30799372090676
29	1.4239516834271	0	0.29733121405637	4.0754668966813	0.046574629777714	1.3958771573308	2.5384784690647	3.9873194986879	0.58403920558315	0.26779056271859	0.12201337220027	2.5216162024413	0.26794718427608	0.30105727852741
29.2	1.4227248249721	0	0.29823174149472	4.0718928486125	0.04680440636821	1.394710715102	2.5470431214442	3.9555486139471	0.58785576261324	0.26908026362861	0.12237524383964	2.5293588855543	0.26890498136382	0.28903465596889
29.48	1.4198709862952	0	0.29903969866021	4.0668695369828	0.04704236052037	1.3930721621084	2.5550449527283	3.9114946547507	0.59202385333451	0.27040937509002	0.12269719660094	2.5363430529574	0.26981732121463	0.27473189097859
29.872	1.4158045925058	0	0.29939182593916	4.059188947859	0.04723060006613	1.3905643389781	2.559367229631	3.8506433421404	0.59581515591842	0.27144523824643	0.12283022509574	2.5394871016926	0.2703544277232	0.25871148667591
30	1.4142727704675	0	0.29934001171269	4.0564728780413	0.047260938711194	1.389676545329	2.5593029654916	3.8309785709547	0.59661192675542	0.27160626710098	0.12280564401444	2.5390933000872	0.27037105555589	0.25427960877837
30.2	1.4113466742432	0	0.29910519508422	4.0508074716548	0.047279773924117	1.3878168468875	2.5578468594527	3.8004534099053	0.59745595072967	0.27169507664303	0.12270449518941	2.5371677043855	0.27025113747546	0.24667018881198
30.48	1.4062179001416	0	0.2984897470517	4.042784434881	0.047252955959124	1.3851839892058	2.553281784642	3.7581267897359	0.59787766077052	0.27151662896436	0.1224459782277	2.5320301451791	0.26981173326673	0.23757450807369
30.872	1.399155720069	0	0.29713725151774	4.0310317415183	0.04712357534952	1.3813263387221	2.5425492917485	3.6996614357825	0.59715582688302	0.27074398092144	0.12188391096829	2.5206568532301	0.26872917973479	0.22727217858067
31	1.3967021074655	0	0.29659126408517	4.0270434264568	0.047061711532064	1.3800167964521	2.5381185363484	3.680767711146	0.59663915455834	0.27038002484947	0.12165783426465	2.5160542577044	0.2682760191553	0.22439149888687
31.2	1.3926356149412	0	0.29564220692694	4.0199150006183	0.046947028278518	1.3776723498938	2.5303503864781	3.6514394278313	0.59557656511703	0.26970876334992	0.12126547335188	2.5080453916459	0.26747676376562	0.21945892609035
31.48	1.3860020692241	0	0.2941356097666	4.0098546040732	0.046753274300969	1.3743640608352	2.5179059669223	3.6107724157827	0.59361017441189	0.26858002424161	0.12064364373648	2.4953174108749	0.26618910954648	0.21350074082357
31.872	1.3769851522314	0	0.29172416492877	3.9953965458369	0.046424901653568	1.369608860676	2.4978047824534	3.5545994635659	0.59003429818853	0.26667473659276	0.11964990938806	2.4749236779077	0.26409759614019	0.2066163344758
32	1.3739369662322	0	0.29087325188804	3.9905739449029	0.046305590584185	1.3680223826583	2.4906747382875	3.5364465525533	0.58869192617356	0.26598383145016	0.11929954779457	2.4677234424105	0.26335366607045	0.20465779269192
32.2	1.3691162668448	0	0.28948562507604	3.9824419903633	0.046108046415495	1.3653447610353	2.4790224127136	3.5082682169536	0.58643481504266	0.26484110485099	0.11872844467369	2.4559782289734	0.26213584061302	0.20129321028436
32.48	1.3615086676628	0	0.28743615848386	3.9710238711164	0.04581135792357	1.3615852740695	2.4617661457292	3.4691957389359	0.58298172491696	0.26312674819847	0.11788539466028	2.438624918445	0.26032941022878	0.19716321511808
32.872	1.3512505243891	0	0.28438796171503	3.9548125611897	0.045361566749379	1.3562466409572	2.4360146052902	3.415225301735	0.57764630167003	0.2605308618489	0.11663224072239	2.4128051635469	0.25762830752801	0.19225758380484
33	1.3478313215319	0	0.28335579640663	3.9494592753316	0.045207525220177	1.3544833733623	2.4272745163773	3.3977841570913	0.575799040462	0.25964246204571	0.11620804984196	2.404060199828	0.25671058505398	0.19083047285134
33.2	1.3425357182285	0	0.28170967565835	3.940677038806	0.044960221143671	1.3515888249714	2.4133240481549	3.3707106797428	0.57281557113453	0.25821687852347	0.11553167037384	2.3901117476792	0.25524454622373	0.18836570813567
33.48	1.334334243555	0	0.27934469486314	3.928405168743	0.044602398177936	1.3475440926356	2.3932585495839	3.3331702139164	0.56846713905019	0.25615509432927	0.11456015356421	2.3700687525732	0.25313445308535	0.18528050394464
33.872	1.3233393668318	0	0.27593506809734	3.9111306820128	0.044081816267759	1.3418493547703	2.3642817398469	3.2813159306025	0.56208868628694	0.25315711009199	0.11315990064477	2.3411670229885	0.25008426210569	0.18150058213994
34	1.3197060158545	0	0.27480222924208	3.9054643429209	0.043907861268161	1.339981000966	2.3546413720302	3.2645586441575	0.55994631128945	0.25215565188772	0.11269475299129	2.3315633718189	0.24906898530091	0.18037489154923
34.2	1.3141406954639	0	0.27301486919642	3.8963053836784	0.043632378315362	1.3369594963111	2.3394256782609	3.2385467038082	0.55654252962733	0.25057017570102	0.11196093134978	2.3164099840758	0.24746569989503	0.17842508214299
34.48	1.3056210843229	0	0.27048226883488	3.8835582538206	0.043240652284012	1.3327540808283	2.3178539273745	3.2024781802237	0.55168489181262	0.24831612958577	0.11092128059287	2.2949364887551	0.24519193456212	0.17593651702822
34.872	1.2942496973569	0	0.26689003186861	3.865726409355	0.042682224455999	1.3268698010447	2.2872273719158	3.1526570765751	0.54473062063471	0.24510376717296	0.10944687548969	2.2644752925061	0.24196194241924	0.17279909651511
35	1.2905131416954	0	0.26570878628136	3.8599044817837	0.042497988991079	1.3249482295788	2.277147317166	3.1365568345202	0.54242978994906	0.24404413989585	0.10896209206187	2.254457970311	0.24089859964891	0.17184555280737
35.2	1.2848273191197	0	0.26385617276862	3.8505760981513	0.042208348690185	1.3218679719377	2.2613360429874	3.1115648086938	0.53880498205893	0.24237865176729	0.10820182438959	2.2387466210542	0.23923003397576	0.17019586527962
35.48	1.2761874863089	0	0.26125165334266	3.837633689074	0.041800391485833	1.3175940489969	2.2391015641355	3.0769105129866	0.53368929277757	0.24003302300085	0.10713307691165	2.2166574710146	0.23688325931285	0.16805568083895
35.872	1.2646943684314	0	0.25759224865206	3.81961068333	0.04122545890581	1.3116408751626	2.2078429576667	3.0290428686085	0.52646259170238	0.23672786136094	0.10563160803996	2.1856197716664	0.23358286600164	0.16529612588158
36	1.2609323232301	0	0.25639627205842	3.8137457721342	0.041037173925359	1.309703203567	2.1976202215671	3.0135739085492	0.52409193187134	0.23564556181561	0.10514092456118	2.1754755247852	0.23250338445788	0.1644445951552
36.2	1.2552318557374	0	0.25452729433085	3.804399577283	0.040742436407025	1.3066141343391	2.1816445333154	2.9895618068696	0.5203752385369	0.23395166432272	0.10437415145267	2.1596225086483	0.23081590245029	0.16297705542093
36.48	1.2466104905673	0	0.25191229172351	3.7914629225321	0.040329646234767	1.3023379723798	2.1592892768714	2.9562662877939	0.51516399305474	0.23157937210919	0.10330136436795	2.1374408462668	0.2284544041328	0.16105009235105
36.872	1.2351719079569	0	0.24825956582454	3.7735069945577	0.039751934465549	1.2964011133761	2.1280502442926	2.910275508361	0.50786066603939	0.22825958003865	0.10180294887838	2.1064554898452	0.22515370754898	0.15852618715731
37	1.2314376462583	0	0.24707033472398	3.7676776384383	0.039563597835067	1.2944732757491	2.117874478363	2.8954130780681	0.5054772578355	0.22717737568855	0.101315123771	2.0963672091162	0.22407848929625	0.15773939173061
37.2	1.225795335187	0	0.2452161042129	3.7584202525715	0.039269566299139	1.2914105942236	2.1020090819313	2.8723424782236	0.50175173903191	0.22548810857633	0.10055453246225	2.0806374728281	0.22240165556257	0.15638934732243
37.48	1.2172866807941	0	0.24262957878546	3.7456286640178	0.038859223271353	1.2871782282108	2.0798771866482	2.8403524588447	0.49654919317916	0.22313059989838	0.099493592896037	2.0586950991841	0.22006247903334	0.15460220398762
37.872	1.2060210363768	0	0.23903010361283	3.7279159698349	0.03828745914828	1.2813159746019	2.049069310566	2.7961649534202	0.48929437155853	0.21984585445149	0.098017220002928	2.0281587336126	0.21680580066134	0.15223775179046
38	1.2023500112495	0	0.2378610978707	3.7221751916622	0.038101602924915	1.2794155359249	2.0390597692238	2.7818852712066	0.4869345707753	0.21877815774108	0.097537749105528	2.0182412314995	0.21574768898116	0.15149595025233
38.2	1.1968142421408	0	0.23604107508323	3.7130786719717	0.037811942655241	1.2764031218481	2.023476815155	2.7597192574407	0.48325300657235	0.2171143770982	0.096791273334211	2.0028005328362	0.21410005359096	0.15022768059327
38.48	1.1884801138177	0	0.233507262569	3.7005250680361	0.037408624151799	1.2722453854971	2.0017828027017	2.7289835498419	0.47812514956573	0.21479769590663	0.095752060895506	1.9813038919478	0.21180632251762	0.14854014565002
38.872	1.1774641574808	0	0.22998975086586	3.6831712787506	0.036848254649849	1.2664961994987	1.971660452476	2.6865286130475	0.47099753407536	0.21157898229723	0.094309433484581	1.9514611213615	0.20862109638184	0.14629390762812
39	1.173879103171	0	0.22884921655419	3.6775535100368	0.036666449266128	1.2646346280746	1.9618902890954	2.6728088297049	0.46868408127132	0.21053472527961	0.093841677328211	1.9417846523479	0.2075879831517	0.14558652745318
39.2	1.168480808682	0	0.22707523888065	3.6686645439624	0.036383423164138	1.2616880522752	1.9466948036574	2.6515119337285	0.46507935878001	0.20890929669155	0.09311414073267	1.9267338493488	0.20598088411467	0.1443800862979
39.48	1.1603600549913	0	0.22460874560978	3.6564082833477	0.035989934331534	1.2576247820999	1.9255684006612	2.62198135708	0.46006704619042	0.20664938882958	0.092102606432372	1.9058074044619	0.20374661094688	0.14276985896393
39.872	1.1496413227596	0	0.2211902399764	3.6394859278367	0.035444256996795	1.2520129786264	1.8962831733457	2.5811910559124	0.45311485497118	0.2035154452445	0.090700666270973	1.876803477388	0.20064922685531	0.1406191586274
40	1.146156111208	0	0.22008300539012	3.6340124491661	0.035267442966398	1.250197428024	1.8867954156611	2.5680092181429	0.45086155507996	0.20249997074468	0.090246591036135	1.8674091979696	0.19964576713366	0.13994042756822
40.2	1.1409140850243	0	0.21836193448965	3.6253597514451	0.034992395587705	1.2473263709879	1.8720485903888	2.5475473623696	0.44735350818834	0.20092052845886	0.089540787320758	1.8528067864975	0.19808583046645	0.13878462234968
40.48	1.133029694262	0	0.21597108617581	3.6134366647561	0.034610381767904	1.2433696872223	1.8515641892845	2.5191746642073	0.44248111244353	0.1987267328343	0.088560319915983	1.8325215287865	0.19591907916743	0.13723924239441
40.872	1.12263569639	0	0.21266102640718	3.5969883396831	0.03408128889309	1.2379097550614	1.8232006913962	2.4799837293077	0.43573258995578	0.19568829256699	0.08720290717228	1.8044369640043	0.19291872438292	0.13517144177123
41	1.1192581561468	0	0.21158969543157	3.5916713655889	0.033909995227897	1.2361444004307	1.8140187454638	2.4673187445921	0.43354739700898	0.19470459928532	0.086763571595645	1.7953470920138	0.19194746401321	0.13451814687371
41.2	1.1141829139924	0	0.20992515683143	3.5832712283831	0.033643671552119	1.2333544647591	1.7997532445867	2.447659187603	0.43014731641574	0.19317536299215	0.086080974305434	1.7812240152464	0.19043824757035	0.13340672346552
41.48	1.1065471238732	0	0.20761419888416	3.5717010179615	0.033274021619038	1.2295111888009	1.7799492655081	2.4203989682208	0.42542843167405	0.19105271038849	0.085133298048609	1.7616161954459	0.1883432129696	0.13191923145423
41.872	1.0964918810411	0	0.20441709406101	3.5557489769425	0.032762490351011	1.2242109246133	1.7525486266648	2.3827446894186	0.4188987801517	0.18811529513158	0.083822241528855	1.7344895299806	0.18544439770799	0.12992722095006
42	1.0932257885763	0	0.20338283008602	3.550594593673	0.032596978417515	1.2224979231038	1.7436831813048	2.3705762922636	0.41678583215484	0.18716485755566	0.083398116746829	1.7257140182001	0.18450651473952	0.12929753930629
42.2	1.088322270416	0	0.2017763558251	3.5424548506853	0.032339733805732	1.2197919270095	1.7299131999322	2.3516875764128	0.41349944086615	0.18568782875428	0.082739345474915	1.7120833941789	0.18304958880585	0.12822702455141
42.48	1.0809401198204	0	0.19954689843483	3.5312463197329	0.031982845790615	1.2160652886287	1.7108048112301	2.3254962161985	0.40894064656624	0.18363855543077	0.081825109718674	1.693166824893	0.18102796327527	0.12679352886198
42.872	1.0712286751346	0	0.19646408152943	3.5157991802276	0.03148926083911	1.2109279881761	1.6843801295615	2.2893183421569	0.40263659807393	0.1808043141106	0.080560942756628	1.6670095513688	0.17823218030762	0.12487323243125
43	1.0680751230985	0	0.19546712211933	3.5108093880278	0.03132961907015	1.2092681465172	1.6758336921838	2.2776270616661	0.40059755909557	0.17988762221607	0.080152122293067	1.6585504690347	0.17732797223093	0.12426609199377
43.2	1.0633445397748	0	0.19391890085413	3.5029321610749	0.03108155748389	1.2066470198822	1.6625615617379	2.2594789627422	0.39742697484836	0.17846337162981	0.079517248727016	1.6454139765036	0.17592362946972	0.12323452439988
43.48	1.0562162848107	0	0.1917708674752	3.4920868096992	0.030737513395846	1.2030378312554	1.6441490321688	2.2343145523819	0.39303031721077	0.17648791527769	0.078636414908116	1.6271881068921	0.17397550062773	0.12185277818254
43.872	1.0468477580304	0	0.18880164667137	3.4771441324038	0.030261879345439	1.1980637859521	1.6186955128453	2.1995551941822	0.38695314701865	0.17375683358557	0.077418845105015	1.6019944750515	0.1712823150733	0.12000170760434
44	1.043806078442	0	0.18784164119775	3.4723182340646	0.030108085536605	1.1964570145587	1.6104653866009	2.1883223229	0.38498809148882	0.17287374775339	0.077025182625376	1.5938488822284	0.17041151872931	0.11941641985944
44.2	1.0392471606285	0	0.18635101020583	3.464701810507	0.029869150434491	1.1939204118588	1.597685909019	2.1708858017627	0.38193311960203	0.17150193304859	0.076413931283965	1.5812009492183	0.16905924019479	0.1184225917963
44.48	1.0323699029818	0	0.18428325951769	3.4542162785031	0.029537831182864	1.1904278657353	1.5799600865617	2.1467080751783	0.37769774574487	0.16959958737792	0.07556602668158	1.5636561599677	0.16718367998144	0.11709114729195
44.872	1.0233395402008	0	0.18142567287705	3.4397716598229	0.029079911989652	1.1856153743199	1.5554616897266	2.1133116136873	0.37184525551339	0.16697028233116	0.074394243805716	1.539409601433	0.16459144413118	0.11530754974567
45	1.0204079223132	0	0.18050190375508	3.4351071951216	0.028931874215593	1.1840609932597	1.5475419251293	2.1025191776642	0.36995324995945	0.16612026641654	0.074015443379743	1.5315714324898	0.16375344548695	0.11474359471542
45.2	1.0160177659341	0	0.17906767124668	3.4277473110071	0.028701908238658	1.1816077131896	1.5352452131732	2.0857663337772	0.36701223364345	0.16479997208813	0.073427323113067	1.5194019802967	0.1624522061126	0.11378661113235
45.48	1.0093865514056	0	0.17707840444654	3.417615037058	0.028383069056753	1.1782299259943	1.5181911140328	2.0625366036953	0.36293546575049	0.16296931636058	0.072611607019374	1.5025230510927	0.16064765679003	0.11250433056419
45.872	1.0006871014695	0	0.17432971381017	3.4036581971452	0.027942479539969	1.1735759789351	1.4946249071229	2.0304496005666	0.3573032861917	0.16043955734767	0.071484484510255	1.4792003842085	0.15815397822865	0.11078670171747
46	0.99786300547979	0	0.17344124121745	3.3991515715598	0.027800062977204	1.1720729242175	1.4870075791196	2.0200803305987	0.35548277114999	0.15962183144475	0.071120159654511	1.4716616798911	0.15734794968797	0.11024360663094
46.2	0.99363764832095	0	0.17206189709693	3.3920422953826	0.027578847062154	1.1697011995093	1.4751809142941	2.0039843573857	0.35265314956957	0.15835179151417	0.070554549630201	1.4599579174147	0.15609641817232	0.10932264601278
46.48	0.98724621317261	0	0.1701489240822	3.3822546521834	0.027272166903876	1.1664355839428	1.4587800692649	1.9816654534328	0.34873118941848	0.15659097180928	0.069770121946207	1.4437262931252	0.15436094474851	0.10808844045437
46.872	0.97886885772221	0	0.1675059375728	3.368772853897	0.026848432615146	1.1619363298881	1.4361190699968	1.9508365655984	0.34331363393567	0.15415802149416	0.068686348485583	1.4213004686525	0.15196299222388	0.10643527146685
47	0.9761492933222	0	0.16665169387624	3.3644197641144	0.026711477082619	1.1604832934989	1.4287951115124	1.9408738695946	0.34156267405474	0.15337166181951	0.068336060686299	1.4140521800146	0.15118798227855	0.10591254943629
47.2	0.97208411176217	0	0.16532554718918	3.3575541110488	0.026498756027688	1.1581909931065	1.4174241561574	1.9254090115458	0.33884134764387	0.15215040537367	0.067792266462589	1.4027997739598	0.14998465152844	0.10502675145974
47.48	0.96592539381528	0	0.1634864600032	3.3481011885888	0.026203869829838	1.1550345162248	1.4016561401599	1.9039652207715	0.3350697374487	0.15045731826196	0.067038138456358	1.3871950413371	0.14831610635605	0.10383946241468
47.872	0.95786038015291	0	0.16094574189563	3.3350802092097	0.025796466111307	1.1506855826706	1.3798711674995	1.8743451182869	0.32986035990978	0.14811815495025	0.065996303584345	1.365636929297	0.14601080898518	0.10224913305389
48	0.98400138487574	0	0.15927922034186	3.4894904602232	0.026372119813704	1.2023061451072	1.3666553927832	1.8659145679697	0.33323463775469	0.1563150712822	0.065312939806481	1.3514963859176	0.14472187295038	0.10123500223986
48.2	1.1917448509419	0	0.16032070915341	4.5255478714389	0.031203812808223	1.5444093188477	1.3651050251612	2.5385047712321	0.40370132542591	0.22075257092947	0.065740002749291	1.3603335365474	0.14407129929375	0.097224573172526
48.48	1.3192661727562	0	0.16865355745975	5.0787608208734	0.034082650846727	1.7239209308663	1.4212867089322	3.471127092774	0.46692520355358	0.25890567214795	0.069156908188358	1.4310384605578	0.14882578997266	0.094848303069277
48.872	1.4151816100038	0	0.19210391523693	5.3462303498022	0.036999031406553	1.8094393538807	1.6042560772361	4.7593479834283	0.52793853026165	0.28559194155085	0.078772791678592	1.6300166618564	0.16657923860476	0.095034132915941
49	1.4436735955387	0	0.20226990604406	5.3996000624907	0.038145132722042	1.8263489336231	1.6849060122677	5.1756521450396	0.54647693822481	0.29362093717654	0.08294138463101	1.7162759166507	0.17466469051009	0.095842884157519
49.2	1.2693511964139	0	0.21822246471874	4.3675243720893	0.034836615847812	1.4911234472085	1.8229455345969	5.1344126076732	0.50276400058873	0.23741083469494	0.089482776044754	1.8516346663667	0.18896818494299	0.10099225236321
49.48	1.2000018183108	0	0.23797497322355	3.8518437475615	0.035099011387813	1.3215376310846	1.9979984990365	5.077229256752	0.4808175512107	0.216920221649	0.097582347495317	2.0192362981492	0.20779268759356	0.10696533412855
49.872	1.214762048521	0	0.26115535980969	3.7156759420617	0.038118622166839	1.276622418964	2.2029765248871	4.9982424079545	0.48909268213529	0.22432773350076	0.10708752986796	2.2159237538367	0.23001752829541	0.11488779823855
50	1.2278160161175	0	0.26775671694924	3.7166829876707	0.039209226449602	1.2769840467668	2.2613116251431	4.9727169759841	0.49621714397686	0.22920961114908	0.10979443480938	2.2719368035866	0.23634377350769	0.11746544262367
50.2	1.2512823711149	0	0.27717450256329	3.7368833435929	0.040871803036601	1.283699935636	2.3445457820749	4.9330944437176	0.50983870890664	0.23749961945201	0.11365622409287	2.3518474772789	0.24537007237781	0.12143969527603
50.48	1.2842353743038	0	0.28867630930542	3.7792004891506	0.043003780112804	1.2977110644538	2.4462853605374	4.8781532718626	0.53107212041582	0.24888282602471	0.11837257200919	2.449441239702	0.25640723870282	0.1269824062952
50.872	1.3269457461412	0	0.30186490275609	3.8411918151514	0.045529852664844	1.3181722142218	2.5631620045899	4.8022635438777	0.56047919178135	0.26286212854724	0.12378059142115	2.5613475253829	0.26910175639946	0.13448249975126
51	1.3394550050941	0	0.305541866965	3.860053821548	0.046245406846718	1.3243850090217	2.5957483583142	4.7777389620226	0.56944003944221	0.26686546640116	0.12528834079276	2.5925468654259	0.27264714987154	0.1368205298251
51.2	1.3577899516426	0	0.31070410511333	3.8877557151006	0.047260229143721	1.3334981587887	2.6416244976253	4.7396700293206	0.58263816076073	0.27256271490615	0.12740513083537	2.6363488758871	0.2776416838779	0.14035515313895
51.48	1.3796221753729	0	0.3168381440974	3.9221421974132	0.048484165804666	1.3447887814972	2.696288007494	4.6868831055042	0.59923512113387	0.27945221701817	0.12992041044442	2.6883966962372	0.28360466856275	0.14502886219391
51.872	1.4050253369461	0	0.32353618184801	3.9618055496337	0.04985466931215	1.3577771221831	2.7562576486179	4.6139690282657	0.61865051088473	0.28717165281813	0.1326669591898	2.7452300936214	0.29017018092369	0.15094044973711
52	1.4120048948883	0	0.32531594827912	3.9728024436164	0.050227665784669	1.3613705408639	2.7722304272683	4.5904060501111	0.62408224840939	0.28927081771634	0.13339675726367	2.7603315575837	0.2919263239967	0.15270548209304
52.2	1.4220437074307	0	0.32771993289742	3.9883189470736	0.050742254134639	1.3664345789371	2.7939341162017	4.5538297935699	0.63171377786733	0.29216283062838	0.13438251767039	2.7807295644859	0.2943183427813	0.15542670494284
52.48	1.4329978690399	0	0.33037989349584	4.0064468137715	0.051333808787784	1.3723373140613	2.8181460523665	4.5031126378139	0.64072015685959	0.29548177532683	0.13547324164492	2.8032995496511	0.29700264862892	0.15888811817692
52.872	1.4448345899821	0	0.33288682476123	4.0255164583993	0.051939217949035	1.3785229223671	2.8413691972688	4.4330575157711	0.65034679741278	0.2988638136958	0.13650121536514	2.8245710705814	0.29961107947649	0.16303905876452
53	1.4477852833996	0	0.3334439148936	4.0303617652388	0.052088808334441	1.3800886507222	2.8466441134257	4.4104184341132	0.65283413580796	0.29969493195336	0.13672965157777	2.8292980275558	0.30021442657725	0.16423185361566
53.2	1.4519837695958	0	0.33407276728675	4.0369777440396	0.052278551915196	1.382223075239	2.8527843605773	4.3752763210766	0.656124008958	0.30074290861869	0.13698751401476	2.8346338943765	0.30093007665203	0.16618299572144
53.48	1.455482338207	0	0.33450185008686	4.0436786574709	0.052461082515467	1.3843709118754	2.8574264893078	4.326547770159	0.65957637841463	0.3017386028904	0.13716346026477	2.8382747015006	0.30150577081014	0.16857210054117
53.872	1.4582232528458	0	0.3343268878715	4.0487063554919	0.052573272991958	1.3859521000342	2.8571114166925	4.2592394913007	0.66240612155784	0.30231861866188	0.13709171601224	2.8367901399128	0.30157676091388	0.1712652880515
54	1.4585022603003	0	0.33410392489452	4.0494151492168	0.052579148637329	1.3861634158777	2.8555509982449	4.2374880785199	0.66289758687449	0.30233336229087	0.13700028925178	2.8348982833225	0.30144264827661	0.17200036535393
54.2	1.4588343901324	0	0.33360267936839	4.0500444761883	0.052560151084779	1.3863395712226	2.8517687293313	4.2037238733691	0.66327636108695	0.30219596295896	0.13679475185678	2.8306451781167	0.30108802199026	0.17331026735046
54.48	1.4574405942396	0	0.33261637283601	4.0491410633438	0.052480514947092	1.386002717081	2.8439750469694	4.1569059496358	0.66305389839674	0.30170280732793	0.13639031372937	2.8222762925355	0.30032170486164	0.17483627422308
54.872	1.4542618980006	0	0.33074914519333	4.0449184079216	0.052277863282286	1.3845653909954	2.8287810618247	4.0922368030224	0.66144522999616	0.3004951637463	0.1356246512805	2.806432722198	0.29878591609048	0.17639815650113
55	1.4528114915625	0	0.33003628103112	4.0429181538369	0.05219230657439	1.3838934624018	2.8229153407692	4.0713382527639	0.66064290819537	0.29999087798648	0.13533233916232	2.8003840144973	0.29818652590173	0.17678531785327
55.2	1.4506213082106	0	0.32882768607905	4.0395676696642	0.052040828321435	1.3827724316056	2.8129084033187	4.0388979262173	0.65914041829128	0.29910172448948	0.13483675114812	2.7901289922927	0.29715908305742	0.17756206406576
55.48	1.4460644057106	0	0.32696027336175	4.0336702627026	0.051795564263512	1.3808089569	2.7973552192203	3.9939157115857	0.65655868272402	0.29766881822683	0.13407101295576	2.7742838495627	0.29555357393472	0.17838924629906
55.872	1.4390912603309	0	0.32404881382619	4.0234409956717	0.051395445459805	1.3774164957557	2.7729562885021	3.9317822129035	0.65212504555393	0.29534115110893	0.13287716029008	2.7495798872311	0.29302135359772	0.17906308394492
56	1.4365397267887	0	0.32303596338372	4.0196938952294	0.051252882520888	1.3761761551055	2.7644437010266	3.9117030840761	0.65050437901048	0.29451362420208	0.13246183795688	2.7409857716916	0.2921352502401	0.17918228165036
56.2	1.432725262028	0	0.32139663680325	4.0137312897864	0.05101916206621	1.3742047088579	2.7506341313448	3.8805347261998	0.64781603866658	0.29315838656077	0.13178962723192	2.7270759567901	0.29069561103618	0.17950914644516
56.48	1.4261560131111	0	0.31899754367226	4.0046006066754	0.050671864507363	1.3711889718499	2.7303827539059	3.8373162414395	0.64375816539023	0.2911473596053	0.13080587199805	2.706719462737	0.28858045514671	0.17975960511505
56.872	1.4167975026168	0	0.31546534333628	3.9905392748344	0.050151577919124	1.3665494724916	2.7004904734002	3.7776189660636	0.63757696588541	0.28813917197098	0.12935748283288	2.6767484644574	0.28545154208829	0.17972082770928
57	1.4135610449207	0	0.31427653531246	3.9856890301716	0.049974680489372	1.364950076399	2.6904166385522	3.7583271291231	0.63545471626397	0.28711728903268	0.12887000860256	2.6666613345843	0.28439572136591	0.17962890812151
57.2	1.4087226785868	0	0.31238704595524	3.9780456917219	0.049691797978781	1.3624308303883	2.6743874717673	3.728380865917	0.63204383403614	0.28548397923463	0.12809521793385	2.6506288682437	0.28271445682883	0.17957687127025
57.48	1.4009080182543	0	0.30968420163678	3.9668699839748	0.049284302962376	1.3587485609416	2.6514369721043	3.686856954923	0.62709680482374	0.28313260527868	0.12698690868067	2.6276950207211	0.28030512468731	0.17935013936507
57.872	1.3901000129836	0	0.30580718500253	3.950435546922	0.048694635515261	1.3533351480248	2.6184721895443	3.6295003779643	0.61988227172552	0.2797324999862	0.12539712663637	2.5947982281322	0.276840568186	0.17873586927083
58	1.3864547584822	0	0.30452315159287	3.9449130998571	0.048498289887334	1.3515163589972	2.6075454814694	3.6109649633651	0.61746815206142	0.27860084496751	0.1248706049734	2.5839031031114	0.27569143856442	0.17847630588797
58.2	1.3809960291361	0	0.30250095387323	3.9362257079296	0.048187954138551	1.3486556117586	2.5903277409475	3.5821928767237	0.61364141305889	0.27681277257841	0.12404139687478	2.5667445955042	0.27387978964247	0.17811149814411
58.48	1.3724496212246	0	0.29964245781165	3.9238101021921	0.047747674609874	1.3445675419494	2.5659784432798	3.5422970955139	0.60819298600981	0.27427676113167	0.12286926219705	2.542490030235	0.27131660850365	0.17749639408101
58.872	1.3608163334204	0	0.29559960242849	3.9059847742869	0.047121837142523	1.3386981458766	2.5315130873639	3.4871894384139	0.60041570684421	0.27067335772761	0.12121147752235	2.5081860822711	0.26768611517003	0.1764234841752
59	1.3569461004757	0	0.29427263429666	3.9000794321929	0.046915766181038	1.3367535921232	2.5201933597304	3.4693807871255	0.597847678961	0.26948714788669	0.12066735036076	2.4969266525993	0.26649332168613	0.17603236366868
59.2	1.3511397739856	0	0.29219372577152	3.8907851022525	0.046592143799898	1.3336929025252	2.5024549776221	3.4417368380138	0.59380673323242	0.26762473297489	0.11981488784466	2.4792869491232	0.26462344558208	0.17541787064345
59.48	1.3422073114255	0	0.28927524724353	3.877677413696	0.046136932458565	1.3293763758022	2.4775477725298	3.4034053481812	0.58811127956339	0.2650054308585	0.1186181571989	2.4545234276338	0.261997267948	0.17449646859478
59.872	1.3301667284095	0	0.28518187015285	3.8591247155514	0.045496494241336	1.3232657797565	2.4425957589648	3.3504584315005	0.58007900766662	0.26132116274201	0.11693965597152	2.4197907986899	0.25831042665018	0.1730688610185
60	1.3261942391141	0	0.28384558464543	3.8530312086729	0.045287000924387	1.3212585057365	2.4311792642625	3.3333480474909	0.57744711051573	0.26011617449247	0.11639170819898	2.4084523102641	0.25710598197484	0.17257753411717
