Hions_Offset = 0.1155758345125# Time [h]	Butyric -	Propionic -	Carbondioxide -	Valeric -	Acetic -	Nitrogen -	Water -	Hions -
0.2	0.00012706393910388	0.00035282936655812	0.013232066960246	3.6063022127038e-05	0.01865002666381	-0.12248452927475	2.6043977509855e-07	0.01439348535077
0.48	0.00011576119652037	0.00041324889199613	0.0050430812551754	3.5743743029559e-05	0.010144163288354	-0.10005944122077	2.3011535433336e-08	0.0082063180641302
0.872	4.254076328418e-05	0.00018673806702981	0.00031109971735381	1.354797306985e-05	0.0035509980835619	-0.076305413032177	4.9851417012045e-10	0.038628977760844
1	2.585661253753e-06	1.1184119546573e-05	6.4312205384598e-06	8.638901196848e-07	0.00026277254409708	-0.069895857811565	1.0709561726289e-11	0.045282063263829
1.2	5.3625511424811e-08	2.7646514954739e-07	1.3243133432723e-07	1.8242234296228e-08	4.3264794920763e-06	-0.060986249706174	2.0758197007517e-13	0.057775424142228
1.48	3.9715926756677e-08	2.1839689415686e-07	9.4075586539828e-08	1.3579462087811e-08	2.86724699268e-06	-0.050426413935135	1.7557615897497e-13	0.065152649748425
1.872	2.6073372295216e-08	1.500898408268e-07	5.9179562999385e-08	8.9544542165347e-09	1.4921496303563e-06	-0.038682136921414	1.3745129785541e-13	0.076895737504656
2	2.3330386197918e-08	1.3501336495325e-07	5.2623882526207e-08	8.0237666496513e-09	1.2197822031641e-06	-0.035451604664439	1.3026286850153e-13	0.08012568435478
2.2	1.9930723698479e-08	1.1543923037113e-07	5.0927676972146e-08	6.8652214571656e-09	8.4891025609482e-07	-0.03094352193886	1.2166701965128e-13	0.084633375312503
2.48	1.6392570843938e-08	9.4008471573546e-08	4.0027851378568e-08	5.6546779899569e-09	5.2982631399098e-07	-0.025595737593024	1.1313090685803e-13	0.089980800894817
2.872	1.2887795204682e-08	7.2050455574971e-08	2.9265821456702e-08	4.4498899704595e-09	3.1861919468446e-07	-0.019656309631668	1.0522846332485e-13	0.095919974204556
3	1.1979176958284e-08	6.6295387447559e-08	2.6701139309723e-08	4.1372421588061e-09	2.7911367911853e-07	-0.018023677140962	1.032892460117e-13	0.097552546783906
3.2	1.0736860808388e-08	5.8473716640087e-08	2.5564778535003e-08	3.7078641640442e-09	2.2216748235508e-07	-0.015745947334122	1.0072731126771e-13	0.099830209310323
3.48	9.2875202870318e-09	4.9484215227853e-08	2.13185471721e-08	3.205260740172e-09	1.7847872714131e-07	-0.013042504407536	9.788322205076e-14	0.10253359313368
3.872	7.6784715908296e-09	3.9799242577882e-08	1.7203643121315e-08	2.6451201274417e-09	1.4580612328739e-07	-0.010033848008811	9.4941964370701e-14	0.10554220059582
4	7.2319799945244e-09	3.7167102825952e-08	1.6205307361883e-08	2.4895627522416e-09	1.3806713189805e-07	-0.0092056515383749	9.4170150686004e-14	0.10637038434624
4.2	6.6009764861602e-09	3.3515514999406e-08	1.5724073498885e-08	2.2689841767081e-09	1.2699354510997e-07	-0.0080486780790476	9.3117518431045e-14	0.10752734175561
4.48	5.834367238525e-09	2.9187722607717e-08	1.395388729166e-08	2.0003318515319e-09	1.1517950698249e-07	-0.0066729821200868	9.190303308772e-14	0.10890301876465
4.872	4.9452192338475e-09	2.4323088685931e-08	1.2171673007564e-08	1.6878434272061e-09	1.0252644856402e-07	-0.0051395438947417	9.0594445648725e-14	0.11043643647432
5	4.6916815998761e-09	2.2960713012677e-08	1.1716174342887e-08	1.5986850381056e-09	9.9013306993702e-08	-0.0047171095649909	9.0241974273855e-14	0.11085886499288
5.2	4.3284302321372e-09	2.1034698751942e-08	1.1556287072953e-08	1.4706275662997e-09	9.4199891705486e-08	-0.0041266591266409	8.9754936373456e-14	0.11144930803877
5.48	3.8795566987823e-09	1.8694115807265e-08	1.0636873065785e-08	1.3120728368072e-09	8.8394191925413e-08	-0.0034241038282422	8.9183794540996e-14	0.1121518536635
5.872	3.3493765968319e-09	1.5983800585882e-08	9.6835068163906e-09	1.1243415116604e-09	8.1699376063004e-08	-0.0026404849915161	8.855721211146e-14	0.11293546141989
6	3.1964583386763e-09	1.521062349094e-08	9.4335818669073e-09	1.0701586319196e-09	7.9788778958958e-08	-0.0024245316210403	8.8386435294255e-14	0.11315141161327
6.2	2.9763180415408e-09	1.4105912103308e-08	9.3966900415857e-09	9.9197828902609e-10	7.7144591251826e-08	-0.0021226562695743	8.8149064536476e-14	0.11345328287924
6.48	2.7028695309997e-09	1.274636412478e-08	8.8408594672917e-09	8.9463979337795e-10	7.3910928490344e-08	-0.0017634720377674	8.786866670762e-14	0.11381246159038
6.872	2.3785720373901e-09	1.1151720075588e-08	8.2658827807874e-09	7.7880144766671e-10	7.0158441169799e-08	-0.0013630120099316	8.7558622802686e-14	0.11421291525398
7	2.2847871661115e-09	1.0693483488717e-08	8.1152098106967e-09	7.4524849725799e-10	6.9087666605287e-08	-0.0012527039766449	8.7473692631032e-14	0.11432322146954
7.2	2.149971283595e-09	1.003688553142e-08	8.1387326805809e-09	6.9684814532467e-10	6.761290150114e-08	-0.0010986275746116	8.7355402031573e-14	0.11447729557971
7.48	1.9831443116639e-09	9.2274749371113e-09	7.7758086140334e-09	6.3666822758083e-10	6.5835167157313e-08	-0.00091560175889271	8.7215396664679e-14	0.11466031821775
7.872	1.7867142476381e-09	8.2791163888495e-09	7.4131275573932e-09	5.6524735900108e-10	6.3849740575629e-08	-0.00071224439155964	8.7060485000132e-14	0.11486367201968
8	1.7301130412583e-09	8.0068433916404e-09	7.3207333075696e-09	5.4457147552517e-10	6.3300245756815e-08	-0.00065639780416104	8.7018061303021e-14	0.11491951761238
8.2	1.6492690577919e-09	7.617870147385e-09	7.3847594655819e-09	5.1482039747402e-10	6.2584745875772e-08	-0.00057863881372948	8.6959076392353e-14	0.11499727545131
8.48	1.5502791183701e-09	7.1413324972524e-09	7.1412753930088e-09	4.779626146632e-10	6.178607575472e-08	-0.00048680408386354	8.6889541158101e-14	0.11508910852626
8.872	1.4350446519855e-09	6.5875932049585e-09	6.9161243172311e-09	4.3425556821563e-10	6.1037184665431e-08	-0.00038584293076456	8.6813253538796e-14	0.11519006799202
9	1.4018983879108e-09	6.4289794833344e-09	6.8628284560711e-09	4.2154778194459e-10	6.0856774437849e-08	-0.00035835937965798	8.6792515224894e-14	0.11521755110401
9.2	1.3546321962406e-09	6.2027454157427e-09	6.9589488242544e-09	4.031754890621e-10	6.0696031120861e-08	-0.00032039658854198	8.6763889467965e-14	0.11525551353837
9.48	1.2966101014862e-09	5.9253599353171e-09	6.795331721966e-09	3.8013980612012e-10	6.05962577557e-08	-0.00027616612766986	8.6730567171419e-14	0.11529974337718
9.872	1.2273253604432e-09	5.598047900812e-09	6.6649226887756e-09	3.5192742326556e-10	6.0671055477669e-08	-0.00022860268568812	8.6694769056356e-14	0.1153473063384
10	1.2067354380129e-09	5.5021727153896e-09	6.6388923660665e-09	3.4346633664859e-10	6.0719778341868e-08	-0.00021587635241791	8.6685196911888e-14	0.11536003256919
10.2	1.1763916613836e-09	5.3624157751576e-09	6.7594415317355e-09	3.3088275850691e-10	6.0886823769732e-08	-0.00019853386961213	8.667215674591e-14	0.11537737515677
10.48	1.1367658910096e-09	5.1830273549878e-09	6.6470658823488e-09	3.1429864990532e-10	6.1119938291648e-08	-0.00017875096407248	8.6657287704586e-14	0.11539715794733
10.872	1.0843326152742e-09	4.9528954636587e-09	6.5775083973153e-09	2.9243540730087e-10	6.1433581115146e-08	-0.00015810170880764	8.664177422153e-14	0.11541780714209
11	1.0676534820417e-09	4.8810918303401e-09	6.5685396063165e-09	2.8556949955207e-10	6.1518316625967e-08	-0.00015269482586477	8.6637713254212e-14	0.11542321400539
11.2	1.0418863265694e-09	4.7720238032633e-09	6.7032635795302e-09	2.750611213399e-10	6.1693740722841e-08	-0.0001454315703577	8.6632258616059e-14	0.11543047742564
11.48	1.006017687436e-09	4.6223059296951e-09	6.6171231019382e-09	2.6067212777824e-10	6.1833496237678e-08	-0.00013732516462575	8.6626172046755e-14	0.11543858368496
11.872	9.5600255657217e-10	4.4158597194745e-09	6.5782632601913e-09	2.4116393407207e-10	6.1873936252186e-08	-0.00012910374266495	8.6620000307679e-14	0.11544680483248
12	9.398690453228e-10	4.3493041823397e-09	6.5774771422552e-09	2.3500486364554e-10	6.1854762038509e-08	-0.00012699820189746	8.66184199054e-14	0.11544891026441
12.2	9.149495358033e-10	4.2472468941684e-09	6.7164651432929e-09	2.2561992531794e-10	6.1822398622887e-08	-0.00012421504871286	8.6616330920134e-14	0.11545169338784
12.48	8.8049388317378e-10	4.1054239916047e-09	6.6383366728413e-09	2.1290359915324e-10	6.1669648027559e-08	-0.00012120968126177	8.6614075587715e-14	0.11545469833541
12.872	8.3370941465106e-10	3.9105728355018e-09	6.6099330222101e-09	1.960994843394e-10	6.1312638347808e-08	-0.00011833665443427	8.6611919895785e-14	0.11545757071838
13	8.1895697097129e-10	3.8484458577024e-09	6.6119537739916e-09	1.9090049688318e-10	6.1172917814237e-08	-0.00011764473484727	8.6611400803993e-14	0.11545826241818
13.2	7.965318312412e-10	3.7539302081849e-09	6.7497870584558e-09	1.830893072995e-10	6.0912654317231e-08	-0.00011678829185176	8.6610758281064e-14	0.115459118614
13.48	7.6628932950923e-10	3.6249697752078e-09	6.6715345453147e-09	1.7274295423724e-10	6.0491803440576e-08	-0.00011600849863763	8.6610173620447e-14	0.11545989773857
13.872	7.2645374958183e-10	3.4523413957387e-09	6.6458237916281e-09	1.5944601620079e-10	5.9818610416023e-08	-0.00011554872607807	8.660982932127e-14	0.11546035658647
14	7.1410436278795e-10	3.3982123320722e-09	6.6489092487704e-09	1.5539719712721e-10	5.9586884788053e-08	-0.00011551514466205	8.6609804354897e-14	0.11546038986873
14.2	6.9546823675027e-10	3.3160324542802e-09	6.7846992117989e-09	1.4935396318064e-10	5.9155521195389e-08	-0.00011558348751969	8.6609855961751e-14	0.11546032112345
14.48	6.7069872451441e-10	3.2057660158887e-09	6.705309437704e-09	1.414645419078e-10	5.8535088971778e-08	-0.00011592681687195	8.6610114271729e-14	0.11545997695136
14.872	6.3849484977749e-10	3.0607733571805e-09	6.682098425991e-09	1.3146641441064e-10	5.7621130275188e-08	-0.00011678486169069	8.6610759065089e-14	0.1154591177822
15	6.2855898755184e-10	3.0157109277838e-09	6.6864324416606e-09	1.2844047802814e-10	5.7317079281327e-08	-0.00011713264297515	8.6611020335595e-14	0.1154587696432
15.2	6.1356531801216e-10	2.947141687907e-09	6.8214916287055e-09	1.2392686001113e-10	5.6766606384645e-08	-0.00011775871914224	8.6611490574864e-14	0.11545814306355
15.48	5.9370339609284e-10	2.8558338185378e-09	6.7424924716524e-09	1.1806327821037e-10	5.5995466819207e-08	-0.00011881763673587	8.6612286017086e-14	0.1154570831788
15.872	5.6788336690725e-10	2.7364863204545e-09	6.7238440280739e-09	1.106518944624e-10	5.4886968958602e-08	-0.00012057986667364	8.661360954827e-14	0.11545531966917
16	5.5989558675632e-10	2.6994413546305e-09	6.7300786148649e-09	1.0840697809916e-10	5.4522871113681e-08	-0.0001212019905283	8.6614076769632e-14	0.1154546971402
16.2	5.4780907378041e-10	2.6429242112526e-09	6.8659679309694e-09	1.0505229799517e-10	5.3888444491364e-08	-0.00012223903438435	8.6614855535304e-14	0.11545365952587
16.48	5.3175413511593e-10	2.5676918038784e-09	6.7887059117945e-09	1.0068840028948e-10	5.3003635741687e-08	-0.00012383851428989	8.6616056827555e-14	0.11545205898827
16.872	5.1076897712618e-10	2.469181766312e-09	6.7761281635326e-09	9.5150956303435e-11	5.1746141237232e-08	-0.00012630205819698	8.6617906960208e-14	0.1154495940493
17	5.0424336919674e-10	2.4385180127926e-09	6.7846698244615e-09	9.3466364468877e-11	5.1336786311921e-08	-0.0001271396071568	8.6618535954719e-14	0.11544875606069
17.2	4.943389751848e-10	2.3916324383769e-09	6.9222199468725e-09	9.0941775901201e-11	5.0645011430112e-08	-0.00012850021743622	8.661955771198e-14	0.11544739483689
17.48	4.8112603742896e-10	2.3290407136077e-09	6.846929975686e-09	8.7643562460339e-11	4.9683776353074e-08	-0.00013052382597924	8.6621077555785e-14	0.11544537011275
17.872	4.6375159073064e-10	2.2467118283318e-09	6.8405431192359e-09	8.3430368798755e-11	4.8334103309817e-08	-0.00013352884517453	8.6623334443825e-14	0.11544236363363
18	4.5832376151707e-10	2.2209902128974e-09	6.8513716165624e-09	8.2141553336183e-11	4.7899149541603e-08	-0.000134529865822	8.6624086254714e-14	0.11544136215647
18.2	4.5006544301028e-10	2.1815905997347e-09	6.9905103778884e-09	8.0203740454006e-11	4.7175516962545e-08	-0.00013613334952078	8.6625290499731e-14	0.11543975803871
18.48	4.3900940950184e-10	2.1288274917041e-09	6.9164202057248e-09	7.7659161592733e-11	4.6178496410282e-08	-0.00013846989124478	8.6627045515096e-14	0.11543742035955
18.872	4.2440443140099e-10	2.0591377191601e-09	6.9152294515048e-09	7.4384907120946e-11	4.4800559824153e-08	-0.00014185827330923	8.6629590578544e-14	0.11543403051085
19	4.1982704434046e-10	2.0373008933361e-09	6.9280163218514e-09	7.337779373975e-11	4.4361750702035e-08	-0.00014297071869646	8.6630426166932e-14	0.11543291761207
19.2	4.1285081942653e-10	2.0038028220934e-09	7.0680763134337e-09	7.1858480667112e-11	4.3632388980819e-08	-0.00014473667994364	8.6631752601494e-14	0.11543115101956
19.48	4.0348833278533e-10	1.9588404620236e-09	6.9939370620977e-09	6.9853463154261e-11	4.264045166234e-08	-0.00014727847777105	8.6633662024008e-14	0.11542860809937
19.872	3.9107877093508e-10	1.8992708032842e-09	6.9965428042758e-09	6.7254975434755e-11	4.1294912285786e-08	-0.00015090562764478	8.6636386792781e-14	0.11542497953206
20	3.8718023176103e-10	1.8805645288461e-09	7.0108827150392e-09	6.6451508150337e-11	4.0871875199882e-08	-0.00015208410564025	8.6637272103141e-14	0.11542380062201
20.2	3.8123035008473e-10	1.8518279937227e-09	7.151060181121e-09	6.523536669063e-11	4.0160805218879e-08	-0.00015394479860095	8.6638669905541e-14	0.11542193932229
20.48	3.7322852788607e-10	1.8131885591393e-09	7.0757214948505e-09	6.3622587209825e-11	3.9208439362668e-08	-0.00015660671455036	8.6640669867469e-14	0.11541927633043
20.872	3.6258671853944e-10	1.7618517580167e-09	7.0810448872066e-09	6.1517172533606e-11	3.7940908262163e-08	-0.00016037131369632	8.6643498335439e-14	0.11541551040506
21	3.5923503837099e-10	1.7456952042064e-09	7.0966743475642e-09	6.0862642562233e-11	3.7547162764163e-08	-0.00016158709826831	8.6644411818029e-14	0.11541429422226
21.2	3.5411144582153e-10	1.720834125966e-09	7.236412157081e-09	5.9868480157216e-11	3.6871953017494e-08	-0.0001635027689122	8.6645851170879e-14	0.1154123779852
21.48	3.4720241479543e-10	1.6873342426021e-09	7.1592114880743e-09	5.8543147586971e-11	3.5980695974987e-08	-0.00016624111804662	8.6647908917621e-14	0.11540963862592
21.872	3.3797329211495e-10	1.6426633247364e-09	7.166918942353e-09	5.6799179480645e-11	3.4813824884511e-08	-0.00017010428960206	8.6650811958621e-14	0.11540577423963
22	3.3505680631741e-10	1.6285633318323e-09	7.1838200711722e-09	5.6253811021621e-11	3.4454859695167e-08	-0.0001713493757793	8.6651747623383e-14	0.11540452879387
22.2	3.3058933387274e-10	1.606825832524e-09	7.3229361581948e-09	5.5422429725772e-11	3.3825210482471e-08	-0.00017331160577255	8.6653222237241e-14	0.11540256604634
22.48	3.2454378107125e-10	1.5774467359454e-09	7.2437081975857e-09	5.4307686335034e-11	3.3003502091044e-08	-0.00017612113769642	8.6655333875259e-14	0.11539975557698
22.872	3.1642564222585e-10	1.5380881067285e-09	7.254050395777e-09	5.2828534650188e-11	3.1941580989996e-08	-0.00018008547035663	8.6658313504004e-14	0.11539579014384
23	3.1385078111191e-10	1.5256220152156e-09	7.2723563009531e-09	5.2363233941587e-11	3.1617437303918e-08	-0.00018136202631277	8.6659273001613e-14	0.11539451326658
23.2	3.0989871830366e-10	1.506373287995e-09	7.4108089753433e-09	5.165155133157e-11	3.1040050186583e-08	-0.00018337283583833	8.6660784421336e-14	0.11539250199424
23.48	3.0453192059801e-10	1.4802704250928e-09	7.3294584201255e-09	5.0692025945257e-11	3.0292924929145e-08	-0.00018624868157292	8.6662946329669e-14	0.11538962528762
23.872	2.9729395987993e-10	1.4451478062105e-09	7.3425234116075e-09	4.9409744869493e-11	2.9339310613042e-08	-0.00019029057191919	8.6665984855663e-14	0.11538558241313
24	3.1726291038474e-10	1.4604742816083e-09	7.3504776590148e-09	5.0650224853222e-11	3.0089993615663e-08	-0.00019183973264787	8.666714860863e-14	0.11538403404765
24.2	4.8829822780981e-10	1.8650902891536e-09	7.567289629391e-09	6.2752638966925e-11	3.7173294798775e-08	-0.00019258609346057	8.6667703896887e-14	0.11538329557375
24.48	5.9608421447066e-10	2.2457715800582e-09	7.6265780907685e-09	7.0489233553246e-11	4.1103310018757e-08	-0.00019239208129619	8.6667555053003e-14	0.11538349407122
24.872	6.7523487944434e-10	2.6294891177228e-09	7.8080927019063e-09	7.8491658765929e-11	4.2902913828335e-08	-0.00019178464734307	8.6667096946988e-14	0.11538410395706
25	6.9893041352106e-10	2.7476265280257e-09	7.8737346595828e-09	8.158742761392e-11	4.3226978257127e-08	-0.00019158522968952	8.6666946724537e-14	0.11538430390971
25.2	5.5050871502299e-10	2.5023556364991e-09	8.0613221470949e-09	7.3413025709594e-11	3.5319883578409e-08	-0.00019240941640915	8.666757224992e-14	0.11538347160186
25.48	4.924643844599e-10	2.3720850225131e-09	7.9085238622982e-09	7.3804538949897e-11	3.0841806509548e-08	-0.000195089398146	8.6669590154238e-14	0.11538078680155
25.872	5.0860068160434e-10	2.4126111537852e-09	7.8344957093784e-09	8.1128675315377e-11	2.9008770314331e-08	-0.00019909597816538	8.667260326877e-14	0.11537677837864
26	5.2094701727283e-10	2.4522198514377e-09	7.8337246732045e-09	8.3827059264575e-11	2.8793535339757e-08	-0.00020028034389515	8.6673493746566e-14	0.11537559385162
26.2	5.4244023020902e-10	2.5296183296973e-09	7.9481768195154e-09	8.7973941484626e-11	2.8592113269488e-08	-0.00020198714492042	8.6674776905644e-14	0.11537388706668
26.48	5.7248503088654e-10	2.6525385384776e-09	7.8177998443852e-09	9.3329207277153e-11	2.8501430108331e-08	-0.00020410248710531	8.6676367371933e-14	0.11537177166176
26.872	6.0989469346194e-10	2.8257131057503e-09	7.7985855414344e-09	9.9717693391888e-11	2.8516851361333e-08	-0.00020653603862987	8.6678196986331e-14	0.11536933832341
27	6.207053165784e-10	2.8790660248886e-09	7.8120430684568e-09	1.0153835099394e-10	2.8534810332138e-08	-0.00020721422430646	8.6678706855507e-14	0.11536866023512
27.2	6.3616484689755e-10	2.9581102059694e-09	7.9424117114405e-09	1.0412965587084e-10	2.8536305045152e-08	-0.00020817867607283	8.6679431895705e-14	0.11536769601231
27.48	6.549831490109e-10	3.0583476370323e-09	7.8278401447281e-09	1.0727167754689e-10	2.8549936212586e-08	-0.00020937584655897	8.6680332115771e-14	0.11536649886306
27.872	6.7630094291992e-10	3.1769827515211e-09	7.8209626145282e-09	1.1082380421682e-10	2.8572919398252e-08	-0.00021077077937014	8.6681380966922e-14	0.11536510408985
28	6.8216746368517e-10	3.2105254309951e-09	7.836941423469e-09	1.1180107175402e-10	2.8579471152294e-08	-0.00021116515956279	8.6681677492064e-14	0.11536470977257
28.2	6.9031897469481e-10	3.2579511001529e-09	7.9716293586522e-09	1.1315983207049e-10	2.856727935989e-08	-0.00021173214818513	8.6682103737307e-14	0.11536414296337
28.48	6.9981561078537e-10	3.3145787654356e-09	7.8583087808309e-09	1.1474394823634e-10	2.855154271675e-08	-0.00021245179040578	8.6682644972828e-14	0.11536342325979
28.872	7.0979344053474e-10	3.3764107031244e-09	7.8514443454558e-09	1.1641190659496e-10	2.8525215547383e-08	-0.00021331499149092	8.6683294093917e-14	0.11536256009898
29	7.1233764262971e-10	3.3927648976449e-09	7.8671731376191e-09	1.168383395054e-10	2.851496826646e-08	-0.00021356507276245	8.6683482143465e-14	0.11536231004251
29.2	7.1565532373841e-10	3.4147811480303e-09	8.0016673164312e-09	1.1739597773516e-10	2.8484860604525e-08	-0.00021392977239185	8.6683756312037e-14	0.11536194547316
29.48	7.1906068616583e-10	3.4388239968637e-09	7.8857044399084e-09	1.1797149782646e-10	2.8441977936959e-08	-0.00021440514859562	8.6684113915394e-14	0.11536146996612
29.872	7.2168813579507e-10	3.4606986780778e-09	7.8758210348118e-09	1.1842313656034e-10	2.8377092933264e-08	-0.00021499580679428	8.6684558151762e-14	0.1153608792581
30	7.2208705418944e-10	3.4652985737868e-09	7.8906404834496e-09	1.1849466433553e-10	2.8354467015617e-08	-0.00021517213418593	8.668469075846e-14	0.11536070292798
30.2	7.2228826349944e-10	3.4701674198694e-09	8.0233287574025e-09	1.1853664388645e-10	2.8310448201597e-08	-0.00021543350825844	8.6684887251086e-14	0.11536044164769
30.48	7.2177668167088e-10	3.4725586770214e-09	7.9040769220182e-09	1.1846417351339e-10	2.8247560026924e-08	-0.00021578419961338	8.6685151123634e-14	0.11536009077599
30.872	7.1969531662046e-10	3.4682835583181e-09	7.8908829037216e-09	1.1813687012521e-10	2.8155334797476e-08	-0.00021623689837295	8.6685491655214e-14	0.11535963796513
31	7.1872444516155e-10	3.4652568974345e-09	7.9047783213329e-09	1.1798180411404e-10	2.8124107015496e-08	-0.00021637632978419	8.6685596528624e-14	0.11535949851224
31.2	7.1694007442727e-10	3.459044048836e-09	8.0352525109558e-09	1.1769526510267e-10	2.8069792981796e-08	-0.00021658643948949	8.6685754487042e-14	0.11535928847041
31.48	7.1394232065655e-10	3.4475359496673e-09	7.9131793733485e-09	1.1721143789823e-10	2.7992655889584e-08	-0.00021687599053516	8.668597240352e-14	0.11535899870516
31.872	7.08890460964e-10	3.4266154501265e-09	7.8972918149591e-09	1.1639256374611e-10	2.7881551688737e-08	-0.00021726273396527	8.6686263364144e-14	0.11535861180795
32	7.0706017564544e-10	3.4187645436917e-09	7.9104572173421e-09	1.1609525722283e-10	2.784449348465e-08	-0.00021738498443798	8.6686355325983e-14	0.11535848952361
32.2	7.0403489508527e-10	3.4055678255915e-09	8.0387866591364e-09	1.1560328219503e-10	2.7782910277137e-08	-0.00021757165019866	8.6686495666662e-14	0.11535830290788
32.48	6.9949335414008e-10	3.3853579420412e-09	7.9146482501201e-09	1.1486382941607e-10	2.7696021459121e-08	-0.00021783389258066	8.6686693062262e-14	0.11535804042898
32.872	6.9261639324567e-10	3.3541217803993e-09	7.8968797447438e-09	1.1374263222066e-10	2.7572405227391e-08	-0.00021819255273465	8.668696292369e-14	0.11535768158821
33	6.9026302448121e-10	3.3433068307747e-09	7.909544950016e-09	1.1335864950465e-10	2.7531568380088e-08	-0.00021830783734923	8.6687049653197e-14	0.11535756626188
33.2	6.8648762006936e-10	3.3258444373589e-09	8.0359486976013e-09	1.127423253131e-10	2.7465208201345e-08	-0.000218485301019	8.6687183082986e-14	0.1153573888364
33.48	6.8102344656997e-10	3.3003733535104e-09	7.9104594852571e-09	1.1184986394062e-10	2.7372114998602e-08	-0.00021873719160997	8.6687372704992e-14	0.1153571366954
33.872	6.7307635021952e-10	3.2630033504719e-09	7.8915388131153e-09	1.1055106038158e-10	2.7240862681351e-08	-0.00021908600945531	8.6687635178811e-14	0.11535678768077
34	6.7042153995202e-10	3.2504519695767e-09	7.9039031221252e-09	1.1011701421133e-10	2.7197794835626e-08	-0.00021919905186632	8.6687720226405e-14	0.11535667459202
34.2	6.662193813756e-10	3.2305172034831e-09	8.0286119162049e-09	1.0942976413046e-10	2.7128677647276e-08	-0.00021937370042986	8.668785154602e-14	0.11535649997423
34.48	6.6024168193053e-10	3.2020525596816e-09	7.9023394566905e-09	1.0845187976148e-10	2.70321689532e-08	-0.00021962246138141	8.6688038822237e-14	0.11535625095508
34.872	6.5172129849998e-10	3.1613013206845e-09	7.8828301098749e-09	1.0705755299746e-10	2.6897017258205e-08	-0.00021996844777416	8.6688299176358e-14	0.11535590476337
35	6.4891078999263e-10	3.1478207356434e-09	7.8950448207084e-09	1.0659752162499e-10	2.6852887144552e-08	-0.00022008086025584	8.6688383753134e-14	0.11535579230222
35.2	6.4449437663863e-10	3.1265921393964e-09	8.0182536734657e-09	1.058744588413e-10	2.6782601069026e-08	-0.00022025467364695	8.6688514449655e-14	0.11535561851539
35.48	6.3827167741238e-10	3.09662235059e-09	7.8916105627525e-09	1.0485552347485e-10	2.6684819728717e-08	-0.00022050216605888	8.6688700777077e-14	0.11535537076135
35.872	6.2950347649533e-10	3.0542930381563e-09	7.8719137094996e-09	1.0341946073575e-10	2.6548576850331e-08	-0.00022084633395005	8.6688959769912e-14	0.11535502638499
36	6.2663257057744e-10	3.0404111409701e-09	7.8840850863152e-09	1.0294919470921e-10	2.6504250787221e-08	-0.0002209581122266	8.6689043871616e-14	0.11535491455734
36.2	6.221406723874e-10	3.0186585622764e-09	8.0059452832585e-09	1.0221325940817e-10	2.6433994589681e-08	-0.00022113082994768	8.6689173747675e-14	0.11535474186425
36.48	6.1584793842154e-10	2.9881538664973e-09	7.8792158721158e-09	1.0118219908632e-10	2.6336528959138e-08	-0.00022137628822513	8.668935854855e-14	0.11535449614395
36.872	6.070432204814e-10	2.9454179632389e-09	7.8596019122574e-09	9.9739340403087e-11	2.6201236172246e-08	-0.00022171689239078	8.6689614865066e-14	0.1153541553319
37	6.0417359551953e-10	2.9314767341089e-09	7.8718006616317e-09	9.9269040077002e-11	2.6157335800496e-08	-0.00022182733330313	8.6689697962103e-14	0.11535404484201
37.2	5.9969582372996e-10	2.9096979223746e-09	7.9924260082827e-09	9.8535056638709e-11	2.6087974246151e-08	-0.00022199777059533	8.6689826125577e-14	0.115353874429
37.48	5.9344562495031e-10	2.8792835269037e-09	7.8657995164139e-09	9.7510496784426e-11	2.5991952444089e-08	-0.0002222394302211	8.6690008071381e-14	0.11535363250903
37.872	5.847395451532e-10	2.8368918925888e-09	7.8464431701578e-09	9.6083211467558e-11	2.5859033151652e-08	-0.0002225738403588	8.6690259731515e-14	0.1153532978941
38	5.8191045705585e-10	2.8231095272751e-09	7.8587142731915e-09	9.5619375545279e-11	2.581598638791e-08	-0.00022268206035883	8.6690341158811e-14	0.11535318962626
38.2	5.7750364458777e-10	2.8016210685206e-09	7.9781904280165e-09	9.4896756143971e-11	2.5748113860593e-08	-0.00022284883797113	8.669046657155e-14	0.11535302287364
38.48	5.7136696592104e-10	2.7716925473287e-09	7.8517896307701e-09	9.3890455869475e-11	2.5654299700124e-08	-0.0002230848099481	8.6690644240486e-14	0.11535278664437
38.872	5.6284397444804e-10	2.7301163078208e-09	7.8327993377655e-09	9.2492740559952e-11	2.5524699136981e-08	-0.00022341046937177	8.6690889319972e-14	0.11535246078487
39	5.6007975974629e-10	2.7166287364662e-09	7.8451700770393e-09	9.203940413745e-11	2.548278605625e-08	-0.00022351565916086	8.6690968468427e-14	0.11535235554884
39.2	5.5577894273956e-10	2.6956268727994e-09	7.9635628255273e-09	9.1333960902162e-11	2.5416789411783e-08	-0.00022367755091096	8.669109020758e-14	0.11535219368348
39.48	5.4979914631055e-10	2.6664274050741e-09	7.837465681548e-09	9.0353116871348e-11	2.5325671555739e-08	-0.00022390621764363	8.6691262382213e-14	0.11535196476338
39.872	5.4151007061054e-10	2.6259523307882e-09	7.8189054298799e-09	8.8993414169601e-11	2.5199980063399e-08	-0.00022422104030779	8.6691499311054e-14	0.11535164974634
40	5.3882518650066e-10	2.6128410432673e-09	7.8313912700686e-09	8.8552980333021e-11	2.5159372243024e-08	-0.00022432256122847	8.6691575699999e-14	0.11535154818107
40.2	5.3465098192979e-10	2.5924424453927e-09	7.9487527361064e-09	8.7868142818618e-11	2.5095485999485e-08	-0.00022447861676183	8.669169305029e-14	0.11535139215376
40.48	5.2885318620712e-10	2.5641145975515e-09	7.82300757723e-09	8.6916936976634e-11	2.5007353615591e-08	-0.00022469875532232	8.6691858810185e-14	0.11535117176625
40.872	5.2082670130248e-10	2.5249043635934e-09	7.8049121167839e-09	8.5600028308708e-11	2.4885907827972e-08	-0.00022500121702498	8.6692086441171e-14	0.11535086911645
41	5.1822910846644e-10	2.5122150549473e-09	7.8175207726991e-09	8.5173826373223e-11	2.4846700005734e-08	-0.00022509861426844	8.6692159728277e-14	0.1153507716769
41.2	5.1419266401686e-10	2.4924841375992e-09	7.9338937421836e-09	8.4511458555119e-11	2.4785050757402e-08	-0.00022524816666667	8.6692272187698e-14	0.1153506221548
41.48	5.0859003158816e-10	2.4651045332374e-09	7.8085295449025e-09	8.3592095958648e-11	2.4700053118256e-08	-0.00022545893809136	8.6692430901333e-14	0.11535041113912
41.872	5.0084033990983e-10	2.4272430294425e-09	7.7909146395477e-09	8.2320369257427e-11	2.4583013891187e-08	-0.00022574802702575	8.669264847279e-14	0.11535012186865
42	4.9833376520155e-10	2.4149980595714e-09	7.8036488076482e-09	8.1909028262042e-11	2.4545248003711e-08	-0.00022584100678597	8.6692718436873e-14	0.1153500288487
42.2	4.9444006774749e-10	2.395965224376e-09	7.9190696365687e-09	8.1269974780209e-11	2.4485887966776e-08	-0.00022598363237458	8.6692825686435e-14	0.11534988625562
42.48	4.8903800300718e-10	2.3695676742716e-09	7.794102837159e-09	8.03833766764e-11	2.4404078814505e-08	-0.0002261845192169	8.66929769642e-14	0.11534968512931
42.872	4.8156995253518e-10	2.3330871874709e-09	7.7769720641219e-09	7.9157671510614e-11	2.4291488299181e-08	-0.00022645963931969	8.6693184027271e-14	0.11534940983432
43	4.7915539499868e-10	2.3212938703746e-09	7.7898312325088e-09	7.8761368901497e-11	2.4255170903884e-08	-0.00022654803565457	8.6693250543353e-14	0.11534932139993
43.2	4.7540547078313e-10	2.3029676332498e-09	7.9043317796118e-09	7.8145818458959e-11	2.4198102155024e-08	-0.00022668350190829	8.669335240789e-14	0.11534918596842
43.48	4.7020440770412e-10	2.2775584919299e-09	7.7797707589191e-09	7.7292082755469e-11	2.4119471413917e-08	-0.00022687423617584	8.6693496047876e-14	0.1153489949995
43.872	4.6301688474093e-10	2.2424583830606e-09	7.7631199910181e-09	7.6112250787149e-11	2.4011293358247e-08	-0.00022713510837738	8.669369239222e-14	0.11534873395901
44	4.6069361259615e-10	2.2311144729994e-09	7.7761016337671e-09	7.5730877114638e-11	2.3976407838226e-08	-0.0002272188516079	8.6693755407757e-14	0.11534865017983
44.2	4.5708598246517e-10	2.2134894839803e-09	7.8897105434145e-09	7.5138602939382e-11	2.3921599337083e-08	-0.00022734706906862	8.6693851819756e-14	0.11534852199935
44.48	4.5208322603496e-10	2.1890577914792e-09	7.7655585669235e-09	7.4317308497213e-11	2.3846095196187e-08	-0.00022752756818744	8.6693987759572e-14	0.11534834127032
44.872	4.4517139227016e-10	2.1553168078132e-09	7.7493789202745e-09	7.3182583191966e-11	2.3742242739827e-08	-0.0002277741466349	8.6694173350342e-14	0.11534809453006
45	4.4293759942569e-10	2.1444141110021e-09	7.7624792844131e-09	7.2815850613168e-11	2.3708757668899e-08	-0.00022785323732364	8.6694232865646e-14	0.11534801540548
45.2	4.3946923628247e-10	2.1274764296428e-09	7.8752228394075e-09	7.2246368743004e-11	2.3656157027127e-08	-0.00022797422055992	8.6694323835873e-14	0.11534789446142
45.48	4.3466017252698e-10	2.1040005739519e-09	7.7514799771478e-09	7.1456775426899e-11	2.3583701098572e-08	-0.00022814453620526	8.6694452114156e-14	0.1153477239205
45.872	4.2801693252458e-10	2.0715849229013e-09	7.7357597432615e-09	7.0366014700464e-11	2.3484055701242e-08	-0.00022837694271959	8.6694627042686e-14	0.11534749135848
46	4.2587016868385e-10	2.0611116626986e-09	7.7489743656768e-09	7.0013528100291e-11	2.3451930510952e-08	-0.00022845143161153	8.6694683095834e-14	0.11534741683771
46.2	4.2253712422289e-10	2.0448422099613e-09	7.860877054064e-09	6.9466201049655e-11	2.3401472074987e-08	-0.00022856526930545	8.6694768690833e-14	0.11534730304131
46.48	4.1791601126618e-10	2.022294280704e-09	7.7375414258661e-09	6.870738058436e-11	2.3331969737658e-08	-0.00022872554842783	8.6694889417924e-14	0.11534714254142
46.872	4.1153297013758e-10	1.9911628958954e-09	7.7222673290483e-09	6.7659225244025e-11	2.3236394003901e-08	-0.0002289440230296	8.6695053864508e-14	0.11534692391742
47	4.0947042108422e-10	1.9811052532112e-09	7.7355913734055e-09	6.7320528610785e-11	2.3205582805043e-08	-0.00022901399601942	8.6695106520034e-14	0.11534685391448
47.2	4.0626823382656e-10	1.9654820575789e-09	7.8466762641649e-09	6.679463290632e-11	2.3157193194329e-08	-0.0002291208285951	8.6695186845294e-14	0.11534674712526
47.48	4.0182871616232e-10	1.9438306746403e-09	7.7237448387811e-09	6.6065554003537e-11	2.3090540637839e-08	-0.0002292712843018	8.6695300181331e-14	0.11534659645315
47.872	3.9569680082209e-10	1.9139386298012e-09	7.7089028445821e-09	6.5058530604929e-11	2.2998886990193e-08	-0.00022947614835944	8.6695454387499e-14	0.11534639144557
48	4.1625753783279e-10	1.9312054378028e-09	7.7106201790474e-09	6.6398582594297e-11	2.4031205586835e-08	-0.00022982400016714	8.6695715211258e-14	0.11534604466696
48.2	5.8648648074602e-10	2.3366056204757e-09	7.9012378504874e-09	7.8516287180335e-11	3.145379143703e-08	-0.00022850255670447	8.6694715284026e-14	0.11534737431032
48.48	6.9327938831308e-10	2.7171017958165e-09	7.9210723268006e-09	8.628650071235e-11	3.5790320565241e-08	-0.00022529595829612	8.6692300037279e-14	0.11535058575991
48.872	7.7298084833299e-10	3.1022819234143e-09	8.0686686355909e-09	9.4470106633804e-11	3.8207859077982e-08	-0.00022056387910845	8.6688738899413e-14	0.11535532087709
49	7.9713007099047e-10	3.2213583451357e-09	8.125241166884e-09	9.7639126174292e-11	3.873562550017e-08	-0.00021906767486424	8.6687613141487e-14	0.11535681781255
49.2	6.4978568545092e-10	2.9784364795577e-09	8.2849165284521e-09	8.9605231712553e-11	3.1276116239155e-08	-0.00021797114179198	8.6686794142172e-14	0.11535790664781
49.48	5.9335071320801e-10	2.8523379909746e-09	8.0960507150456e-09	9.0193366981153e-11	2.7414132984904e-08	-0.00021808353939737	8.6686881588919e-14	0.11535779001762
49.872	6.1132264586218e-10	2.8988614423454e-09	7.9927925602294e-09	9.7773123239744e-11	2.6284600136865e-08	-0.00021863439934928	8.6687296571908e-14	0.11535723799709
50	6.2422774578995e-10	2.9404432232887e-09	7.9845395903578e-09	1.0055651779711e-10	2.6265973950569e-08	-0.0002187368467903	8.6687373580205e-14	0.11535713558006
50.2	6.4659362541036e-10	3.0209850646989e-09	8.0760931349314e-09	1.0484371037062e-10	2.6391373550954e-08	-0.0002187823157272	8.6687407533391e-14	0.11535709043528
50.48	6.779508569037e-10	3.1486144317601e-09	7.9183780121347e-09	1.1041751938376e-10	2.6698446964525e-08	-0.00021862800308657	8.6687291279245e-14	0.11535724506182
50.872	7.1735969508129e-10	3.3291534920565e-09	7.8740176787862e-09	1.1714433686799e-10	2.7183506535905e-08	-0.00021806547390069	8.6686867789434e-14	0.11535780825834
51	7.2882596481866e-10	3.3850058111128e-09	7.880549610886e-09	1.1907658706571e-10	2.7336875556914e-08	-0.00021782359739496	8.6686685735626e-14	0.11535805036398
51.2	7.4531559566536e-10	3.4680887842909e-09	7.9913979264179e-09	1.2184317143912e-10	2.7567082152563e-08	-0.00021739774459235	8.6686365173396e-14	0.11535847666016
51.48	7.6556701973159e-10	3.574127059154e-09	7.8559836412986e-09	1.2522875326206e-10	2.7862254580324e-08	-0.00021673974798992	8.6685870161391e-14	0.11535913494616
51.872	7.887962539193e-10	3.7008773230699e-09	7.8282065187181e-09	1.2910595631598e-10	2.8218442982573e-08	-0.00021575341506345	8.6685128102347e-14	0.11536012176131
52	7.952398200208e-10	3.7369567329123e-09	7.8382124386055e-09	1.3018164055058e-10	2.8320763586149e-08	-0.00021542925122437	8.6684884223466e-14	0.11536044608106
52.2	8.0424671909347e-10	3.7882497938622e-09	7.9570191851742e-09	1.3168645486987e-10	2.8468204257782e-08	-0.00021492381367176	8.6684503902535e-14	0.11536095184665
52.48	8.1483425126118e-10	3.8499519067862e-09	7.8292296561077e-09	1.3345711703563e-10	2.8647440748802e-08	-0.00021423796402627	8.6683988075029e-14	0.11536163782178
52.872	8.2610386768465e-10	3.9180466410643e-09	7.8062997432152e-09	1.3534712056293e-10	2.8849018379837e-08	-0.00021333545055219	8.6683309227684e-14	0.11536254059512
53	8.2900413295765e-10	3.9361880262415e-09	7.8172252834271e-09	1.3583519057818e-10	2.8903639348876e-08	-0.00021305996889153	8.6683102013266e-14	0.11536281616385
53.2	8.3281466928331e-10	3.9607638590578e-09	7.9391470664513e-09	1.3647870569148e-10	2.898045149224e-08	-0.00021264754705406	8.6682791720411e-14	0.11536322881344
53.48	8.3677655853808e-10	3.9878203241818e-09	7.8141771594648e-09	1.3715215836566e-10	2.9066696673939e-08	-0.00021211804800908	8.668239357229e-14	0.11536375830544
53.872	8.3992576174579e-10	4.0127753017215e-09	7.7925947769806e-09	1.3769812256314e-10	2.9150211714577e-08	-0.00021146677705213	8.6681903786825e-14	0.11536440966696
54	8.4043239836195e-10	4.0180950399736e-09	7.8036848936537e-09	1.3779005188658e-10	2.916925713502e-08	-0.00021127740265206	8.668176136204e-14	0.11536459907741
54.2	8.4074240048515e-10	4.0238347883011e-09	7.9264423528815e-09	1.3785414530333e-10	2.9193719896797e-08	-0.00021100180181344	8.6681554011046e-14	0.11536487483158
54.48	8.4026233655273e-10	4.026870568729e-09	7.8024159740488e-09	1.3779245976972e-10	2.9212226967652e-08	-0.00021066504384958	8.6681300868841e-14	0.1153652114865
54.872	8.3800579310648e-10	4.0224333237491e-09	7.7809853575752e-09	1.3744372176301e-10	2.9211334836321e-08	-0.0002102787606988	8.6681010429984e-14	0.11536559774028
55	8.3692777702629e-10	4.019107219434e-09	7.7920059068566e-09	1.3727333704696e-10	2.9205243933177e-08	-0.0002101732970994	8.6680931127508e-14	0.11536570320423
55.2	8.3492920541623e-10	4.0122118532587e-09	7.9144885871734e-09	1.369551734981e-10	2.9192520818467e-08	-0.00021002574542234	8.6680820100219e-14	0.11536585085646
55.48	8.3153872719271e-10	3.9992782850346e-09	7.7907088392109e-09	1.3641153769658e-10	2.9163622168959e-08	-0.00020986090637216	8.6680696277716e-14	0.11536601552596
55.872	8.2577479758505e-10	3.9755290471205e-09	7.7691214354956e-09	1.3548181894738e-10	2.9104616567853e-08	-0.00020969878280892	8.6680574449017e-14	0.11536617753848
56	8.2367657622594e-10	3.9665704846478e-09	7.7800376003461e-09	1.3514239555756e-10	2.908140776348e-08	-0.00020966206894358	8.6680546858136e-14	0.11536621422866
56.2	8.2019984681288e-10	3.9514851860268e-09	7.9017199332452e-09	1.3457920445524e-10	2.9043189836146e-08	-0.00020961763031	8.6680513389531e-14	0.11536625873163
56.48	8.149624454205e-10	3.9282939303249e-09	7.7780033444237e-09	1.3372933573255e-10	2.8982250081877e-08	-0.00020958822101449	8.66804914307e-14	0.11536628792699
56.872	8.0700300140487e-10	3.8923046810902e-09	7.7563048252523e-09	1.3243538969365e-10	2.8884627641543e-08	-0.00020959804301401	8.6680498928572e-14	0.11536627794043
57	8.0427331105088e-10	3.8798142207746e-09	7.7671566794561e-09	1.3199116021998e-10	2.8850181960593e-08	-0.00020961313866133	8.6680510305059e-14	0.11536626280553
57.2	7.9988895632521e-10	3.8596287371187e-09	7.8878087933377e-09	1.3127722631555e-10	2.8795111516169e-08	-0.00020964565440101	8.6680534716816e-14	0.11536623033009
57.48	7.9353240120096e-10	3.8301271293765e-09	7.7641795948976e-09	1.3024139062014e-10	2.8713325239116e-08	-0.00020971600505823	8.6680587789426e-14	0.11536615973713
57.872	7.8427036196101e-10	3.7867507758232e-09	7.7425309639496e-09	1.2873078892178e-10	2.8591090073205e-08	-0.00020985034041706	8.668068893521e-14	0.11536602520374
58	7.8117282830814e-10	3.7721632442413e-09	7.7533780242518e-09	1.2822532607858e-10	2.8549596306178e-08	-0.0002099024860644	8.668072817726e-14	0.11536597300926
58.2	7.7626680204583e-10	3.7489830960802e-09	7.8729154498221e-09	1.2742445688728e-10	2.8483886957523e-08	-0.00020998965170482	8.6680793692793e-14	0.11536588586857
58.48	7.6928148382935e-10	3.7158487769792e-09	7.7494631371937e-09	1.2628372982613e-10	2.8389211507445e-08	-0.00021013012829673	8.6680899507646e-14	0.11536574513259
58.872	7.5931540441772e-10	3.6683576558932e-09	7.7280353983841e-09	1.2465544490594e-10	2.8252204933416e-08	-0.00021035074064286	8.6681065542625e-14	0.11536552430273
59	7.5602611793562e-10	3.6526366436234e-09	7.7389330576406e-09	1.2411786829438e-10	2.8206586546571e-08	-0.00021042826098988	8.6681123869039e-14	0.11536544672812
59.2	7.5085561286195e-10	3.6278727480406e-09	7.8573393481203e-09	1.2327261002898e-10	2.8134620729579e-08	-0.00021055260418055	8.6681217347194e-14	0.1153653224006
59.48	7.4356709686523e-10	3.5928926113746e-09	7.7341569670437e-09	1.2208085150563e-10	2.803261504496e-08	-0.00021074026665228	8.6681358650976e-14	0.11536513446948
59.872	7.3329236111674e-10	3.5434584250192e-09	7.7130907620696e-09	1.2040030543081e-10	2.7887646265794e-08	-0.00021101798891137	8.6681567638771e-14	0.1153648565198
60	7.2992722438345e-10	3.5272409180011e-09	7.7240821447615e-09	1.1984979491675e-10	2.78399139865e-08	-0.000211112065678	8.668163841743e-14	0.11536476238617
