# Time [h]	All Liquid [L/h]	MS [g/L]	Butyric [g/L]	AA [g/L]	Propionic [g/L]	Valeric [g/L]	LCFA [g/L]	Acetic [g/L]
0.2	6.4966356310764	0.05137759090875	0.014685854813403	0.032089258517627	0.034303509711309	0.0048147766453845	0.070225782081292	1.4488101639802
0.48	6.9964133177083	0.04526796733423	0.022572078792855	0.032433776762544	0.069016730623845	0.0079972661393181	0.15074750944236	1.2498418239635
0.872	7.5957380277778	0.038162722939557	0.022064780261881	0.027059807326958	0.089175833100558	0.0078923589764236	0.24675160658557	0.99078078990091
1	7.7834222777778	0.0360908228615	0.02116008176988	0.025381923278221	0.091548160530725	0.0075684636727556	0.27450771403277	0.90633689348959
1.2	7.9948333177083	0.033137724071677	0.019417239983741	0.023037260003883	0.091746006963854	0.0069848090433395	0.31455340663642	0.77050851741794
1.48	8.3840518837891	0.029442963398308	0.017151726569745	0.020177904385119	0.087713770341733	0.0061987494909977	0.36433312271236	0.58936584121175
1.872	8.8526786101345	0.025016314938067	0.014425611774124	0.01684375459774	0.077590560833412	0.0052367853856401	0.42296973692414	0.37329490094323
2	8.9840882934028	0.023714041569697	0.01363472660205	0.015872766149149	0.073811320410457	0.0049569611965785	0.43967153501793	0.31327396882916
2.2	9.1603966817491	0.021847836346086	0.01249532447082	0.014502022884556	0.0677649866758	0.0045499126492088	0.46341027210639	0.23660295153173
2.48	9.3414150980903	0.019506173990319	0.011080638455222	0.01280971626596	0.05949398230455	0.0040409709169587	0.49207153007859	0.16337875920855
2.872	9.4951208076172	0.016689766881304	0.0093988621564671	0.010807582975858	0.049065690667705	0.0034312786126124	0.52392997390243	0.1098456727345
3	9.5299998957248	0.015861876997795	0.0089106868892463	0.010222757659619	0.04598754225617	0.0032540151348401	0.53247044133068	0.098975846633047
3.2	9.5760637562934	0.01467059097664	0.0082054696341345	0.0093886848325075	0.041572328600825	0.0029963655089426	0.54401652795157	0.08689701039603
3.48	9.6247092675781	0.0131736289501	0.0073253646761964	0.0083508923263502	0.036169813911287	0.0026733713381483	0.55669158171753	0.07565404775447
3.872	9.6761419287109	0.011371393874296	0.0062729523934472	0.0071137605938131	0.029965566938272	0.0022852251778781	0.56800867916595	0.065215692553173
4	9.6904919711372	0.010842114406582	0.0059665829525124	0.0067519843582326	0.028210241494215	0.0021721147705271	0.57019563605912	0.062472924574627
4.2	9.7110090938585	0.01008023975291	0.005523310419985	0.0062334801804651	0.025731110866202	0.0020077969165123	0.57214861333722	0.058739039858341
4.48	9.7360309163411	0.0091239669861665	0.0049690124845154	0.0055863383676342	0.022729606276683	0.0018016824185865	0.57198157443969	0.054353506109167
4.872	9.7654406105686	0.0079761758078087	0.0043055028327046	0.0048133316505042	0.019280264662286	0.0015540561078065	0.56631677995169	0.049427338315939
5	9.773967265625	0.0076396362627467	0.0041123402725413	0.0045873600065673	0.018299782964981	0.0014818996717727	0.56319562527672	0.048033269724408
5.2	9.78614010102	0.0071577597714896	0.0038332188848372	0.0042635492051361	0.016905869431728	0.0013772945589372	0.55710346749239	0.046076356325867
5.48	9.8012120863715	0.0065564350204627	0.0034850756495728	0.0038600313284672	0.01520176182218	0.0012464273230561	0.5462069458902	0.04371706629792
5.872	9.8189791803385	0.0058425271165465	0.0030705415476631	0.003380076488998	0.013219588827394	0.0010899443275924	0.52668941144134	0.04102138154058
6	9.8241373552517	0.0056339752873569	0.0029503048831703	0.0032400832239559	0.012652307409905	0.001044474800651	0.51937887167963	0.040253924689848
6.2	9.831416094401	0.005340335799297	0.0027775125728412	0.003040862733037	0.011842941110464	0.00097885786734498	0.50710696717085	0.039179137002213
6.48	9.8403256223958	0.0049798782707894	0.0025640519215368	0.0027946006243912	0.01085122753174	0.00089736078017817	0.48837494532097	0.037894785981938
6.872	9.8505803489583	0.004564361945551	0.0023138227787505	0.0025056095574021	0.0096992197081164	0.00080097636098399	0.45967419160763	0.036463371926169
7	9.8535301992187	0.0044440490086644	0.00224194311209	0.0024217116854424	0.009370216247416	0.00077314306802108	0.44984428027156	0.036063134949023
7.2	9.8575408159722	0.0042820506862271	0.0021398877004708	0.0023043306357933	0.0089027823842065	0.00073327824867274	0.43413942525218	0.035522353930343
7.48	9.8622508800998	0.0040915613975171	0.0020164255349137	0.0021616777261351	0.0083355765746361	0.00068437251766463	0.41166574469531	0.034917569794382
7.872	9.8672784722222	0.0038878530319984	0.001875997482939	0.0019979947856151	0.0076875286053634	0.00062740005615549	0.37986026303324	0.034331005708733
8	9.8686841032986	0.0038297844088738	0.0018362986547646	0.0019505729973006	0.0075042579998703	0.00061104120232547	0.36953261368839	0.034182705316738
8.2	9.870397515625	0.0037603742661367	0.0017808580725191	0.0018857054564318	0.0072460969266779	0.00058771476137151	0.35355563084166	0.034017795077446
8.48	9.8721684307726	0.0036871747072252	0.001715564742315	0.0018077623199262	0.0069373362440766	0.00055923555321669	0.33169259792925	0.033903805354314
8.872	9.8736652320964	0.0036209867126191	0.001642896248159	0.0017172622414648	0.0065890035944072	0.00052574000665388	0.3025131853765	0.033932763949224
9	9.8740634517144	0.0036012490882991	0.0016222623119264	0.0016900490351794	0.0064903447734067	0.00051592865235686	0.2934239305865	0.033965595057565
9.2	9.8743812144097	0.0035834110603788	0.0015930540961269	0.0016516865955812	0.006350156186425	0.00050159402758386	0.27971705714016	0.034062780851944
9.48	9.8745600711806	0.0035660164239669	0.0015574024651435	0.0016018507715465	0.0061787342631789	0.00048322507607985	0.26162395427086	0.034267640428751
9.872	9.8746029366319	0.003543418168969	0.0015130823570421	0.00153397710571	0.0059723498993358	0.00045946710876928	0.23861009766745	0.034632525558278
10	9.8746659511719	0.0035322426437027	0.0014990931717479	0.0015114670931328	0.005909888320023	0.00045197382224664	0.23168737805642	0.034749898451029
10.2	9.87472075727	0.003515842310842	0.0014773242576324	0.0014758568522012	0.0058156899652013	0.0004403712409642	0.2214716889449	0.034943439864738
10.48	9.8749153489583	0.0034852486719284	0.0014464049993178	0.0014236953843674	0.0056882582894347	0.00042412791848108	0.20839957878077	0.035212123758738
10.872	9.8755782022569	0.0034222885514056	0.001400193684575	0.0013452006835488	0.0055107176053204	0.00040090958550138	0.19246466928182	0.035537808873846
11	9.8758988892144	0.0033970435616955	0.0013842954312462	0.0013188890331088	0.0054519395792686	0.00039323436211583	0.18781731978265	0.03562201036812
11.2	9.8764932976345	0.0033532314997561	0.0013584922258768	0.0012764848823815	0.0053586195054157	0.00038110253872832	0.18109481439327	0.035735134142635
11.48	9.8775460291884	0.003283135565182	0.0013203899395745	0.001215447922468	0.0052242269294557	0.00036383118921506	0.17273687694991	0.035847570937318
11.872	9.8793932777778	0.0031716028944021	0.0012637231575252	0.001129001627105	0.0050281496424954	0.00033934039007033	0.16294004293201	0.035907316906004
12	9.8800561467014	0.0031336196473964	0.00124476393355	0.0011013616614998	0.0049627059111934	0.00033139874422104	0.16015666855899	0.035903912798673
12.2	9.8811513177083	0.0030722476329691	0.0012147796322579	0.001058462402985	0.0048591570559334	0.00031907438807584	0.1561968084311	0.035877892876337
12.48	9.8827845181207	0.0029843741091234	0.0011723973472623	0.00099989605709594	0.0047121878736996	0.00030209432699198	0.151378492188	0.035801856201932
12.872	9.8851844307726	0.0028609798279205	0.0011133688817078	0.00092224869310376	0.0045049844102979	0.00027919267675389	0.1458499904726	0.035628774055554
13	9.8859747098524	0.0028215129695131	0.0010944623345808	0.00089827981290967	0.0044377824431984	0.00027201462574026	0.14428341958707	0.03555924654635
13.2	9.8872161400825	0.0027604232623083	0.0010653808708375	0.00086209467638331	0.0043335201267245	0.00026112026638009	0.14204750980818	0.035439135409545
13.48	9.8889525273438	0.0026769961759031	0.0010258196741493	0.00081425872590323	0.0041898148568643	0.00024657717021755	0.13927932134256	0.035250708601417
13.872	9.8913560813802	0.0025651634432963	0.00097315487327523	0.00075292599423402	0.0039949007523819	0.00022770549459189	0.13591956285031	0.034953560413183
14	9.8921290170356	0.0025300541762606	0.00095671118746102	0.00073427040780286	0.0039332158454251	0.00022192248216631	0.13489576014059	0.034849736208768
14.2	9.8933267613932	0.0024765845783536	0.00093178942322491	0.00070644678950288	0.0038389275561568	0.00021326285685954	0.1333479709941	0.034681146181907
14.48	9.8949743836806	0.0024045773423214	0.00089850883661515	0.00067011564828723	0.003711515650325	0.0002019017872339	0.13123054132035	0.034432717229208
14.872	9.8972381088325	0.0023089710357611	0.00085501891792655	0.00062400253730203	0.0035425675840283	0.00018743087538598	0.12821838069052	0.034059608367386
15	9.8979691323785	0.0022789315331139	0.00084155058000238	0.00060999885737918	0.0034897593840629	0.00018303690652596	0.12718647277161	0.033931516632181
15.2	9.8991047440321	0.0022333362165176	0.00082121988710598	0.00058917511201112	0.0034095972748819	0.00017648970019675	0.12551303201433	0.033724862483446
15.48	9.9006755366753	0.0021719053084048	0.00079417659798645	0.00056201740253245	0.0033021617183352	0.00016794740074188	0.12301182394709	0.033421430861307
15.872	9.9028626851128	0.0020899666505987	0.00075888133375932	0.00052747641234151	0.0031607671443705	0.00015711105161924	0.11912371093871	0.032965084152544
16	9.9035778075087	0.0020640330710165	0.00074792871665896	0.00051693429849353	0.003116684718153	0.00015382139523162	0.11774344965622	0.03280820491507
16.2	9.9046953971354	0.0020246348934003	0.00073136324258063	0.00050123602279282	0.0030498280599105	0.00014891727834225	0.11547284598583	0.032554643963759
16.48	9.9062582685547	0.001971316717638	0.00070925102817123	0.00048068103646494	0.0029602423178888	0.00014250884707987	0.1120528488367	0.032181407290297
16.872	9.9084653532986	0.001899720029481	0.00068020403061048	0.00045434659638275	0.0028421151016038	0.00013434628702843	0.1067865916781	0.031619636888314
17	9.9091933020833	0.0018769048889909	0.00067113846216249	0.00044624944901642	0.0028051829523802	0.00013185732811487	0.10495328980148	0.031427247944499
17.2	9.9103352124566	0.001842219550287	0.00065737462123355	0.00043415672632189	0.002749049828267	0.00012813506679958	0.10198023109262	0.031116800362899
17.48	9.9119433076172	0.001795126426864	0.00063890435350422	0.00041823377531072	0.002673577950153	0.00012324754872842	0.097609702664766	0.030661491040295
17.872	9.9142283815104	0.0017316625723209	0.00061446389552286	0.00039766428382409	0.0025735388081057	0.00011697594225728	0.091133939529722	0.02998207047615
18	9.9149829116753	0.0017113689242118	0.00060679667467635	0.00039129494399684	0.0025421360990181	0.00011505223470705	0.088949217032463	0.029751853045328
18.2	9.9161670608724	0.0016805466157436	0.00059511983133058	0.0003817562497518	0.0024942848524046	0.00011216411108852	0.085476541815105	0.029382434557782
18.48	9.9178353069661	0.0016386812218528	0.0005793904380691	0.0003691332903782	0.0024297307762897	0.0001083513250107	0.080521415248379	0.028845738365868
18.872	9.9201989968533	0.001582286692361	0.00055848230398656	0.00035271538714963	0.0023438021345498	0.00010342214067574	0.073483268777238	0.028057706313321
19	9.9209750723741	0.0015642522202022	0.00055190526224057	0.00034760479088792	0.0023167573361433	0.00010190203236628	0.071182765696899	0.027794713199127
19.2	9.9221899669054	0.0015369238766712	0.00054187456157806	0.00033993652479368	0.0022754853902564	9.9612123118038e-05	0.067599325447048	0.027376332151618
19.48	9.9238914663628	0.0014998737561404	0.00052834423988978	0.00032975355037463	0.0022197171629039	9.6575582378628e-05	0.062635094485507	0.026777004492688
19.872	9.926276054579	0.0014501087390408	0.00051033604069466	0.00031644690565574	0.0021453654176168	9.2626723852353e-05	0.055868689080007	0.025916449401277
20	9.9270506120877	0.0014342229341797	0.00050466778597108	0.0003122905064387	0.0021219462419706	9.1403896985737e-05	0.053722542632932	0.025634503154983
20.2	9.9282568177083	0.0014102090178066	0.00049602217697626	0.00030604602542139	0.0020861972105964	8.9557161564145e-05	0.050444060210379	0.025191089826954
20.48	9.9299273532986	0.0013777334988189	0.00048436297467334	0.000297734359302	0.0020378901921858	8.7100237039054e-05	0.046028827003548	0.02456739688556
20.872	9.9322285496962	0.0013342308593514	0.00046884927841973	0.00028683304658054	0.0019734962299687	8.3890616091086e-05	0.040240286407155	0.023696195637711
21	9.9329657826606	0.0013203659143678	0.00046396598868222	0.00028341833363511	0.0019532143884891	8.2893279178786e-05	0.038454555413288	0.023416549943971
21.2	9.9341056111111	0.0012994334055075	0.00045651826165006	0.00027828051390138	0.0019222576842757	8.1383821041427e-05	0.035775380956888	0.022982768909761
21.48	9.9356614522569	0.0012711594624355	0.00044647545643646	0.00027142449953078	0.0018804336977344	7.9369509656214e-05	0.032258864039863	0.022385296527494
21.872	9.9377623888889	0.0012332904017702	0.00043310356017668	0.00026239080102492	0.0018246686268623	7.6725605978259e-05	0.027804500936149	0.021575123016698
22	9.9384263289931	0.0012212173595719	0.00042888944296757	0.00025955069967507	0.0018070917771522	7.5900783974035e-05	0.026462541387868	0.021320182799555
22.2	9.9394451987847	0.0012029790079125	0.00042245696384999	0.00025526683461131	0.0017802488979637	7.4649137362348e-05	0.024479404211043	0.020930232428978
22.48	9.9408164994575	0.0011783181591908	0.0004137703440794	0.00024952852147022	0.0017439445296182	7.2972266105139e-05	0.02193024778489	0.02040380024934
22.872	9.9426369185113	0.0011451934628249	0.00040216882175105	0.00024191902293965	0.0016954283423559	7.0757523348882e-05	0.018785327574876	0.019708201887043
23	9.9432065825738	0.0011346113031073	0.00039850226271685	0.00023951539332099	0.0016801014799064	7.006310049082e-05	0.017853865685012	0.019492630721855
23.2	9.9440760917969	0.0011185936009031	0.00039289493197606	0.00023587790293089	0.0016566575317329	6.9005832450397e-05	0.016491531607464	0.019166534192264
23.48	9.9452352126736	0.0010968838370708	0.00038530057209127	0.00023098308441282	0.0016248702502804	6.7582479138848e-05	0.01476354117644	0.018732648136564
23.872	9.9467589507378	0.0010676214518502	0.00037511387877904	0.00022445012165367	0.0015822254778704	6.5689512248575e-05	0.012663116425455	0.018168640728302
24	10.030030269965	0.0010514880048037	0.00038681872565756	0.00022126302959654	0.0015823151495986	6.6261192832575e-05	0.012039938856657	0.018368014321448
24.2	10.02233925944	0.0010483201093449	0.000559944936251	0.00021936063025996	0.0019098347237271	7.913536970205e-05	0.011153915589208	0.022409694073731
24.48	10.015587468316	0.0011077302259098	0.00069963341419669	0.00022816114033588	0.002266410630423	8.9471821060479e-05	0.010074649798826	0.025528264263292
24.872	10.008585777778	0.0013041104455543	0.00081464734735498	0.00026369504695009	0.0026699664557642	0.0001001737685385	0.0088304185592	0.027562533905592
25	10.006346376845	0.0013916053443899	0.00084708545510796	0.00028031097749053	0.0027969391936964	0.00010404086075127	0.0084823284590351	0.027978014100605
25.2	9.9281102605252	0.0015383204495623	0.0007124815799014	0.00030939239611297	0.0026440441455216	9.6441819636328e-05	0.0079840468605289	0.02398314319675
25.48	9.930724008138	0.0017187598606493	0.00063585415584075	0.00034736983712769	0.0025505517831686	9.5873604809663e-05	0.0073599987756476	0.020899656187063
25.872	9.9303057062717	0.0019247703392027	0.00063332878797675	0.00039174386432559	0.0025777965807435	0.00010357262866472	0.0066193538878923	0.019149683731763
26	9.9297564424913	0.0019834409219273	0.00064339617698882	0.00040437908587611	0.0026098122861709	0.00010676312280107	0.0064064837004687	0.018885796702694
26.2	9.9287157314453	0.0020667425556144	0.0006646287893086	0.00042235138750654	0.0026763268329783	0.0001119280857231	0.0061009925571097	0.018661057787329
26.48	9.9271327947049	0.0021687561188302	0.00069847403530354	0.00044434974734942	0.0027897681339301	0.00011893032582233	0.0057233049621768	0.018562079589375
26.872	9.9250402265625	0.0022866188515006	0.00074439135077659	0.00046978046110653	0.0029621413269463	0.00012759844147321	0.0052776928111804	0.018603150202206
27	9.9244205210503	0.002319827707617	0.00075811606590924	0.00047694686582098	0.0030175406972761	0.00013010769403709	0.0051491867351022	0.01863293800753
27.2	9.9235312940538	0.0023666396318277	0.00077803468250048	0.00048706917152492	0.0031016187267854	0.00013370321682083	0.0049637154872271	0.018686509836692
27.48	9.9224423153212	0.0024228360125041	0.00080264146029375	0.00049924405231036	0.0032115958139605	0.00013809690878308	0.0047317136254437	0.018763927241669
27.872	9.9212173564453	0.0024852952269581	0.00083088098036195	0.00051282850210575	0.0033464104804323	0.00014310439364258	0.0044522637320057	0.018860576267961
28	9.9208847380642	0.0025022187967095	0.00083870794861867	0.00051652146718138	0.0033853616295373	0.00014448948475542	0.0043702969921873	0.018887632028941
28.2	9.920431227105	0.0025254077298535	0.00084962707813104	0.00052159948543864	0.0034411287425293	0.00014642093165827	0.0042505983973428	0.018925032478226
28.48	9.9199166359592	0.0025518046537082	0.00086243653130995	0.00052741448456436	0.0035089621998499	0.0001486878125302	0.0040982573799246	0.018967101514346
28.872	9.91941090625	0.0025782087016276	0.00087605375072417	0.00053330706118685	0.0035849562041468	0.00015110374711851	0.0039103637731276	0.019005986946976
29	9.9192923563368	0.0025845658600933	0.0008795668306439	0.00053474768729238	0.0036054824073839	0.00015172913855931	0.0038543197290025	0.019014069346855
29.2	9.9191515885417	0.0025924034438415	0.00088419146463992	0.00053655163323376	0.0036335024411675	0.00015255496151154	0.0037715997821514	0.019022328404244
29.48	9.919035022678	0.0025994527338419	0.00088904741493123	0.00053824042106225	0.0036650049539877	0.00015342796096815	0.0036647566123724	0.019025499157333
29.872	9.9190138490668	0.0026025114836761	0.00089304596060666	0.00053915341507341	0.0036955131066645	0.0001541608047618	0.0035304574200231	0.019014874130224
30	9.9190374902344	0.0026020506009932	0.00089374913634526	0.00053914006996656	0.0037025109651503	0.00015429480919746	0.0034898735741837	0.019008095933312
30.2	9.9191032351345	0.0025999924523783	0.00089429118068798	0.00053883300736902	0.0037106883054502	0.0001544068715723	0.0034294845179757	0.018994432631839
30.48	9.9192473304036	0.0025946050364972	0.00089401133220782	0.00053786819763504	0.0037169593650426	0.00015438216440263	0.0033506037100044	0.018969522176677
30.872	9.9195404493273	0.0025827292521981	0.00089182948648849	0.00053559308998059	0.0037167727787545	0.00015403477310348	0.003249982189805	0.018924487040969
31	9.919655679362	0.0025779264350262	0.00089073380894678	0.00053465275019292	0.0037147829020328	0.00015385435795816	0.0032192501533633	0.018907587811097
31.2	9.9198539561632	0.0025695832269534	0.00088866863686077	0.00053300337450336	0.0037098906935759	0.00015351069384732	0.0031732094969172	0.018879164346887
31.48	9.92016425	0.0025563343547772	0.00088512142189568	0.00053035884489125	0.0036997169314347	0.00015291481048899	0.0031124788971144	0.018835612794073
31.872	9.9206559098307	0.0025350908345643	0.00087903147728432	0.0005260804846506	0.0036797657442363	0.00015188404648584	0.0030339429740344	0.018768106813955
32	9.9208285633681	0.0025275832808809	0.00087680436771156	0.00052456147280192	0.003672034840957	0.00015150574117827	0.0030097032986934	0.018744670117875
32.2	9.9211095277778	0.0025153438458806	0.00087310562505876	0.00052207806279979	0.0036588366163257	0.00015087631111985	0.0029731390910372	0.018706780322761
32.48	9.9215226253255	0.0024972606045313	0.00086752402522605	0.00051839784066901	0.0036382878370584	0.00014992443375339	0.0029244151675111	0.018651395081267
32.872	9.9221354088542	0.0024703324631174	0.00085902571139085	0.00051289984311329	0.0036059978897329	0.00014847198265256	0.002860482014937	0.01856983147196
33	9.9223426681858	0.0024612029930092	0.0008561077113125	0.00051103248211359	0.0035947134822846	0.00014797264693841	0.00284052730383	0.018542353680166
33.2	9.9226730399306	0.0024466475424323	0.00085141812287069	0.0005080511647581	0.0035764050644648	0.00014716957485691	0.0028102066548297	0.018498662501854
33.48	9.9231466756727	0.0024257321699097	0.00084461614787639	0.00050376113414945	0.0035495343695239	0.00014600369458086	0.0027693681823692	0.018436125027321
33.872	9.9238290700955	0.002395555183604	0.00083469966077688	0.00049756163927876	0.003509842141007	0.00014430227163604	0.0027149760088631	0.018346258142474
34	9.9240557800564	0.0023855196583148	0.00083138161794303	0.00049549818196819	0.0034964550471777	0.00014373263453154	0.0026978108076943	0.018316443232657
34.2	9.9244134248047	0.0023696925567143	0.00082612547390461	0.00049224109325514	0.0034751533035349	0.00014282992253631	0.0026715450490396	0.018269449935299
34.48	9.9249195064019	0.0023472675379927	0.0008186403403568	0.00048762255898551	0.0034446413122297	0.00014154373699043	0.002635812216925	0.018202950949276
34.872	9.9256372692057	0.0023154488737757	0.00080795877255173	0.00048106348495533	0.0034008059516551	0.00013970725717177	0.0025875800982327	0.018108705441743
35	9.9258733377821	0.00230497916587	0.00080443238854377	0.00047890430929257	0.0033862728893438	0.00013910075704392	0.0025722155302364	0.018077716820637
35.2	9.9262435755208	0.0022885681259148	0.00079888918894677	0.0004755177706765	0.0033633726480719	0.00013814716014887	0.0025485685014153	0.018029128967447
35.48	9.9267634809028	0.002265502947351	0.00079107441749579	0.00047075575796251	0.0033309834961396	0.00013680234176096	0.0025161404206302	0.017960850743132
35.872	9.9274939532335	0.0022330965177457	0.00078005674191776	0.00046406144863053	0.0032851458057633	0.00013490565400403	0.0024719224583778	0.017864914844409
36	9.9277327315538	0.0022225013818681	0.00077644771632153	0.00046187227652499	0.0032700941860441	0.0001342842259572	0.002457741214545	0.017833550010025
36.2	9.9281058601345	0.0022059555092649	0.00077080049318539	0.0004584519217747	0.0032465090865782	0.00013331168755446	0.0024358268161006	0.017784538401189
36.48	9.9286273464627	0.0021828163029422	0.00076288707826136	0.00045366702148908	0.0032133960642425	0.00013194855813355	0.0024056121735601	0.01771597714938
36.872	9.9293556627604	0.002150505061031	0.00075181256641354	0.00044698303249464	0.0031669511181307	0.00013004042731826	0.0023641423667126	0.017620192259509
37	9.9295928064236	0.0021399837849177	0.00074820247199085	0.00044480634212755	0.0031517886685541	0.00012941831832924	0.002350787711515	0.01758899663689
37.2	9.9299625174696	0.0021235920446318	0.00074256972864836	0.0004414138010284	0.0031281112555702	0.00012844753945405	0.0023301011654926	0.017540360884398
37.48	9.9304776026476	0.0021007413124444	0.00073470666111187	0.00043668336755661	0.0030950198991568	0.00012709213422198	0.0023014915836265	0.017472535703047
37.872	9.9311942008464	0.0020689591998077	0.00072375434844587	0.00043010238155283	0.003048864812433	0.00012520386179673	0.0022620860825427	0.017378149649954
38	9.9314269088542	0.0020586375897479	0.0007201952079312	0.00042796505290341	0.003033852547897	0.0001245901706211	0.0022493698745101	0.017347491014312
38.2	9.9317891666667	0.0020425815167259	0.00071465223700029	0.00042463914608626	0.0030104609272862	0.00012363432394358	0.002229649333136	0.017299768286443
38.48	9.9322928177083	0.0020202452627934	0.00070693361179377	0.00042001155185224	0.002977864504731	0.00012230311333601	0.0022023369305088	0.017233359530865
38.872	9.9329916944444	0.0019892595311958	0.00069621548419337	0.00041359085449114	0.0029325640632724	0.00012045431700961	0.0021646616988142	0.017141196723211
39	9.9332182629123	0.0019792142522549	0.00069273956916325	0.00041150933518335	0.0029178651412169	0.00011985470051657	0.0021524943985502	0.017111315805936
39.2	9.9335705768229	0.0019636036261421	0.00068733279967979	0.0004082736441916	0.0028949944568336	0.00011892192850798	0.0021336174392705	0.017064855361552
39.48	9.934059735026	0.0019419168343354	0.00067981608491558	0.00040377792857763	0.0028631848801865	0.00011762499897891	0.0021074619015344	0.017000300596915
39.872	9.9347373114149	0.0019118838646495	0.00066939947802383	0.00039755125032292	0.0028190828467964	0.00011582751243837	0.0020713697120843	0.016910881925398
40	9.9349567172309	0.0019021589568554	0.00066602592817917	0.00039553505844786	0.0028047954288114	0.00011524533795483	0.0020597126500554	0.016881928472912
40.2	9.9352976520182	0.0018870560001532	0.00066078262098263	0.00039240305813109	0.0027825859630763	0.00011434044072769	0.0020416270247982	0.016836945127503
40.48	9.9357705911458	0.0018660934704461	0.00065350100644668	0.0003880554676269	0.0027517349969701	0.00011308364448487	0.0020165691530881	0.016774508563694
40.872	9.9364249244792	0.0018370965891824	0.00064342374371203	0.00038204100450908	0.0027090290694179	0.00011134415290374	0.0019819977879121	0.016688139046268
41	9.936636624783	0.0018277146518178	0.0006401630388496	0.00038009509995887	0.0026952084505882	0.00011078127677251	0.0019708342497213	0.01666019832947
41.2	9.9369654600694	0.001813150398081	0.00063509783433831	0.00037707362996545	0.0026737380107951	0.00010990685207164	0.0019535168000004	0.016616811879726
41.48	9.9374213100043	0.0017929475773707	0.00062806856436455	0.00037288203636862	0.0026439384659831	0.00010869325798722	0.0019295288004258	0.016556635731271
41.872	9.9380515171441	0.0017650225503635	0.00061834915761087	0.00036708785785008	0.0026027306756391	0.00010701507437856	0.0018964451365057	0.016473469478705
42	9.938255304579	0.0017559922719483	0.00061520612739408	0.00036521423899951	0.0025894041502053	0.00010647236610645	0.0018857650382009	0.016446581942025
42.2	9.9385717475043	0.0017419775695238	0.00061032544843486	0.00036230583819306	0.0025687098095624	0.00010562957612839	0.0018692004619814	0.016404846370312
42.48	9.9390102431641	0.0017225445295037	0.0006035554170044	0.00035827270431499	0.0025400031645967	0.00010446044432655	0.0018462612395197	0.016346988834832
42.872	9.9396161588542	0.0016956966236462	0.00059419990056897	0.00035270037401625	0.002500333609355	0.00010284470018027	0.0018146350944894	0.016267076898915
43	9.9398120058594	0.0016870178126407	0.00059117573764936	0.00035089914485622	0.0024875104063844	0.0001023223931851	0.0018044281692506	0.016241252575521
43.2	9.9401160927734	0.0016735506645906	0.00058648073113581	0.00034810360926879	0.0024676030204088	0.00010151147713849	0.0017885999335342	0.016201177413656
43.48	9.9405373401693	0.0016548814068245	0.00057997021338973	0.00034422796430024	0.0024399978361235	0.00010038690931603	0.0017666851673733	0.016145640324631
43.872	9.9411192300347	0.0016290967170666	0.00057097669079023	0.00033887494518252	0.0024018671190297	9.8833347161146e-05	0.0017364798980546	0.016068965288193
44	9.9413072647569	0.0016207636354177	0.00056807028770348	0.00033714502286393	0.002389545000416	9.833127183597e-05	0.0017267335000983	0.016044194161491
44.2	9.9415991824002	0.0016078340560123	0.00056355877565674	0.00033446043722472	0.0023704188359658	9.7551886121505e-05	0.0017116211752151	0.01600575978754
44.48	9.9420035243056	0.0015899126567187	0.00055730389856864	0.00033073918212726	0.0023439029497789	9.6471256401895e-05	0.0016907009100041	0.015952508300298
44.872	9.9425619299045	0.0015651655666797	0.00054866554560349	0.00032560042185508	0.0023072870035104	9.4978753640468e-05	0.0016618720424803	0.015879008703317
45	9.9427423489583	0.0015571691213741	0.00054587437623795	0.00032394000219765	0.0022954566155302	9.4496491125545e-05	0.001652571061433	0.015855267979861
45.2	9.9430224366319	0.001544762324576	0.00054154214074753	0.0003213634177247	0.0022770956941691	9.3747933523803e-05	0.001638150489725	0.015818436312982
45.48	9.9434103348524	0.0015275669615236	0.00053553650747992	0.00031779218141998	0.0022516442399848	9.2710171926681e-05	0.0016181898615777	0.01576741259027
45.872	9.9439459800347	0.0015038250206775	0.00052724354209807	0.0003128611496662	0.0022165040541783	9.1277084695617e-05	0.0015906867682439	0.015696999782123
46	9.9441190247396	0.0014961541937021	0.00052456423891209	0.000311268011183	0.002205151777984	9.0814067651689e-05	0.0015818142769808	0.015674258882104
46.2	9.9443876500651	0.0014842526709486	0.00052040586261172	0.00030879588770084	0.0021875340265213	9.00954240802e-05	0.0015680586580035	0.015638980695263
46.48	9.9447596744792	0.0014677582427548	0.00051464161324914	0.00030536958455259	0.0021631146735868	8.9099201785104e-05	0.001549019506348	0.01559011321852
46.872	9.9452733532986	0.0014449853306178	0.00050668257893214	0.00030063894671402	0.0021294026342316	8.7723589179969e-05	0.0015227877201511	0.015522682749705
47	9.9454392953559	0.0014376281046855	0.00050411130834249	0.00029911064766825	0.0021185124402227	8.7279167385706e-05	0.0015143257212232	0.015500906664954
47.2	9.9456968815104	0.0014262129681456	0.00050012072034572	0.00029673913978643	0.0021016123875839	8.658940731686e-05	0.0015012067590896	0.015467126491062
47.48	9.9460536139323	0.0014103927839907	0.00049458921964467	0.00029345232970985	0.0020781887383761	8.5633256903953e-05	0.0014830491757357	0.015420336281681
47.872	9.9465461856554	0.0013885511449278	0.00048695181533532	0.00028891438079171	0.0020458527288716	8.4313026136148e-05	0.0014580324117903	0.015355775474901
48	10.029459674913	0.001374755395632	0.0004998842696032	0.00028632793688761	0.0020495423863695	8.5090019055075e-05	0.0014485868145532	0.015725728283475
48.2	10.021402803602	0.0013755385028235	0.00067187131666258	0.00028541310168981	0.0023795494354464	9.8026051466285e-05	0.0014378227542302	0.019909892897462
48.48	10.014317426107	0.0014394542399734	0.00080923026989957	0.00029548593281216	0.0027373250716977	0.00010840632934077	0.0014341617643954	0.023161117465688
48.872	10.006821866753	0.0016396716568706	0.00092380128634498	0.00033230741480917	0.0031432964543787	0.00011939112133583	0.0014599680904257	0.025429457003359
49	10.004413790582	0.0017275115130471	0.00095664212179499	0.00034917095146348	0.0032714649071234	0.00012338070585011	0.0014783265505894	0.025934574226606
49.2	9.9258226264106	0.001875176729888	0.00082405533388641	0.00037863647888302	0.0031219062081265	0.00011606694740433	0.0015159208053143	0.022138677951637
49.48	9.9278038760851	0.0020577355721017	0.00075111607206111	0.00041718034262682	0.0030348260443949	0.00011591402681217	0.0015814371614456	0.019387373189259
49.872	9.9265334268663	0.0022702288384012	0.00075258896949885	0.00046291298914937	0.0030714604731326	0.00012405736310066	0.001692924790851	0.018046209778735
50	9.9257338479818	0.0023313403058951	0.00076373308054161	0.00047607243649589	0.0031065105196041	0.00012737783157512	0.0017326890731694	0.017897617846374
50.2	9.9243131608073	0.0024194773484169	0.00078648600984886	0.00049503791081065	0.0031776707707723	0.0001327455200517	0.0017975768555446	0.017834193696377
50.48	9.9222373879123	0.0025292302091575	0.00082241794434598	0.00051863951810803	0.0032977523176525	0.00014006239608658	0.0018924331673911	0.017932065151567
50.872	9.9195093707682	0.0026589352122862	0.00087146806725861	0.00054654327824874	0.003480155144883	0.00014924777861158	0.0020289741686249	0.018210916632656
51	9.9186969941406	0.002695901900842	0.00088625112038688	0.00055450845429205	0.0035389793048284	0.00015193703988037	0.002073432026169	0.01831157958475
51.2	9.9175114596354	0.0027487879862852	0.00090786673883754	0.0005659057128157	0.003628594871713	0.00015582433871757	0.00214242932647	0.018470077973683
51.48	9.9160309791667	0.0028133779231853	0.00093491361587338	0.00057984917446131	0.0037466968034198	0.00016064085855391	0.0022371295199526	0.018684168312006
51.872	9.9143021509332	0.0028869950857941	0.00096656782686446	0.00059579491468805	0.0038933457874925	0.00016624337417685	0.002363839797134	0.018954902896228
52	9.9138179844835	0.0029072577057826	0.00097546837718316	0.0006002017855536	0.0039361390197786	0.00016781616968057	0.0024032480849558	0.019034763734152
52.2	9.9131360801866	0.002935488655582	0.00098801739559483	0.00060635283804227	0.0039978689481749	0.00017003303652861	0.002462735272888	0.0191508088115
52.48	9.912327188151	0.0029683725280695	0.0010029847508523	0.00061355407422481	0.0040738519724161	0.00017267855882036	0.0025413560778135	0.01929534056588
52.872	9.9114575480686	0.0030026331186975	0.0010193142047811	0.00062113536256226	0.0041605465701924	0.00017557202348857	0.0026414984953826	0.019463460623212
53	9.9112325211589	0.0030112074637964	0.0010236207658889	0.00062305682428413	0.0041843034357301	0.00017633760149752	0.0026715723590394	0.019510307189055
53.2	9.9109355029297	0.0030222000958114	0.0010293917210814	0.00062554616182597	0.0042170938652613	0.00017736648042151	0.0027159382171741	0.019575809126976
53.48	9.9106247038845	0.0030329900046985	0.0010356528945652	0.00062805409640535	0.0042546410656036	0.00017848950776002	0.0027726165066882	0.019652500120788
53.872	9.9103762049696	0.0030400037642429	0.0010412193938549	0.00062984597114876	0.0042922440045367	0.00017950362161024	0.0028413064990962	0.01973254157252
54	9.9103361120877	0.003040526586731	0.0010423355668474	0.00063005523127052	0.0043011962555497	0.0001797123841319	0.0028611231734884	0.019752481262392
54.2	9.9103116263021	0.0030396993640436	0.0010434260320907	0.0006300323707934	0.0043120672183023	0.00017992456632092	0.0028895368905504	0.019777785781824
54.48	9.9103499079861	0.0030354409431054	0.0010437181716541	0.00062934058555723	0.004321362722012	0.00018000623957165	0.0029242082417019	0.019801970347414
54.872	9.9105310208333	0.0030240824086544	0.0010419733133482	0.00062722312526776	0.0043239694130535	0.00017974475510374	0.0029631282463821	0.019815751310894
55	9.9106177559679	0.0030192131773634	0.001040936691614	0.00062628413114845	0.0043225483025592	0.0001795778668007	0.0029735762073446	0.019815787913831
55.2	9.9107789190538	0.0030105217272818	0.0010388836084264	0.00062458640104149	0.0043182132721622	0.00017924145222921	0.0029877281474301	0.01981166183795
55.48	9.9110527064887	0.0029963379483141	0.001035196037017	0.00062177931635947	0.0043081614978011	0.00017862845082216	0.0030032786230598	0.019797934699478
55.872	9.9115198162977	0.0029730139814014	0.0010286293332658	0.00061710899997646	0.0042871782145496	0.00017752492850957	0.0030172397715859	0.019764719048149
56	9.9116901748047	0.0029646642876008	0.0010261848974737	0.00061542689034685	0.0042788389791253	0.0001771121058737	0.003020016211324	0.019750811439382
56.2	9.9119728490668	0.0029509372826797	0.0010220883544583	0.00061265318787564	0.0042644331939428	0.00017641861123787	0.0030226616757474	0.019726233710445
56.48	9.9123990852865	0.0029304684537565	0.001015838028768	0.00060850176181985	0.0042416972406605	0.00017535757130715	0.0030230978579584	0.019686471031393
56.872	9.9130483552517	0.0028996926478651	0.0010062101952346	0.00060223497135544	0.004205469005109	0.00017371847450465	0.0030178486559116	0.019621504644681
57	9.9132713489583	0.0028892030119235	0.001002882205649	0.0006000939828152	0.0041927080970397	0.00017315097338335	0.0030148272543645	0.019598289923374
57.2	9.9136297494575	0.0028724131730429	0.00099751362549094	0.00059666246797841	0.0041719148844848	0.00017223468053453	0.0030088778348168	0.019560174966239
57.48	9.9141496032986	0.0028481822716951	0.00098968875601055	0.0005917016980333	0.0041412292786053	0.00017089763019634	0.0029982087670625	0.019503393934202
57.872	9.9149082300347	0.0028130581411854	0.00097821858578163	0.00058449689184472	0.0040956198566079	0.00016893516393058	0.0029791513946507	0.019418051532555
58	9.9151622049696	0.0028013464425458	0.00097436810055898	0.00058209182326458	0.0040801791756979	0.0001682758562196	0.0029720266409933	0.019388950577091
58.2	9.9155645733507	0.0027828379414269	0.00096825692527461	0.00057828784675244	0.0040555571346629	0.00016722896830969	0.0029600555014655	0.019342362165351
58.48	9.916137508355	0.0027565547070747	0.00095953223872161	0.00057288083066095	0.0040201902893448	0.00016573343374742	0.0029417179542238	0.019275100241471
58.872	9.9169556676432	0.0027191710108344	0.00094704617341829	0.00056518183043964	0.0039692152437207	0.00016359158930385	0.0029133141106624	0.019177523885095
59	9.9172259088542	0.002706852657933	0.00094291687678611	0.00056264344007652	0.0039522812366612	0.00016288293870506	0.002903452577954	0.019144964962632
59.2	9.9176507177734	0.0026875229482547	0.00093641931477733	0.00055865782909992	0.0039255669133257	0.00016176753771035	0.0028875047183851	0.019093477892837
59.48	9.9182493661024	0.0026603234030971	0.00092724665593321	0.00055304622023304	0.0038877258567323	0.000160192290238	0.0028641769091017	0.019020315227692
59.872	9.9190937395833	0.0026220593673928	0.00091429468565618	0.00054514656696279	0.0038340782971765	0.00015796698177427	0.0028298202398567	0.018916154227301
60	9.9193704347873	0.0026095391633086	0.00091004803835019	0.00054256098855859	0.0038164428824875	0.00015723715110876	0.00281824536969	0.01888181134163
