# Time [h]	All Liquid [L]	MS [g]	Butyric [g]	AA [g]	Propionic [g]	Valeric [g]	LCFA [g]	Acetic [g]
0.2	1.2993271262152801	0.06675629754733044	0.01908172953071376	0.04169444405208749	0.04457148069229308	0.006255969902015889	0.09124626361790565	1.882478346795882	
0.48	1.9589957289583237	0.08867975466638148	0.0442186059489137	0.06353763015181142	0.1352034805187795	0.01566661021026718	0.29531372714868787	2.448434795017978	
0.872	2.977529306888898	0.11363062598321219	0.06569852987981437	0.08057136935478437	0.2655236565231445	0.023499730152788934	0.7347101401304542	2.9500788386324914	
1.0	0.9962780515555584	0.03595649467949202	0.02108132503645234	0.025287453068358688	0.09120742299704616	0.0075402942411619735	0.27348601047353854	0.9029635542987263	
1.2	1.5989666635416597	0.05298611609625351	0.03104751943199006	0.03683581076555052	0.1466988066482635	0.011168476811504173	0.5029604111150995	1.2320174333261944	
1.48	2.3475345274609483	0.06911837316829697	0.04026427032804572	0.047368327235872525	0.2059111044109983	0.01455177845719808	0.8552845850649318	1.3835566615506496	
1.872	3.4702500151727254	0.08681286729339269	0.050060479478029656	0.058452039648372894	0.26925864490940826	0.018172954563973862	1.4678107359786006	1.2954266356621449	
2.0	1.1499633015555575	0.027270277536714495	0.015679435219100805	0.018253098565694674	0.08488030971138424	0.005700323463300199	0.5056061300092187	0.3602535674861936	
2.2	1.8320793363498218	0.040026969513616756	0.022892425763975592	0.026568856462067282	0.12415083181675418	0.008335800946812117	0.8490043837783654	0.433475378420661	
2.48	2.615596227465282	0.051020275101359785	0.028982476141385393	0.033505045540145634	0.15561223567266722	0.010569548285694097	1.2870604377166293	0.4273328662338421	
2.872	3.7220873565859414	0.062120770293268394	0.03498338599888027	0.04022676794969453	0.1826267868764216	0.012771518740928365	1.9501131315986369	0.4088551896607595	
3.0	1.2198399866527754	0.019348951825278217	0.010869612176045268	0.0124701285670642	0.05609744293196036	0.003969377778651277	0.6495287360458141	0.12073469543580319	
3.2	1.9152127512586818	0.028097302906961486	0.015715220073360306	0.017981328908767344	0.07961985383581603	0.005738677430158577	1.0419073912283219	0.16642626235673488	
3.48	2.694918594921866	0.03550185762022551	0.019741261480465472	0.022504975014471476	0.09747470408439092	0.007204518130307006	1.500238495207037	0.20388150007462805	
3.872	3.7930476360546717	0.04313223865354502	0.023793607247048397	0.026982832803821653	0.11366082283825064	0.008667967958803143	2.154483977768943	0.2473662284724811	
4.0	1.2403829723055628	0.013448374093713146	0.007400847897145032	0.008375046427225221	0.03499150319405212	0.00269425417525522	0.7072609578506723	0.07749035187249707	
4.2	1.9422018187717018	0.019577859981756613	0.010727383543335559	0.012106676543776673	0.04997501032335382	0.003899546822974404	1.111228077431256	0.11408307004577338	
4.48	2.7260886565755107	0.024872742903957946	0.013545968568419527	0.015228853655800147	0.06196292183929305	0.004911546004060189	1.55927248185024	0.14817247644930787	
4.872	3.828052719342886	0.03053322149103904	0.016481691826873344	0.018425687313811785	0.07380586957011447	0.005949008709500094	2.167890489503574	0.18921045685021112	
5.0	1.2510678100000012	0.009557703008431109	0.005144816538743053	0.005739098437097743	0.022894269397474108	0.0018539569770043925	0.7045959175165274	0.06009287756125448	
5.2	1.957228020204002	0.01400936798664844	0.007502483408978505	0.008344737969810875	0.03308864135768835	0.0026956795028264	1.090378516728915	0.09018193566989081	
5.48	2.7443393841840225	0.017993082846499166	0.00956423036198335	0.01059323599889671	0.041718793677593645	0.003420619592185917	1.4989772335213472	0.11997446680236586	
5.872	3.8490398386926867	0.02248811963022979	0.011818636743316372	0.013010049063981805	0.050882724047776245	0.004195239138860261	2.0272485272553213	0.1578929317879052	
6.0	1.2574895814722187	0.007084665226123251	0.0037099776527532635	0.0040743708972274615	0.01591014474953929	0.001313416179928905	0.6531135199739312	0.05061889091085117	
6.2	1.9662832188802017	0.010500612665342881	0.005461376362206426	0.00597919736288884	0.023286576367691825	0.0019247117982292969	0.9971159197252758	0.0770372796176598	
6.48	2.755291174270827	0.0137210146484491	0.007064709629782499	0.007699938435996816	0.029898291448207832	0.0024724902377616952	1.3456151765778661	0.10441116936691563	
6.872	3.861427496791648	0.017624952721860054	0.008934658900570039	0.00967522964117642	0.037452833678344136	0.003092912144583692	1.7749985630391751	0.1408006669814496	
7.0	1.2612518654999947	0.0056050651025513765	0.0028276549324683766	0.003054388380967363	0.011818202722191789	9.751281368399764E-4	0.5673669376770075	0.04548469623023332	
7.2	1.9715081631944418	0.00844209788310909	0.004218806069797565	0.004543006659165529	0.01755190814560679	0.0014456640531512307	0.8559094208492161	0.07003261074955339	
7.48	2.7614302464279468	0.011298561398220719	0.005568218461780344	0.005969322255979052	0.023018113274616385	0.0018898469701031533	1.1367862388199141	0.09642243336196532	
7.872	3.867973161111097	0.015038111182114214	0.007256307914320025	0.0077281902067991275	0.029735154320819454	0.0024267665784890305	1.469289302385174	0.1327914086753311	
8.0	1.2631915652222219	0.004837751361908957	0.0023195969719275555	0.0024639473575403456	0.009479315408687544	7.718620927807787E-4	0.46679048068569606	0.04317930503258024	
8.2	1.974079503124993	0.007423277762859146	0.0035155554189346375	0.003722532490472976	0.014304371420611847	0.0011601956641074944	0.6979469240589475	0.06715383200389242	
8.48	2.764207160616339	0.010192114728155352	0.004742176345208048	0.004997029549432408	0.019176234521479797	0.0015458429206728142	0.9168670543194691	0.09371714153253734	
8.872	3.8704767709817833	0.014014944959225917	0.006358791765632533	0.0066466236152736185	0.025502585356068544	0.002034864483329651	1.1708702569154494	0.1313359746406796	
9.0	1.2638801218194444	0.00455154713642163	0.0020503450884206322	0.0021360193804633746	0.008203017742863455	6.5207196799093E-4	0.37085267313440584	0.042928440419025174	
9.2	1.974876242881933	0.007076793371622449	0.0031460846880667663	0.003261876618299851	0.012540772591160468	9.9058612864683E-4	0.5524065708749502	0.06726977667099782	
9.48	2.764876819930579	0.00985959615011782	0.004306025975178005	0.004428920067236832	0.017083439140774186	0.0013360578116623678	0.7233580067020786	0.09474580469516962	
9.872	3.8708443511596995	0.0137160202031503	0.005856906294595817	0.005937786614445858	0.023118036870993182	0.0017785256625232468	0.923622548685713	0.1340571159236543	
10.0	1.2639572417500045	0.004464603669126209	0.0018947896704887414	0.001910429778032031	0.007469846140026839	5.7127558571007E-4	0.29284293931648314	0.04392238579725537	
10.2	1.974944151453993	0.006943592209231899	0.00291763290241222	0.00291473485863806	0.011485662883443982	8.697086068107838E-4	0.4373942167943682	0.06901134219254862	
10.48	2.764976297708335	0.00963662996950148	0.003999275540000558	0.003936483992932619	0.015727899345529903	0.001172703641796559	0.57621989578123	0.0973606875848831	
10.872	3.8712266552846994	0.01324845466227702	0.005420467114288037	0.005207576742861313	0.021333236883463	0.0015520118737520825	0.7450743579243359	0.13757491298284577	
11.0	1.2641150578194442	0.004294253918407878	0.0017499086991089826	0.0016672274863457615	0.0068918789164752435	4.970934784026447E-4	0.23742270205653768	0.04503031969614086	
11.2	1.975298659526893	0.006623633686551578	0.0026834278727521483	0.0025214388770745206	0.010584873925962295	7.527913338923463E-4	0.3577163441182977	0.07058756256996063	
11.48	2.765712888172763	0.009080210346242226	0.0036518194732948505	0.0033615799840725565	0.01444871174953485	0.0010062526091313146	0.47774060684307873	0.09914408895102778	
11.872	3.872722164888892	0.012282736827376777	0.004894048682431218	0.004372309625485157	0.019472626568870093	0.0013141710500674095	0.6310215158107427	0.13905906206357133	
12.0	1.2646471867777802	0.003962923271511437	0.0015741872067664513	0.0013928339268406238	0.006276072069396193	4.1910248958082735E-4	0.20254168033682807	0.045405782315156545	
12.2	1.9762302635416529	0.006071468749367744	0.002400684272802062	0.0020917654335999777	0.009602813229237544	6.305644620365089E-4	0.30868085989015787	0.07090297769432266	
12.48	2.767179665073807	0.008258299347739032	0.0032442340987307115	0.0027668920363833637	0.013039470462108915	8.359492785863645E-4	0.4188914853121678	0.09907016845388279	
12.872	3.874992296862854	0.011086274794671952	0.004314295840184536	0.0035737065815689044	0.01745677988739161	0.0010818694717618447	0.5651675895788456	0.13806122501193885	
13.0	1.2654047628611083	0.003570355950096266	0.0013849378509506322	0.0011366875536378816	0.005615591040164661	3.442086029796068E-4	0.1825769263473661	0.04499683994350371	
13.2	1.977443228016493	0.005458580286510744	0.0021067301882959286	0.0017047432797232466	0.008569290028064539	5.163505024511718E-4	0.28089088632679193	0.07007887832236427	
13.48	2.7689067076562752	0.0074123526678282915	0.0028403989765977715	0.002254606447921106	0.011601206461009476	6.827491805702773E-4	0.3856514471032282	0.09760592349610028	
13.872	3.8774115839010332	0.009946194449636535	0.003773321978567119	0.0029194039718631916	0.015489874453820532	8.829079224485084E-4	0.5270160874745565	0.13552934004466036	
14.0	1.266192514180558	0.0032035356584524297	0.001211380543795936	9.297276937442868E-4	0.004980208460133616	2.8099658564735005E-4	0.17080400168471113	0.04412647510870918	
14.2	1.9786653522786328	0.004900332097175855	0.0018436994473548206	0.0013978217856178252	0.007595952945275146	4.2197582579592936E-4	0.2638510100026818	0.06862238232744977	
14.48	2.7705928274305793	0.006662104737637756	0.0024894021381089287	0.0018566176086935921	0.010283098639686787	5.593876435556583E-4	0.363586396521994	0.09539903938418902	
14.872	3.8797173386623345	0.00895815496191147	0.0033172317207639437	0.002420953463339976	0.013744160879137731	7.271788170356459E-4	0.49745107470021827	0.13214165313099618	
15.0	1.2669400489444493	0.0028872696281043732	0.001066194133017445	7.728319822240365E-4	0.0044213159248490015	2.3189678731264037E-4	0.16113763603833545	0.04298919734273479	
15.2	1.979820948806413	0.004421605827189599	0.0016258683360688567	0.0011664612292749802	0.006750392111804443	3.494180056980889E-4	0.24849333013018052	0.06676918924034186	
15.48	2.772189150269095	0.006020932331371639	0.0022016077483356577	0.0015580185455628765	0.009154216888002793	4.655819621525355E-4	0.3410120437009349	0.09265052802018396	
15.872	3.881922172564212	0.008113087880878854	0.0029459182758654065	0.002047622380573131	0.012269852060044313	6.098928748356083E-4	0.46242897477110834	0.12796789109220566	
16.0	1.2676579593611148	0.0026164879508586312	9.481177907074746E-4	6.552958779520775E-4	0.003950890189785803	1.9499291598539493E-4	0.14925842111934198	0.041589582092938934	
16.2	1.9809390794270731	0.00401067838190832	0.0014487860284844725	9.929180255668962E-4	0.006041523589409962	2.949960562700819E-4	0.2287446732259943	0.06448876644464487	
16.48	2.773752315195327	0.005467944309531656	0.0019672866814446155	0.0013332901377651168	0.008210978982783241	3.952842445236062E-4	0.31080684888502863	0.08926325297770507	
16.872	3.884118418493046	0.007378737556487305	0.0026419930036273727	0.0017647359833898651	0.011039111613616554	5.218168879032784E-4	0.41477176758500445	0.12281441402396254	
17.0	1.2683767426666637	0.0023806225093934135	8.51256416515973E-4	5.660124225602401E-4	0.003558028815724053	1.672447683310683E-4	0.13312031185055156	0.03986159037882124	
17.2	1.982067042491313	0.0036514026556570306	0.0013029605713172296	8.605277385185389E-4	0.005448801062774424	2.5397229289087034E-4	0.20213165503432995	0.061675584467083835	
17.48	2.7753441261328273	0.004982093584462813	0.0017731794446586284	0.0011607426516589633	0.0074200988597153735	3.4205436042368986E-4	0.2709005149442301	0.08509618905715705	
17.872	3.886377525552071	0.006729894502907634	0.002388038673823219	0.0015454735353687033	0.010001743384958057	4.546126730189698E-4	0.35418089440333306	0.11652164486802764	
18.0	1.2691178126944396	0.002171928785808916	7.700964685155088E-4	4.965993834436628E-4	0.0032262702055574264	1.4601484045701857E-4	0.11288703576112244	0.03775860666049307	
18.2	1.983233412174473	0.0033329161990594425	0.001180261533742443	7.571117498141926E-4	0.0049467490587694765	2.2244761275760217E-4	0.16951993368484472	0.05827222594602315	
18.48	2.7769938859505197	0.004550607734107153	0.001608963704096084	0.0010250808904810592	0.006747347510262306	3.008909670893515E-4	0.2236074778328314	0.08010443907774377	
18.872	3.888718006766488	0.006153066752451207	0.0021717801919729717	0.0013716106772723793	0.00911438556492154	4.02179540744087E-4	0.28575571049010706	0.10910850776917715	
19.0	1.269884809263886	0.0019864201322920805	7.008561086721012E-4	4.4141804357591925E-4	0.002942014947919043	1.2940384293505582E-4	0.09039391283988248	0.0352960840694178	
19.2	1.984437993381073	0.0030499301338008556	0.001075316467642214	6.745829551385058E-4	0.004515559661808358	1.9767408171678772E-4	0.13414666974405404	0.054326633641090576	
19.48	2.7786896105815955	0.004167683623371323	0.0014681046501923618	9.162827644783792E-4	0.006167905018990722	2.6835356739136066E-4	0.17404348630467487	0.07440498418632885	
19.872	3.891100213394963	0.005642518423927557	0.001985768676850132	0.0012313266221252255	0.008347831834298904	3.6041986494796704E-4	0.21739066800131207	0.10084350179574869	
20.0	1.2706624783472267	0.001822413268047209	6.412624196640202E-4	3.9681582887570913E-4	0.0026962774707419463	1.1614350227449117E-4	0.06826321916507591	0.032572801310110505	
20.2	1.985651363541653	0.0028001834590864107	9.849271120598098E-4	6.077007076844865E-4	0.004142460335837535	1.7782929997476463E-4	0.10016431693931631	0.05002072186399148	
20.48	2.7803796589236196	0.003830622195533738	0.0013467129623174908	8.278145563659372E-4	0.005666108437473344	2.4217172735081137E-4	0.12797761432477908	0.06830669057331451	
20.872	3.893433591480905	0.005194739246589176	0.0018254335299409603	0.0011167654187034816	0.007683676514421061	3.2662254269906276E-4	0.15667288282842973	0.09225956408616728	
21.0	1.271419620180558	0.0016787391293448637	5.898954611070453E-4	3.6034363010255824E-4	0.0024833550959440123	1.0539214152901306E-4	0.048891876237774856	0.029772261035702678	
21.2	1.986821122222213	0.0025817417369834433	9.070201249265061E-4	5.52893602922114E-4	0.0038191821694729187	1.6169509465225975E-4	0.0710792825406914	0.045662650717065136	
21.48	2.7819852066319433	0.0035363468197657745	0.0012420881149304765	7.550989424121088E-4	0.005231338729149304	2.2080480172121853E-4	0.08974368254165004	0.062275563785557715	
21.872	3.8956028564444436	0.004804409611961507	0.0016871994661605326	0.001022170353977424	0.007108184314869336	2.988924898113366E-4	0.10831529326887425	0.08404811085198899	
22.0	1.2721185701111177	0.00155353328125348	5.455982249236589E-4	3.3017926494199017E-4	0.0022988350076104153	9.655479677936224E-5	0.03366349031184091	0.02712180045747755	
22.2	1.9878890397569329	0.002391388784886927	8.397975682063859E-4	5.074421427372688E-4	0.003538937272301398	1.4839420198992136E-4	0.04866233933091209	0.04160697964513049	
22.48	2.7834286198481113	0.0032797644875784153	0.0011517002177550025	6.945448281285942E-4	0.004854145115166851	2.0311309393221616E-4	0.06104127932482347	0.05679252156767699	
22.872	3.897513672056424	0.004463407178509688	0.0015674584812495403	9.428826994378175E-4	0.00660795514432408	2.7577841465311926E-4	0.07321607105713775	0.07681298630639831	
23.0	1.2727304425694477	0.0014440543459480518	5.071859611925428E-4	3.0483853254361894E-4	0.0021383163000828565	8.917144089546902E-5	0.022723158374860795	0.024808864525469328	
23.2	1.9888152183593728	0.002224675976635496	7.813954199302587E-4	4.6911756302364893E-4	0.003294785710720067	1.3723984973290662E-4	0.03279860903497901	0.03811869488477991	
23.48	2.7846658595486193	0.0030544549729817467	0.0010729333487671112	6.432107092976167E-4	0.00452472071215205	1.881946223616068E-4	0.04111152908007273	0.052164165724826836	
23.872	3.8991295086892124	0.004162794307018734	0.001462617593866223	8.751600925687083E-4	0.006169302050164367	2.5613191561982024E-4	0.04937513092645865	0.07084188319649498	
24.0	1.2838438745555212	0.0013499464341358365	4.96614851498831E-4	2.8406718521311485E-4	0.0020314456124285655	8.506902653884363E-5	0.015457401751142096	0.0235816626743391	
24.2	2.004467851887993	0.002101323957669558	0.0011223916235426012	4.3970133132597834E-4	0.0038282023061303586	1.5862430451503033E-4	0.022357665221239758	0.04491951134143867	
24.48	2.8043644911284913	0.0031064793112911848	0.0019620271035801894	6.398470002133263E-4	0.0063558414942744	2.5091159793860963E-4	0.028252990156382433	0.07159055782012053	
24.872	3.923365624888971	0.005116502093146381	0.0031961593990195137	0.0010345720826574665	0.010475254612151902	3.930183199995352E-4	0.03464496062854688	0.1081378980600364	
25.0	1.2808123362361612	0.0017823852922667555	0.0010849575007484981	3.5902575795228775E-4	0.0035823542229887714	1.3325681792285526E-4	0.010864270930339225	0.03583458560344415	
25.2	1.985622052105033	0.0030545230078550313	0.0014147191367708538	6.143363644755287E-4	0.0052500723620868975	1.9149700381502908E-4	0.01585329951130614	0.0476214580102596	
25.48	2.780602722278651	0.004779188347464719	0.001768057796702983	9.658975147547465E-4	0.0070920712315912775	2.6658640652841653E-4	0.020465232631533256	0.05811364088843523	
25.872	3.892679836858501	0.007492514689997647	0.0024653462030591274	0.0015249334418732563	0.010034536773383009	4.0317508325358835E-4	0.025767025412429284	0.07454358774485109	
26.0	1.2710088246388875	0.002520970914919489	8.177622186917138E-4	5.139693866479424E-4	0.0033170944463742037	1.356968712261652E-4	0.008142697318200913	0.02400401426946008	
26.2	1.985743146289053	0.004104019864955216	0.0013197820631959435	8.386813730667837E-4	0.005314497665816147	2.2226042910189942E-4	0.01211500415584111	0.03705606760369252	
26.48	2.7795971825173833	0.006028268397467759	0.001941476460591267	0.001235113305784759	0.007754431644948883	3.3057839857162285E-4	0.015908482347554393	0.05159510412829017	
26.872	3.8906157688124945	0.008896355360912149	0.002896140727499034	0.0018277352698610704	0.011524553756068442	4.964365084715689E-4	0.02053347487412681	0.07237770952629001	
27.0	1.2703258266944395	0.002946937050467232	9.630544181564914E-4	6.058779216133583E-4	0.0038332598808513774	1.6527916398697355E-4	0.006541144896072743	0.02366990237816179	
27.2	1.9847062588107531	0.004697084489638013	0.00154417030393054	9.66689233199277E-4	0.006155802099495623	2.653616112474325E-4	0.009851517194455492	0.03708723302821132	
27.48	2.7782838482899472	0.006731326160595362	0.002229965805101983	0.0013870416868886947	0.008922724777162064	3.8367241117080134E-4	0.0131460435403037	0.05213151598601672	
27.872	3.8891172037265522	0.009665604423502233	0.0032313935149748435	0.0019944501501007908	0.013014582570180094	5.565497592442145E-4	0.01731537547567115	0.07335099163592386	
28.0	1.2698732464722187	0.0031775007067613016	0.0010650527855544452	6.559167924022125E-4	0.004298980162983012	1.8348333108746335E-4	0.0055497232295166595	0.023984898602763965	
28.2	1.984086245420993	0.005010626740882184	0.001685733399457024	0.0010348983646774731	0.0068274962067752226	2.9051175654490075E-4	0.008433553814976366	0.03754889663419377	
28.48	2.7775766580685874	0.007087833042090691	0.0023954835784321554	0.0014649341614532416	0.009746411500348084	4.1299179742316155E-4	0.011383224037235896	0.05268257843746481	
28.872	3.888409075249995	0.010025130113297266	0.0034064553547226593	0.002073716016613852	0.013939776238578191	5.875531815998945E-4	0.015205093982958173	0.07390305212870442	
29.0	1.2696694216111115	0.003281544240700485	0.001116759109131959	6.789527868323957E-4	0.004577770762812155	1.926458475961513E-4	0.0048937119010269	0.024141582430094954	
29.2	1.983830317708333	0.005142888547624259	0.0017540858342116087	0.0010644273970250551	0.007208252302255325	3.026431577634209E-4	0.0074822139940940915	0.03773707180174362	
29.48	2.7773298063498517	0.0072195375578967165	0.002469177884746789	0.0014948711643984814	0.010178927499129907	4.2612004912432466E-4	0.010178237772559577	0.052840085890344925	
29.872	3.8882534288341803	0.010119224199983927	0.00347238901843536	0.0020963651148268444	0.014369091508289895	5.994162777069055E-4	0.013727313168757893	0.07393464953569381	
30.0	1.2696367987500043	0.0033036591952305314	0.001134736792354977	6.845120725101966E-4	0.004700844169130216	1.9589836761320587E-4	0.004430871912768829	0.024133378071103224	
30.2	1.9838206470268929	0.0051579187091421565	0.0017741133087028724	0.0010689480453182558	0.007361340075033341	3.0631553986795854E-4	0.006803482195419265	0.037681547633603575	
30.48	2.7773892525130193	0.007206228142883474	0.0024830174656988455	0.0014938693513801087	0.010323442992496934	4.2877936419156255E-4	0.00930593073359647	0.05268574701881007	
30.872	3.888459856136296	0.010042839016441226	0.003467843156729141	0.0020826322296135197	0.014452521744567024	5.989580316619448E-4	0.012637425278214676	0.07358710815677952	
31.0	1.2697159269583371	0.003273234253079693	0.001130978903899991	6.788571123120277E-4	0.004716719015903558	1.9535132873142494E-4	0.004087533192588451	0.024007265384113182	
31.2	1.983970791232633	0.005097978067916839	0.0017630926186162873	0.0010574631266430945	0.00736031477472036	3.0456073273493794E-4	0.006295554956345722	0.037455710627104316	
31.48	2.777645990000011	0.007100591869646155	0.0024585539681916432	0.0014731491187732185	0.010276503898734739	4.247432101663547E-4	0.008645364527529469	0.05231866434664977	
31.872	3.888897116653629	0.009858707436992149	0.003418462977458772	0.002045872879885462	0.014310230392721342	5.906614304444689E-4	0.011798692083813914	0.07298723647383693	
32.0	1.2698660561111181	0.003209692212384629	0.0011134241044068814	6.661228086548137E-4	0.004662992401388682	1.9239199802824157E-4	0.0038219200579764105	0.023803220315689853	
32.2	1.984221905555588	0.004991000359000726	0.0017324353071053954	0.0010359187286173694	0.0072599437629623405	2.993720815534265E-4	0.005899367712699642	0.037118403298838615	
32.48	2.7780263350910808	0.006937455724973424	0.0024100045884021862	0.0014401228534328598	0.010107259425989803	4.164940252405356E-4	0.00812410235008563	0.05181406672194798	
32.872	3.889477080270876	0.009608301495944226	0.0033411608158180955	0.0019949121842636696	0.01402544614362126	5.774783735895072E-4	0.011125779235624515	0.07222693389468121	
33.0	1.2700598615277836	0.003125875132493031	0.0010873080412824216	6.490418434693856E-4	0.004565501307542436	1.8793411948049663E-4	0.003607639714168218	0.02354989914743082	
33.2	1.9845346079861483	0.0048554567215011585	0.0016896687307034872	0.001008245119090122	0.007097499622607328	2.92063114546146E-4	0.005576952362102524	0.03671123593638489	
33.48	2.7784810691882966	0.00673985091301515	0.0023467499776052927	0.0013996907746270729	0.009862314050155373	4.056685014244694E-4	0.007694637068325225	0.05122442437759997	
33.872	3.890140995477466	0.009319047426666468	0.003247099369299275	0.0019355849307352753	0.01365378080038573	5.613561826318844E-4	0.010561639473816137	0.07136953091365036	
34.0	1.2702791398472204	0.003030275859652759	0.0010560867265254625	6.294210043864139E-4	0.004441473909843361	1.8258056736069952E-4	0.0034269727922684504	0.023266995754639974	
34.2	1.984882684960968	0.004703561724503101	0.0016397621487584345	9.770408228283844E-4	0.006897771619771329	2.835006401366381E-4	0.005302703509931902	0.03626271484033627	
34.48	2.7789774617924725	0.006523003584878819	0.002274983055165666	0.0013550921012823029	0.009572580570645584	3.9334685495428644E-4	0.007324862744351826	0.0505855904261519	
34.872	3.8908498095286643	0.009009063809503544	0.003143646236289912	0.0018717457688096413	0.013232025189241194	5.435799549565534E-4	0.010067885532348863	0.07045825311881644	
35.0	1.27051178723611	0.002928503199571492	0.001022040831679358	6.08453569914378E-4	0.004302299620709378	1.767291514377667E-4	0.003268030150477127	0.022967952306935803	
35.2	1.9852487151041882	0.004543376931400756	0.0015859937358672022	9.440210432447297E-4	0.00667713122800131	2.742564721808367E-4	0.005059542342789731	0.035792305117071856	
35.48	2.7794937746527246	0.006296951338619504	0.0021987864187165787	0.0013084626986387213	0.009258447890990985	3.802412572825028E-4	0.006993596635293729	0.04992207282800216	
35.872	3.8915776296675615	0.008690268453347697	0.003035651366718517	0.0018059311522816929	0.012784399927904675	5.249958252377552E-4	0.00961967814129589	0.06952270296441801	
36.0	1.2707497896388875	0.002824243163481025	9.866707721811788E-4	5.869240982341651E-4	0.004155471499014889	1.7064165188693275E-4	0.0031231741313698827	0.022661979923753846	
36.2	1.9856211720269281	0.00438019196374583	0.0015305177786777082	9.103118422322773E-4	0.006446337177487478	2.647065092867745E-4	0.004836629297440294	0.03531335598412681	
36.48	2.780015657009497	0.006068263498554902	0.0021208380220968104	0.0012612014228085063	0.008933291370766845	3.668190575310968E-4	0.0066876395071897255	0.04925069385449887	
36.872	3.892307419802107	0.008370426805372946	0.002926285630551886	0.0017397953739045336	0.012326747335250703	5.061573201251001E-4	0.009201968875423967	0.06858320507002653	
37.0	1.2709878792222218	0.002719893452362491	9.509562731044743E-4	5.653434694452888E-4	0.004005885195602206	1.6448911394578714E-4	0.00298782268796011	0.022355401533167615	
37.2	1.985992503493948	0.00421743788111814	0.001474737914417178	8.766444997811716E-4	0.0062124055036574585	2.550958504479864E-4	0.004627563447050814	0.034835025224992905	
37.48	2.7805337287412684	0.0058411820746118535	0.0020428766519524355	0.0012142128322714745	0.008605807220730882	3.533839658619278E-4	0.006399374974687639	0.04858297484895821	
37.872	3.893028126731819	0.008054516357911934	0.0028175960353442335	0.0016744006687595078	0.0118693164694046	4.8742215555011337E-4	0.008806364744427326	0.06765362537782563	
38.0	1.2712226443333388	0.0026169867205633364	9.155284566624988E-4	5.4403886623413E-4	0.0038567020584550616	1.583818461548966E-4	0.0028594499199584796	0.022052523399762533	
38.2	1.9863578333333682	0.004057297795970444	0.0014195550690747408	8.43485294168435E-4	0.005979852644858979	2.4558200783420534E-4	0.004428881418461214	0.03436353025062824	
38.48	2.7810419889582647	0.005618386903822469	0.001966012057804396	0.0011680697615486008	0.008281566225085317	3.401300935677653E-4	0.006124791477578433	0.04792669646614967	
38.872	3.893732744222235	0.00774564497337326	0.0027108770278382625	0.0016104122528430055	0.011418620717693149	4.690169183232438E-4	0.00842861413683658	0.06674323895632155	
39.0	1.2714519376527755	0.002516475796059482	8.807850675013631E-4	5.232143415810759E-4	0.003709925287609717	1.5238949120858605E-4	0.002736793173823397	0.021756215637245894	
39.2	1.9867141153646082	0.0039011190410376388	0.0013655337750769134	8.111230118467993E-4	0.00575152635129361	2.3626387399318467E-4	0.004238887883386793	0.03390298902345077	
39.48	2.781536725807221	0.005401512993167212	0.001890933406987166	0.0011231231374090429	0.007964053897014697	3.2717825453287505E-4	0.005861982677357455	0.04728696046008149	
39.872	3.8944170260746707	0.007445673074368454	0.002606920724461501	0.001548230357994853	0.010978684236478953	4.5108063652786386E-4	0.008066777474036486	0.06585802649620838	
40.0	1.2716744598055563	0.0024189269639233913	8.469681624337402E-4	5.029918317858415E-4	0.003566786711798831	1.4655455288881721E-4	0.002619283971613872	0.021468317271266406	
40.2	1.9870595304036682	0.003749692609509842	0.0013130144045486497	7.79728236418927E-4	0.0055291639570982315	2.2720126245851215E-4	0.004056834437154949	0.03345601227848844	
40.48	2.782015765520765	0.005191501454716407	0.0018180501027183508	0.0010795764288345686	0.007655370144106052	3.1460048177945363E-4	0.005610127176153951	0.0466669472830598	
40.872	3.895078570395876	0.007155635556271723	0.0025061860358166163	0.001488079729675832	0.010551881074869145	4.3369422391423946E-4	0.0077200371102684505	0.06500161277890516	
41.0	1.2718894879722251	0.0023246510526598757	8.142166397011614E-4	4.834389620674389E-4	0.0034280072961970403	1.409015413910971E-4	0.0025066833647561485	0.02118993112278532	
41.2	1.9873930920139082	0.003603442575928447	0.0012621890487169508	7.493935273739439E-4	0.005313768452509191	2.1842811857217183E-4	0.0038824057934539104	0.033024137141062095	
41.48	2.7824779668011446	0.0049888371296634626	0.0017475869419847868	0.0010375360504116281	0.007356700527175993	3.024365954892722E-4	0.0053688713734930315	0.04606847412661411	
41.872	3.8957161947205172	0.006876026933497996	0.0024089128272964558	0.00143007011271182	0.010139500043583115	4.1690035833577685E-4	0.0073880120306842175	0.06417596183142522	
42.0	1.2720966789861132	0.0022337919374707123	7.826016715499169E-4	4.645878205497173E-4	0.0032939724200290207	1.3544314332780864E-4	0.002398875442443486	0.020921642269122985	
42.2	1.9877143495008882	0.0034625538114511386	0.0012131526517195357	7.201605134842923E-4	0.005105861348170876	2.099614242020973E-4	0.0037154365803741185	0.032608148531626725	
42.48	2.7829228680858886	0.004793708562452094	0.0016796481721386592	9.970453018491594E-4	0.007068632891766681	2.907053593267688E-4	0.005138002623919971	0.045492409052798666	
42.872	3.896329534270876	0.006606992835876096	0.002315198621847696	0.001374236884027899	0.009742123687659986	4.0071684275561927E-4	0.007070416312583472	0.06338189215749801	
43.0	1.2722959367500044	0.0021463859082476427	7.521504889164674E-4	4.464475562096199E-4	0.0031648493826662246	1.3018436508793906E-4	0.0022957666278947877	0.020663679659565913	
43.2	1.9880232185547082	0.0033270575786337755	0.0011659373107329315	6.920380576890504E-4	0.0049056520987484226	2.0180717350110357E-4	0.003555778196571397	0.03220831686627224	
43.48	2.7833504552473447	0.004606114917065338	0.0016142603574682047	9.581070611439397E-4	0.0067913690879768795	2.79411949745646E-4	0.004917303964887206	0.044938975347821576	
43.872	3.896918738173632	0.006348457523033981	0.002225049765400819	0.0013205681237793245	0.009359880982749955	3.8514552250868957E-4	0.006766921053190809	0.06261945193462096	
44.0	1.2724873298888841	0.0020624011908136697	7.228622435890115E-4	4.2901276992944907E-4	0.0030406657372286884	1.2512529754313148E-4	0.002197246500969773	0.020416033788774504	
44.2	1.9883198364800683	0.0031968883473374615	0.0011205350926607168	6.650143218517074E-4	0.004713150792316793	1.9396435026143306E-4	0.0034032503352195097	0.03182456968350079	
44.48	2.7837609868055084	0.004425936826201816	0.001551400850629994	9.20698832013828E-4	0.006524865588452854	2.6855291991970646E-4	0.004706507233625984	0.04440797024806062	
44.872	3.8974842765225937	0.006100208186288706	0.002138415337059292	0.0012690225246092977	0.008992614817606714	3.701781989174371E-4	0.006477120155159458	0.06188818674794342	
45.0	1.2726710206666634	0.0019817640150497874	6.9471849956253E-4	4.122690532316444E-4	0.0029213611137828646	1.2026294581016566E-4	0.0021031792994781274	0.020178540082873165	
45.2	1.9886044873264082	0.003071921290504607	0.0010769131311668873	6.390647345498894E-4	0.004528242715496315	1.8642756128301247E-4	0.0032576334147830883	0.031456613434483006	
45.48	2.7841548937586125	0.004252983031469905	0.0014910165880866152	8.847826570986621E-4	0.0062689263297570725	2.5811947887087125E-4	0.004505291222142125	0.043898918925111385	
45.872	3.898026824173632	0.005861950269464362	0.002055209469970597	0.001219541153640649	0.00863999225907662	3.558005245758836E-4	0.006200539691472788	0.06118732620976312	
46.0	1.2728472351666698	0.001904375728836736	6.676901411665621E-4	3.9619662743010963E-4	0.0028068213437298004	1.1559243492469123E-4	0.002013407929002176	0.019950937081372692	
46.2	1.9888775300130481	0.002951996786111521	0.0010350235266355075	6.141572024086332E-4	0.004350737271487181	1.7918876451010628E-4	0.003118676630645576	0.03110401729711642	
46.48	2.7845327088541167	0.004087020835640981	0.0014330364054296804	8.503115964758796E-4	0.00602326356160474	2.480996417034152E-4	0.004313295482079063	0.043411180191707865	
46.872	3.8985471544930808	0.0056333434489642675	0.00197532592632711	0.0011720551102417395	0.008301576580453674	3.4199454897948815E-4	0.005936659733292077	0.06051591066396126	
47.0	1.2730162298055563	0.0018301239096892427	6.41741877148503E-4	3.807727089893337E-4	0.0026969007194484703	1.1110779660591953E-4	0.001927761220329138	0.01973290576118756	
47.2	1.9891393763021084	0.0028369363739311174	9.948098177442466E-4	5.902555074392035E-4	0.004180399953867424	1.7223839966462812E-4	0.002986109476475996	0.030766270341616882	
47.48	2.7848950119009848	0.003927795828956844	0.001377379050728442	8.172339292396844E-4	0.0057875374512924025	2.3847963000465426E-4	0.004130136251910218	0.0429440175926892	
47.872	3.899046104776947	0.005414024932914308	0.0018986475787972426	0.0011264904910399604	0.0079768741134541	3.287403761381048E-4	0.005684935595829507	0.05987287655124212	
48.0	1.283770838388865	0.0017648708868301087	6.417368478859055E-4	3.6757945559236113E-4	0.002631142747663088	1.0923608510085813E-4	0.001859653509398017	0.020188231382752192	
48.2	2.0042805607204284	0.0027569650817316233	0.0013466186192924484	5.72047931491809E-4	0.004769284676738489	1.9647170939805526E-4	0.002881800196065096	0.03990501130040881	
48.48	2.8040088793099005	0.004036242470245698	0.0022690888622047415	8.285451793164653E-4	0.007675483806597961	3.039723100449125E-4	0.004021402321731455	0.06494397902852878	
48.872	3.9226741717672065	0.006431897658585044	0.003623771445790774	0.0013035337131586623	0.012330127815798763	4.6833246800238496E-4	0.005726979119917183	0.09975147418914106	
49.0	1.280564965194497	0.0022121907205782526	0.0012250423853999912	4.471360873077607E-4	0.004189323344925495	1.579970092926186E-4	0.001893093187801616	0.03321090714182781	
49.2	1.9851645252821482	0.0037225343228082424	0.0016358854157008372	7.516557058563145E-4	0.006197497455630834	2.3041198654486484E-4	0.0030093522058470944	0.04394891810623583	
49.48	2.779785085303769	0.005720062652827324	0.0020879412544474248	0.0011596716943159504	0.008436164174700377	3.222160829099713E-4	0.004396055434731607	0.053892730834720334	
49.872	3.8912011033316194	0.00883391696080201	0.002928475028469132	0.0018012875341245666	0.011951670381893032	4.8273214817369953E-4	0.006587510814016862	0.07022143140196749	
50.0	1.2704939325416715	0.002961953713329569	9.703182449094753E-4	6.048471420183585E-4	0.003946802766533884	1.6183276215650492E-4	0.002201370954442975	0.022738814880767705	
50.2	1.9848626321614882	0.0048023301782338665	0.0015610666916667944	9.82582250671351E-4	0.006307239970217733	2.634816223374629E-4	0.003567943129008826	0.03539842464266867	
50.48	2.778226468615385	0.007026774312302992	0.002284863301246256	0.001440898036877657	0.009161902775839906	3.8912505606542844E-4	0.005257607915731603	0.04981933804101899	
50.872	3.8884476733411644	0.01033913043977917	0.003388657978522863	0.002125204938686566	0.013532401175986584	5.803421774935355E-4	0.007889559885258815	0.07081219640966113	
51.0	1.2695932152499978	0.0034226987622885756	0.001125178409450892	7.040001713679503E-4	0.004493064114320291	1.9289823497728608E-4	0.0026324152327062184	0.02324825720130897	
51.2	1.9835022919271081	0.005452227270818395	0.0018007557572486499	0.0011224752783845849	0.007197326244517687	3.090779329843261E-4	0.004249513479345096	0.03663544199287263	
51.48	2.776488674166617	0.007811311939874384	0.0025957770657965983	0.00160994466561669	0.010402661240231342	4.460175243833326E-4	0.006211364774792194	0.05187638170450745	
51.872	3.886406443165844	0.011220036302818318	0.0037564754300828456	0.002315501195249082	0.015131124153983449	6.460893205345401E-4	0.009186842218193419	0.07366645674548342	
52.0	1.2689687020138893	0.0036892190373268236	0.0012378388404497096	7.616372807603706E-4	0.004994837222874672	2.129534670164955E-4	0.003049646602983727	0.024154519428867916	
52.2	1.9826272160373482	0.005819979700925759	0.001958870178424649	0.001202171639224091	0.007926283782802163	3.3711212584709477E-4	0.004882685977922915	0.037968914758807766	
52.48	2.775451612682221	0.008238574320072094	0.0027837356442486916	0.001702889644774996	0.01130677902667091	4.792609845536099E-4	0.007053410824567241	0.05355328409082432	
52.872	3.885291358842921	0.011666104509850969	0.003960332671781852	0.002413291856834914	0.016164935637232085	6.821484657147074E-4	0.010262991278506594	0.07562121537254504	
53.0	1.2686377627083403	0.00382013149992132	0.001298603958299092	7.904334155999822E-4	0.0053083653491974555	2.2370854024516865E-4	0.003389257580485187	0.02475151246207518	
53.2	1.9821871005859681	0.005990566045307034	0.00204044699097754	0.0012399495327925002	0.008359069061681169	3.515735495678508E-4	0.005383497700070953	0.03880291633502489	
53.48	2.774974917087601	0.008416471186815742	0.0028739108052276	0.0017428343640989643	0.01180652223826085	4.953039069973682E-4	0.007693941260762801	0.05453519489324775	
53.872	3.884867472348113	0.011810011739523065	0.004044999354764919	0.0024468681259053257	0.01667479911660583	6.973477807623051E-4	0.01103809919731012	0.07665830890183983	
54.0	1.2685230223472268	0.0038569779753271057	0.001322226663557274	7.99239566216961E-4	0.00545616647379848	2.279692966722236E-4	0.0036294006153411943	0.025056477229826464	
54.2	1.9820623252604481	0.006024873589588963	0.002068135427402976	0.0012487634258441193	0.00854678597738761	3.5662170429352037E-4	0.005727242208210171	0.03920080407522511	
54.48	2.774897974236049	0.008423038923936336	0.0028962114401963144	0.0017463559159672864	0.011991340663250277	4.994989495372205E-4	0.00811437952614296	0.054948447402921416	
54.872	3.8849281601666834	0.01174834290804617	0.004047991467168605	0.002436716782060476	0.016798310536470948	6.982954607447837E-4	0.011511540366555143	0.07698277028255197	
55.0	1.2685590727638922	0.0038300502687526397	0.0013204896843197695	7.944784166964177E-4	0.005483407866671635	2.2780513219761376E-4	0.0037721570763818374	0.025137497542055395	
55.2	1.9821557838107884	0.005967323054019665	0.002059229153148611	0.001238027547313954	0.008559371413144815	3.5528448123477375E-4	0.005922142627882865	0.03926980009899606	
55.48	2.775094757816777	0.008315121733013936	0.002872767095638579	0.0017254965213480647	0.011955556388375909	4.957108774735081E-4	0.00833438276311644	0.054941144800120266	
55.872	3.885315767988728	0.011551098100389805	0.003996549767953345	0.0023976633281762956	0.016657041117167325	6.897404039493039E-4	0.011722929260345405	0.07679217456764047	
56.0	1.2686963423750028	0.0037612587380489284	0.0013019170260253506	7.807898447822706E-4	0.005428547362427859	2.2470148091229743E-4	0.0038314835212199722	0.02505778223208231	
56.2	1.982394569813388	0.005849922045044111	0.0020261824037476352	0.0012145203528235301	0.008453789207004169	3.497312969319726E-4	0.005992108092384682	0.03910517859045597	
56.48	2.775471743880161	0.008133432389733353	0.002819429745204506	0.0016888794460322896	0.011772710837547665	4.866999842384453E-4	0.008390522683748179	0.0546392440843466	
56.872	3.8859149552586962	0.01126795902599268	0.003910047245795904	0.002340233881769897	0.016342094900829975	6.750552180823459E-4	0.011727103224714241	0.07624749834344387	
57.0	1.2688987326666636	0.0036661060402464365	0.0012725559597619646	7.614584942750979E-4	0.005320121990774934	2.1971105068613203E-4	0.003825510482272031	0.024868245246203114	
57.2	1.9827259498915284	0.0056952081370024235	0.0019777961506312666	0.0011830181585871166	0.008271763902206731	3.4149417056708993E-4	0.005965780163144705	0.03878246648998072	
57.48	2.775961888923549	0.007906445438933294	0.0027473382685814438	0.0016425413633517911	0.011495894650702675	4.744053083323902E-4	0.008322913272401963	0.05414067826600748	
57.872	3.886644026173632	0.010933355619717337	0.0038019874227201906	0.0022717313530053367	0.015918216449163202	6.56590845701452E-4	0.011578900971085987	0.07547105398893662	
58.0	1.26914076223611	0.0035553029593799915	0.0012366102738419745	7.38756460269416E-4	0.005178321709105136	2.1356574842847719E-4	0.0037719201565362625	0.024607307514367533	
58.2	1.9831129146701683	0.00551868186107783	0.001920162813230907	0.0011468100972915668	0.00804262772993274	3.3163392676191457E-4	0.005870124293096714	0.038358088210335206	
58.48	2.7765185023393406	0.007653625146903506	0.0026641590144016393	0.0015906142259656583	0.011162132721290784	4.601619452559429E-4	0.008167734328566215	0.05351767245488972	
58.872	3.887446621716164	0.010570632159936715	0.0036815914474641522	0.0021971141973979365	0.015430112390066334	6.359535711804299E-4	0.011325353097492578	0.0745516004399936	
59.0	1.2694049163333385	0.0034360920717701146	0.001196943319085965	7.142223489758365E-4	0.005017045232549735	2.0676440317902498E-4	0.0036856569767955137	0.02430271264659457	
59.2	1.9835301435547081	0.005330782779358218	0.0018574159378676788	0.0011081146439525257	0.0077864803031225385	3.208707872971022E-4	0.005727452648573295	0.03787248894573762	
59.48	2.7771098225086126	0.007388010253790496	0.0025750657960803814	0.0015358700905104368	0.010796641663951981	4.4487158271010034E-4	0.00795413382766869	0.052821504246033595	
59.872	3.888284745916683	0.010195313441121373	0.0035550380795096137	0.002119685080610264	0.014907988157561596	6.142206055913927E-4	0.011003146872321096	0.07355139393342186	
60.0	1.2696794156527755	0.003313278159992696	0.0011554692615484239	6.888785189090628E-4	0.004845658968908923	1.9964077413867757E-4	0.0035782681341541395	0.023973847190706728	
