# Time [h]	All Liquid [L]	MS [g]	Butyric [g]	AA [g]	Propionic [g]	Valeric [g]	LCFA [g]	Acetic [g]
0.2	1.2993271262152801	0.06675629754733044	0.01908172953071376	0.04169444405208749	0.04457148069229308	0.006255969902015889	0.09124626361790565	1.882478346795882	
0.48	3.2583228551736036	0.15543605221371193	0.06330033547962746	0.1052320742038989	0.1797749612110726	0.02192258011228307	0.38655999076659353	4.33091314181386	
0.872	6.235852162062502	0.2690666781969241	0.12899886535944183	0.18580344355868328	0.4452986177342171	0.045422310265072	1.1212701308970479	7.280991980446352	
1.0	7.23213021361806	0.3050231728764161	0.15008019039589415	0.21109089662704197	0.5365060407312633	0.052962604506233975	1.3947561413705865	8.183955534745078	
1.2	1.5989666635416597	0.05298611609625351	0.03104751943199006	0.03683581076555052	0.1466988066482635	0.011168476811504173	0.5029604111150995	1.2320174333261944	
1.48	3.946501191002608	0.12210448926455048	0.07131178976003578	0.08420413800142304	0.3526099110592618	0.025720255268702252	1.3582449961800314	2.615574094876844	
1.872	7.416751206175333	0.20891735655794316	0.12137226923806543	0.14265617764979593	0.6218685559686701	0.04389320983267611	2.8260557321586317	3.911000730538989	
2.0	8.566714507730891	0.23618763409465765	0.13705170445716625	0.16090927621549062	0.7067488656800544	0.04959353329597631	3.3316618621678504	4.271254298025182	
2.2	1.8320793363498218	0.040026969513616756	0.022892425763975592	0.026568856462067282	0.12415083181675418	0.008335800946812117	0.8490043837783654	0.433475378420661	
2.48	4.447675563815104	0.09104724461497654	0.05187490190536098	0.060073902002212916	0.27976306748942137	0.018905349232506214	2.136064821494995	0.8608082446545031	
2.872	8.169762920401045	0.15316801490824494	0.08685828790424124	0.10030066995190745	0.46238985436584296	0.03167686797343458	4.086177953093632	1.2696634343152626	
3.0	9.38960290705382	0.17251696673352315	0.0977279000802865	0.11277079851897165	0.5184872972978033	0.03564624575208586	4.7357066891394455	1.390398129751066	
3.2	1.9152127512586818	0.028097302906961486	0.015715220073360306	0.017981328908767344	0.07961985383581603	0.005738677430158577	1.0419073912283219	0.16642626235673488	
3.48	4.610131346180548	0.06359916052718699	0.035456481553825775	0.04048630392323882	0.17709455792020695	0.012943195560465583	2.5421458864353585	0.37030776243136293	
3.872	8.40317898223522	0.10673139918073202	0.05925008880087417	0.06746913672706048	0.2907553807584576	0.021611163519268728	4.696629864204302	0.617673990903844	
4.0	9.643561954540782	0.12017977327444516	0.0666509366980192	0.0758441831542857	0.3257468839525097	0.024305417694523948	5.403890822054974	0.6951643427763411	
4.2	1.9422018187717018	0.019577859981756613	0.010727383543335559	0.012106676543776673	0.04997501032335382	0.003899546822974404	1.111228077431256	0.11408307004577338	
4.48	4.668290475347213	0.04445060288571456	0.024273352111755086	0.02733553019957682	0.11193793216264687	0.008811092827034593	2.670500559281496	0.26225554649508126	
4.872	8.496343194690098	0.0749838243767536	0.04075504393862843	0.0457612175133886	0.18574380173276134	0.014760101536534686	4.83839104878507	0.4514660033452924	
5.0	9.7474110046901	0.08454152738518471	0.04589986047737148	0.05150031595048635	0.20863807113023544	0.016614058513539077	5.542986966301597	0.5115588809065469	
5.2	1.957228020204002	0.01400936798664844	0.007502483408978505	0.008344737969810875	0.03308864135768835	0.0026956795028264	1.090378516728915	0.09018193566989081	
5.48	4.701567404388024	0.03200245083314761	0.017066713770961854	0.018937973968707583	0.074807435035282	0.006116299095012317	2.589355750250262	0.21015640247225667	
5.872	8.55060724308071	0.054490570463377394	0.028885350514278228	0.031948023032689385	0.12569015908305825	0.010311538233872578	4.6166042775055836	0.36804933426016184	
6.0	9.80809682455293	0.06157523568950064	0.03259532816703149	0.036022393929916845	0.14160030383259753	0.011624954413801483	5.269717797479514	0.418668225171013	
6.2	1.9662832188802017	0.010500612665342881	0.005461376362206426	0.00597919736288884	0.023286576367691825	0.0019247117982292969	0.9971159197252758	0.0770372796176598	
6.48	4.721574393151029	0.02422162731379198	0.012526085991988924	0.013679135798885656	0.05318486781589966	0.0043972020359909925	2.342731096303142	0.18144844898457543	
6.872	8.583001889942677	0.04184658003565203	0.02146074489255896	0.023354365440062076	0.0906377014942438	0.0074901141805746845	4.117729659342317	0.322249115966025	
7.0	9.844253755442672	0.04745164513820341	0.024288399825027337	0.02640875382102944	0.10245590421643559	0.008465242317414662	4.685096597019325	0.36773381219625834	
7.2	1.9715081631944418	0.00844209788310909	0.004218806069797565	0.004543006659165529	0.01755190814560679	0.0014456640531512307	0.8559094208492161	0.07003261074955339	
7.48	4.732938409622388	0.019740659281329807	0.009787024531577908	0.010512328915144581	0.040570021420223173	0.003335511023254384	1.9926956596691303	0.1664550441115187	
7.872	8.600911570733485	0.03477877046344402	0.017043332445897934	0.01824051912194371	0.07030517574104263	0.005762277601743414	3.4619849620543044	0.2992464527868498	
8.0	9.864103135955707	0.039616521825352975	0.01936292941782549	0.020704466479484054	0.07978449114973017	0.006534139694524193	3.9287754427400006	0.34242575781943	
8.2	1.974079503124993	0.007423277762859146	0.0035155554189346375	0.003722532490472976	0.014304371420611847	0.0011601956641074944	0.6979469240589475	0.06715383200389242	
8.48	4.738286663741333	0.0176153924910145	0.008257731764142686	0.008719562039905383	0.033480605942091644	0.0027060385847803084	1.6148139783784168	0.16087097353642976	
8.872	8.608763434723116	0.031630337450240416	0.01461652352977522	0.015366185655179002	0.05898319129816019	0.00474090306810996	2.785684235293866	0.29220694817710935	
9.0	9.87264355654256	0.03618188458666204	0.01666686861819585	0.017502205035642378	0.06718620904102364	0.00539297503610089	3.1565369084282717	0.3351353885961345	
9.2	1.974876242881933	0.007076793371622449	0.0031460846880667663	0.003261876618299851	0.012540772591160468	9.9058612864683E-4	0.5524065708749502	0.06726977667099782	
9.48	4.739753062812512	0.01693638952174027	0.007452110663244771	0.007690796685536683	0.029624211731934656	0.002326643940309198	1.2757645775770288	0.16201558136616745	
9.872	8.610597413972211	0.03065240972489057	0.013309016957840588	0.013628583299982542	0.05274224860292784	0.004105169602832444	2.199387126262742	0.2960726972898218	
10.0	9.874554655722216	0.03511701339401678	0.01520380662832933	0.015539013078014573	0.06021209474295468	0.0046764451885425145	2.492230065579225	0.33999508308707715	
10.2	1.974944151453993	0.006943592209231899	0.00291763290241222	0.00291473485863806	0.011485662883443982	8.697086068107838E-4	0.4373942167943682	0.06901134219254862	
10.48	4.739920449162328	0.01658022217873338	0.006916908442412778	0.0068512188515706795	0.027213562228973885	0.0020424122486073426	1.0136141125755982	0.1663720297774317	
10.872	8.611147104447028	0.0298286768410104	0.012337375556700815	0.012058795594431992	0.04854679911243688	0.0035944241223594253	1.758688470499934	0.30394694276027745	
11.0	9.875262162266472	0.034122930759418274	0.014087284255809797	0.013726023080777753	0.05543867802891213	0.00409151760076207	1.9961111725564715	0.3489772624564183	
11.2	1.975298659526893	0.006623633686551578	0.0026834278727521483	0.0025214388770745206	0.010584873925962295	7.527913338923463E-4	0.3577163441182977	0.07058756256996063	
11.48	4.741011547699657	0.015703844032793804	0.006335247346046999	0.0058830188611470775	0.025033585675497145	0.001759043943023661	0.8354569509613765	0.1697316515209884	
11.872	8.613733712588548	0.02798658086017058	0.011229296028478216	0.010255328486632236	0.04450621224436724	0.0030732149930910706	1.4664784667721191	0.30879071358455973	
12.0	9.878380899366329	0.031949504131682016	0.012803483235244667	0.01164816241347286	0.05078228431376343	0.003492317482671898	1.6690201471089472	0.35419649589971625	
12.2	1.9762302635416529	0.006071468749367744	0.002400684272802062	0.0020917654335999777	0.009602813229237544	6.305644620365089E-4	0.30868085989015787	0.07090297769432266	
12.48	4.74340992861546	0.014329768097106777	0.005644918371532774	0.004858657469983341	0.02264228369134646	0.0014665137406228734	0.7275723452023257	0.16997314614820547	
12.872	8.618402225478313	0.025416042891778727	0.00995921421171731	0.008432364051552246	0.04009906357873807	0.002548383212384718	1.2927399347811712	0.3080343711601443	
13.0	9.88380698833942	0.028986398841874993	0.011344152062667942	0.009569051605190127	0.04571465461890273	0.0028925918153643246	1.4753168611285372	0.35303121110364805	
13.2	1.977443228016493	0.005458580286510744	0.0021067301882959286	0.0017047432797232466	0.008569290028064539	5.163505024511718E-4	0.28089088632679193	0.07007887832236427	
13.48	4.746349935672768	0.012870932954339036	0.0049471291648937	0.003959349727644353	0.020170496489074013	0.0011990996830214492	0.6665423334300201	0.16768480181846457	
13.872	8.6237615195738	0.02281712740397557	0.008720451143460818	0.006878753699507544	0.035660370942894544	0.0020820076054699575	1.1935584209045766	0.3032141418631249	
14.0	9.889954033754359	0.026020663062428	0.009931831687256754	0.007808481393251831	0.04064057940302816	0.0023630041911173075	1.3643624225892879	0.34734061697183405	
14.2	1.9786653522786328	0.004900332097175855	0.0018436994473548206	0.0013978217856178252	0.007595952945275146	4.2197582579592936E-4	0.2638510100026818	0.06862238232744977	
14.48	4.749258179709212	0.011562436834813611	0.004333101585463749	0.0032544393943114173	0.017879051584961933	9.813634693515876E-4	0.6274374065246757	0.1640214217116388	
14.872	8.628975518371547	0.02052059179672508	0.007650333306227693	0.005675392857651394	0.031623212464099666	0.0017085422863872335	1.124888481224894	0.296163074842635	
15.0	9.895915567315996	0.02340786142482945	0.008716527439245138	0.00644822483987543	0.03604452838894867	0.0019404390736998739	1.2860261172632295	0.3391522721853698	
15.2	1.979820948806413	0.004421605827189599	0.0016258683360688567	0.0011664612292749802	0.006750392111804443	3.494180056980889E-4	0.24849333013018052	0.06676918924034186	
15.48	4.752010099075508	0.010442538158561238	0.0038274760844045144	0.0027244797748378568	0.015904608999807238	8.149999678506244E-4	0.5895053738311155	0.15941971726052584	
15.872	8.63393227163972	0.018555626039440092	0.006773394360269921	0.004772102155410988	0.028174461059851552	0.0014248928426862325	1.0519343486022237	0.28738760835273147	
16.0	9.901590231000835	0.021172113990298724	0.007721512150977395	0.005427398033363066	0.032125351249637356	0.0016198857586716274	1.2011927697215656	0.3289771904456704	
16.2	1.9809390794270731	0.00401067838190832	0.0014487860284844725	9.929180255668962E-4	0.006041523589409962	2.949960562700819E-4	0.2287446732259943	0.06448876644464487	
16.48	4.7546913946224	0.009478622691439977	0.0034160727099290878	0.002326208163332013	0.014252502572193203	6.902803007936881E-4	0.539551522111023	0.15375201942234995	
16.872	8.638809813115445	0.01685736024792728	0.00605806571355646	0.004090944146721879	0.025291614185809757	0.0012120971886969666	0.9543232896960274	0.2765664334463125	
17.0	9.90718655578211	0.019237982757320693	0.006909322130072433	0.004656956569282118	0.02884964300153381	0.0013793419570280348	1.087443601546579	0.31642802382513374	
17.2	1.982067042491313	0.0036514026556570306	0.0013029605713172296	8.605277385185389E-4	0.005448801062774424	2.5397229289087034E-4	0.20213165503432995	0.061675584467083835	
17.48	4.75741116862414	0.008633496240119843	0.003076140015975858	0.002021270390177502	0.012868899922489798	5.960266533145602E-4	0.47303216997856007	0.14677177352424087	
17.872	8.64378869417621	0.015363390743027477	0.005464178689799077	0.0035667439255462055	0.022870643307447855	0.00105063932633353	0.8272130643818931	0.2632934183922685	
18.0	9.91290650687065	0.017535319528836392	0.006234275158314586	0.004063343308989868	0.02609691351300528	0.0011966541667905485	0.9401001001430156	0.3010520250527616	
18.2	1.983233412174473	0.0033329161990594425	0.001180261533742443	7.571117498141926E-4	0.0049467490587694765	2.2244761275760217E-4	0.16951993368484472	0.05827222594602315	
18.48	4.760227298124993	0.007883523933166596	0.002789225237838527	0.0017821926402952519	0.011694096569031783	5.233385798469537E-4	0.39312741151767616	0.13837666502376691	
18.872	8.64894530489148	0.014036590685617804	0.004961005429811498	0.003153803317567631	0.020808482133953324	9.255181205910407E-4	0.6788831220077832	0.24748517279294407	
19.0	9.918830114155366	0.016023010817909883	0.0056618615384835995	0.0035952213611435504	0.023750497081872365	0.0010549219635260965	0.7692770348476657	0.2827812568623619	
19.2	1.984437993381073	0.0030499301338008556	0.001075316467642214	6.745829551385058E-4	0.004515559661808358	1.9767408171678772E-4	0.13414666974405404	0.054326633641090576	
19.48	4.763127603962668	0.007217613757172179	0.002543421117834576	0.001590865719616885	0.01068346468079908	4.6602764910814835E-4	0.3081901560487289	0.12873161782741943	
19.872	8.654227817357631	0.012860132181099736	0.004529189794684708	0.0028221923417421106	0.019031296515097985	8.264475140561154E-4	0.525580824050041	0.22957511962316812	
20.0	9.924890295704857	0.014682545449146945	0.005170452214348729	0.0032190081706178196	0.02172757398583993	9.425910163306066E-4	0.593844043215117	0.26214792093327866	
20.2	1.985651363541653	0.0028001834590864107	9.849271120598098E-4	6.077007076844865E-4	0.004142460335837535	1.7782929997476463E-4	0.10016431693931631	0.05002072186399148	
20.48	4.766031022465272	0.006630805654620149	0.0023316400743773006	0.0014355152640504237	0.009808568773310877	4.2000102732557597E-4	0.22814193126409538	0.11832741243730599	
20.872	8.659464613946177	0.011825544901209325	0.004157073604318261	0.002552280682753905	0.01749224528773194	7.466235700246387E-4	0.3848148140925251	0.21058697652347327	
21.0	9.930884234126735	0.013504284030554188	0.004746969065425306	0.0029126243128564633	0.01997560038367595	8.520157115536517E-4	0.43370669033029996	0.24035923755917596	
21.2	1.986821122222213	0.0025817417369834433	9.070201249265061E-4	5.52893602922114E-4	0.0038191821694729187	1.6169509465225975E-4	0.0710792825406914	0.045662650717065136	
21.48	4.768806328854156	0.006118088556749218	0.0021491082398569826	0.0013079925453342227	0.009050520898622223	3.824998963734783E-4	0.16082296508234145	0.10793821450262285	
21.872	8.664409185298599	0.010922498168710725	0.003836307706017515	0.0023301628993116466	0.01615870521349156	6.813923861848149E-4	0.2691382583512157	0.19198632535461185	
22.0	9.936527755409717	0.012476031449964205	0.004381905930941174	0.0026603421642536367	0.018457540221101975	7.779471829641771E-4	0.3028017486630566	0.2191081258120894	
22.2	1.9878890397569329	0.002391388784886927	8.397975682063859E-4	5.074421427372688E-4	0.003538937272301398	1.4839420198992136E-4	0.04866233933091209	0.04160697964513049	
22.48	4.771317659605044	0.005671153272465342	0.0019914977859613885	0.001201986970865863	0.008393082387468248	3.515072959221375E-4	0.10970361865573555	0.09839950121280748	
22.872	8.668831331661469	0.010134560450975029	0.003558956267210929	0.0021448696703036804	0.015001037531792327	6.272857105752568E-4	0.1829196897128733	0.1752124875192058	
23.0	9.941561774230916	0.01157861479692308	0.0040661422284034715	0.0024497082028472994	0.017139353831875183	7.164571514707258E-4	0.20564284808773411	0.2000213520446751	
23.2	1.9888152183593728	0.002224675976635496	7.813954199302587E-4	4.6911756302364893E-4	0.003294785710720067	1.3723984973290662E-4	0.03279860903497901	0.03811869488477991	
23.48	4.773481077907992	0.005279130949617242	0.0018543287686973698	0.0011123282723212657	0.007819506422872118	3.254344720945134E-4	0.07391013811505173	0.09028286060960675	
23.872	8.672610586597205	0.009441925256635977	0.0033169463625635927	0.001987488364889974	0.013988808473036485	5.815663877143337E-4	0.12328526904151038	0.16112474380610173	
24.0	9.956454461152726	0.010791871690771813	0.0038135612140624236	0.0022715555501030887	0.01602025408546505	6.666354142531773E-4	0.13874267079265248	0.18470640648044084	
24.2	2.004467851887993	0.002101323957669558	0.0011223916235426012	4.3970133132597834E-4	0.0038282023061303586	1.5862430451503033E-4	0.022357665221239758	0.04491951134143867	
24.48	4.808832343016484	0.005207803268960743	0.0030844187271227906	0.0010795483315393047	0.010184043800404758	4.0953590245363996E-4	0.05061065537762219	0.1165100691615592	
24.872	8.732197967905455	0.010324305362107124	0.006280578126142304	0.002114120414196771	0.020659298412556662	8.025542224531752E-4	0.08525561600616907	0.2246479672215956	
25.0	10.013010304141616	0.01210669065437388	0.007365535626890803	0.0024731461721490587	0.024241652635545435	9.358110403760304E-4	0.0961198869365083	0.26048255282503974	
25.2	1.985622052105033	0.0030545230078550313	0.0014147191367708538	6.143363644755287E-4	0.0052500723620868975	1.9149700381502908E-4	0.01585329951130614	0.0476214580102596	
25.48	4.766224774383684	0.00783371135531975	0.003182776933473837	0.0015802338792302753	0.012342143593678176	4.580834103434456E-4	0.036318532142839394	0.10573509889869483	
25.872	8.658904611242185	0.015326226045317397	0.005648123136532964	0.0031051673211035316	0.022376680367061183	8.61258493597034E-4	0.06208555755526868	0.1802786866435459	
26.0	9.929913435881073	0.017847196960236886	0.006465885355224678	0.003619136707751474	0.025693774813435388	9.96955364823199E-4	0.07022825487346959	0.204282700913006	
26.2	1.985743146289053	0.004104019864955216	0.0013197820631959435	8.386813730667837E-4	0.005314497665816147	2.2226042910189942E-4	0.01211500415584111	0.03705606760369252	
26.48	4.765340328806436	0.010132288262422975	0.0032612585237872106	0.0020737946788515426	0.01306892931076503	5.528388276735223E-4	0.028023486503395503	0.0886511717319827	
26.872	8.655956097618931	0.019028643623335124	0.0061573992512862444	0.0039015299487126127	0.024593483066833472	0.0010492753361450913	0.048556961377522315	0.1610288812582727	
27.0	9.92628192431337	0.021975580673802356	0.007120453669442736	0.004507407870325971	0.02842674294768485	0.0012145545001320647	0.05509810627359506	0.1846987836364345	
27.2	1.9847062588107531	0.004697084489638013	0.00154417030393054	9.66689233199277E-4	0.006155802099495623	2.653616112474325E-4	0.009851517194455492	0.03708723302821132	
27.48	4.7629901071007	0.011428410650233374	0.0037741361090325226	0.0023537309200879716	0.015078526876657686	6.490340224182339E-4	0.02299756073475919	0.08921874901422805	
27.872	8.652107310827253	0.02109401507373561	0.0070055296240073665	0.004348181070188762	0.02809310944683778	0.0012055837816624484	0.04031293621043034	0.1625697406501519	
28.0	9.921980557299472	0.02427151578049691	0.008070582409561811	0.005004097862590975	0.03239208960982079	0.0013890671127499117	0.045862659439947	0.18655463925291585	
28.2	1.984086245420993	0.005010626740882184	0.001685733399457024	0.0010348983646774731	0.0068274962067752226	2.9051175654490075E-4	0.008433553814976366	0.03754889663419377	
28.48	4.76166290348958	0.012098459782972876	0.00408121697788918	0.002499832526130715	0.016573907707123307	7.035035539680622E-4	0.01981677785221226	0.09023147507165857	
28.872	8.650071978739575	0.02212358989627014	0.007487672332611839	0.0045735485427445665	0.030513683945701496	0.0012910567355679569	0.03502187183517043	0.16413452720036298	
29.0	9.919741400350686	0.025405134136970625	0.008604431441743799	0.005252501329576963	0.03509145470851365	0.001483702583164108	0.03991558373619733	0.18827610963045793	
29.2	1.983830317708333	0.005142888547624259	0.0017540858342116087	0.0010644273970250551	0.007208252302255325	3.026431577634209E-4	0.0074822139940940915	0.03773707180174362	
29.48	4.7611601240581845	0.012362426105520977	0.004223263718958398	0.0025592985614235368	0.01738717980138523	7.287632068877455E-4	0.017660451766653668	0.09057715769208854	
29.872	8.649413552892366	0.022481650305504905	0.007695652737393758	0.004655663676250381	0.03175627130967513	0.001328179484594651	0.03138776493541156	0.16451180722778236	
30.0	9.91905035164237	0.025785309500735435	0.008830389529748735	0.005340175748760578	0.03645711547880534	0.0015240778522078568	0.03581863684818039	0.18864518529888558	
30.2	1.9838206470268929	0.0051579187091421565	0.0017741133087028724	0.0010689480453182558	0.007361340075033341	3.0631553986795854E-4	0.006803482195419265	0.037681547633603575	
30.48	4.761209899539912	0.01236414685202563	0.004257130774401718	0.0025628173966983645	0.017684783067530276	7.350949040595211E-4	0.016109412929015736	0.09036729465241364	
30.872	8.649669755676207	0.022406985868466858	0.007724973931130859	0.004645449626311884	0.0321373048120973	0.0013340529357214659	0.02874683820723041	0.16395440280919316	
31.0	9.919385682634545	0.02568022012154655	0.00885595283503085	0.005324306738623911	0.036854023828000855	0.0015294042644528908	0.03283437139981886	0.18796166819330634	
31.2	1.983970791232633	0.005097978067916839	0.0017630926186162873	0.0010574631266430945	0.00736031477472036	3.0456073273493794E-4	0.006295554956345722	0.037455710627104316	
31.48	4.761616781232644	0.012198569937562995	0.00422164658680793	0.002530612245416313	0.0176368186734551	7.293039429012926E-4	0.01494091948387519	0.0897743749737541	
31.872	8.650513897886274	0.022057277374555144	0.007640109564266702	0.004576485125301775	0.031947049066176444	0.0013199653733457616	0.026739611567689104	0.16276161144759102	
32.0	9.920379953997392	0.025266969586939775	0.008753533668673583	0.005242607933956589	0.03661004146756513	0.0015123573713740031	0.030561531625665515	0.18656483176328087	
32.2	1.984221905555588	0.004991000359000726	0.0017324353071053954	0.0010359187286173694	0.0072599437629623405	2.993720815534265E-4	0.005899367712699642	0.037118403298838615	
32.48	4.762248240646668	0.01192845608397415	0.004142439895507582	0.002476041582050229	0.017367203188952143	7.15866106793962E-4	0.014023470062785273	0.0889324700207866	
32.872	8.651725320917544	0.021536757579918374	0.007483600711325677	0.004470953766313899	0.0313926493325734	0.0012933444803834692	0.02514924929840979	0.1611594039154678	
33.0	9.921785182445328	0.024662632712411404	0.0085709087526081	0.005119995609783285	0.03595815064011584	0.0014812785998639657	0.028756889012578005	0.18470930306289862	
33.2	1.9845346079861483	0.0048554567215011585	0.0016896687307034872	0.001008245119090122	0.007097499622607328	2.92063114546146E-4	0.005576952362102524	0.03671123593638489	
33.48	4.763015677174445	0.011595307634516308	0.00403641870830878	0.002407935893717195	0.0169598136727627	6.977316159706155E-4	0.01327158943042775	0.08793566031398486	
33.872	8.65315667265191	0.020914355061182777	0.007283518077608055	0.00434352082445247	0.03061359447314843	0.0012590877986025	0.023833228904243886	0.15930519122763523	
34.0	9.92343581249913	0.023944630920835534	0.008339604804133517	0.004972941828838884	0.03505506838299179	0.0014416683659631995	0.027260201696512335	0.1825721869822752	
34.2	1.984882684960968	0.004703561724503101	0.0016397621487584345	9.770408228283844E-4	0.006897771619771329	2.835006401366381E-4	0.005302703509931902	0.03626271484033627	
34.48	4.763860146753441	0.01122656530938192	0.0039147452039241006	0.002332132924110687	0.016470352190416912	6.768474950909246E-4	0.01262756625428373	0.08684830526648817	
34.872	8.654709956282105	0.020235629118885462	0.007058391440214013	0.004203878692920328	0.029702377379658106	0.001220427450047478	0.02269545178663259	0.1573065583853046	
35.0	9.925221743518215	0.023164132318456952	0.008080432271893371	0.004812332262834706	0.03400467700036748	0.0013971566014852447	0.02596348193710972	0.1802745106922404	
35.2	1.9852487151041882	0.004543376931400756	0.0015859937358672022	9.440210432447297E-4	0.00667713122800131	2.742564721808367E-4	0.005059542342789731	0.035792305117071856	
35.48	4.764742489756912	0.01084032827002026	0.003784780154583781	0.002252483741883451	0.015935579118992294	6.544977294633395E-4	0.01205313897808346	0.08571437794507401	
35.872	8.656320119424475	0.019530596723367957	0.006820431521302298	0.004058414894165144	0.02871997904689697	0.0011794935547010947	0.02167281711937935	0.155237080909492	
36.0	9.927069909063363	0.02235483988684898	0.007807102293483477	0.004645338992399309	0.03287545054591186	0.0013501352065880274	0.024795991250749234	0.17789906083324586	
36.2	1.9856211720269281	0.00438019196374583	0.0015305177786777082	9.103118422322773E-4	0.006446337177487478	2.647065092867745E-4	0.004836629297440294	0.03531335598412681	
36.48	4.765636829036425	0.010448455462300731	0.0036513558007745185	0.0021715132650407835	0.015379628548254323	6.315255668178713E-4	0.01152426880463002	0.08456404983862569	
36.872	8.657944248838533	0.018818882267673677	0.006577641431326405	0.003911308638945317	0.027706375883505024	0.0011376828869429714	0.020726237680053987	0.15314725490865222	
37.0	9.928932128060755	0.02153877572003617	0.007528597704430879	0.004476652108390606	0.03171226107910723	0.0013021720008887586	0.023714060368014097	0.17550265644181984	
37.2	1.985992503493948	0.00421743788111814	0.001474737914417178	8.766444997811716E-4	0.0062124055036574585	2.550958504479864E-4	0.004627563447050814	0.034835025224992905	
37.48	4.766526232235217	0.010058619955729993	0.0035176145663696136	0.002090857332052646	0.01481821272438834	6.084798163099142E-4	0.011026938421738453	0.08341800007395112	
37.872	8.659554358967036	0.018113136313641927	0.006335210601713847	0.003765258000812154	0.02668752919379294	0.0010959019718600276	0.01983330316616578	0.15107162545177674	
38.0	9.930777003300374	0.020730123034205263	0.007250739058376346	0.0043092968670462835	0.030544231252248002	0.0012542838180149242	0.02269275308612426	0.17312414885153926	
38.2	1.9863578333333682	0.004057297795970444	0.0014195550690747408	8.43485294168435E-4	0.005979852644858979	2.4558200783420534E-4	0.004428881418461214	0.03436353025062824	
38.48	4.767399822291633	0.009675684699792911	0.0033855671268791365	0.002011555055717036	0.014261418869944295	5.857121014019706E-4	0.010553672896039647	0.08229022671677791	
38.872	8.661132566513867	0.01742132967316617	0.006096444154717399	0.0036219673085600415	0.025680039587637444	0.0010547290197252144	0.018982287032876227	0.14903346567309944	
39.0	9.932584504166643	0.019937805469225654	0.006977229222218762	0.0041451816501411175	0.02938996487524716	0.0012071185109338006	0.021719080206699624	0.17078968131034533	
39.2	1.9867141153646082	0.0039011190410376388	0.0013655337750769134	8.111230118467993E-4	0.00575152635129361	2.3626387399318467E-4	0.004238887883386793	0.03390298902345077	
39.48	4.768250841171829	0.00930263203420485	0.0032564671820640794	0.0019342461492558422	0.013715580248308308	5.634421285260597E-4	0.010100870560744248	0.08118994948353225	
39.872	8.6626678672465	0.016748305108573305	0.005863387906525581	0.0034824765072506954	0.02469426448478726	0.0010145227650539235	0.018167648034780735	0.14704797597974062	
40.0	9.934342327052056	0.019167232072496695	0.006710356068959321	0.003985468339036537	0.02826105119658609	0.0011610773179427407	0.020786932006394608	0.16851629325100703	
40.2	1.9870595304036682	0.003749692609509842	0.0013130144045486497	7.79728236418927E-4	0.0055291639570982315	2.2720126245851215E-4	0.004056834437154949	0.03345601227848844	
40.48	4.769075295924433	0.008941194064226249	0.0031310645072670003	0.0018593046652534955	0.013184534101204282	5.418017442379658E-4	0.0096669616133089	0.08012295956154825	
40.872	8.664153866320309	0.016096829620497972	0.005637250543083616	0.003347384394929327	0.023736415176073427	9.754959681522053E-4	0.01738699872357735	0.1451245723404534	
41.0	9.936043354292533	0.01842148067315785	0.0064514671827847776	0.003830823356996766	0.027164422472270466	0.0011163975095433024	0.0198936820883335	0.16631450346323873	
41.2	1.9873930920139082	0.003603442575928447	0.0012621890487169508	7.493935273739439E-4	0.005313768452509191	2.1842811857217183E-4	0.0038824057934539104	0.033024137141062095	
41.48	4.769871058815053	0.008592279705591909	0.003009775990701738	0.001786929577785572	0.012670468979685184	5.208647140614441E-4	0.009251277166946941	0.07909261126767621	
41.872	8.66558725353557	0.015468306639089905	0.005418688817998193	0.003216999690497392	0.0228099690232683	9.377650723972209E-4	0.01663928919763116	0.14326857309910143	
42.0	9.937683932521683	0.017702098576560618	0.00620129048954811	0.003681587511047109	0.02610394144329732	0.0010732082157250296	0.019038164640074646	0.16419021536822442	
42.2	1.9877143495008882	0.0034625538114511386	0.0012131526517195357	7.201605134842923E-4	0.005105861348170876	2.099614242020973E-4	0.0037154365803741185	0.032608148531626725	
42.48	4.770637217586777	0.008256262373903233	0.002892800823858195	0.0017172058153334517	0.012174494239937557	5.006667835288661E-4	0.00885343920429409	0.07810055758442538	
42.872	8.666966751857654	0.014863255209779328	0.00520799944570589	0.0030914426993613508	0.021916617927597543	9.013836262844854E-4	0.015923855516877562	0.1414824497419234	
43.0	9.93926268860766	0.01700964111802697	0.0059601499346223575	0.0035378902555709708	0.02508146731026377	0.0010315679913724244	0.01821962214477235	0.16214612940148931	
43.2	1.9880232185547082	0.0033270575786337755	0.0011659373107329315	6.920380576890504E-4	0.0049056520987484226	2.0180717350110357E-4	0.003555778196571397	0.03220831686627224	
43.48	4.771373673802053	0.007933172495699114	0.0027801976682011362	0.00165014511883299	0.011697021186725302	4.8121912324674957E-4	0.008473082161458603	0.07714729221409382	
43.872	8.668292411975685	0.014281630018733095	0.0050052474336019556	0.0029707132426123146	0.021056902169475256	8.663646457554391E-4	0.015240003214649411	0.13976674414871476	
44.0	9.940779741864569	0.016344031209546764	0.005728109677190967	0.0033997260125417637	0.024097567906703945	9.914899432985707E-4	0.017437249715619184	0.16018277793748925	
44.2	1.9883198364800683	0.0031968883473374615	0.0011205350926607168	6.650143218517074E-4	0.004713150792316793	1.9396435026143306E-4	0.0034032503352195097	0.03182456968350079	
44.48	4.7720808232855765	0.007622825173539278	0.0026719359432907106	0.0015857131538655354	0.011238016380769647	4.625172701811395E-4	0.008109757568845494	0.0762325399315614	
44.872	8.669565099808171	0.013723033359827984	0.004810351280350003	0.0028547356784748333	0.020230631198376363	8.326954690985767E-4	0.014586877724004951	0.1381207266795048	
45.0	9.942236120474835	0.01570479737487777	0.005505069779912533	0.003267004731706478	0.02315199231215923	9.529584149087423E-4	0.016690057023483078	0.158299266762378	
45.2	1.9886044873264082	0.003071921290504607	0.0010769131311668873	6.390647345498894E-4	0.004528242715496315	1.8642756128301247E-4	0.0032576334147830883	0.031456613434483006	
45.48	4.77275938108502	0.007324904321974511	0.0025679297192535023	0.0015238473916485515	0.010797169045253387	4.445470401538837E-4	0.007762924636925213	0.07535553235959438	
45.872	8.670786205258652	0.013186854591438873	0.004623139189224099	0.0027433885452892003	0.019437161304330007	8.003475647297673E-4	0.013963464328398002	0.1365428585693575	
46.0	9.943633440425323	0.015091230320275609	0.005290829330390661	0.00313958517271931	0.022243982648059806	9.159399996544585E-4	0.015976872257400177	0.15649379565073018	
46.2	1.9888775300130481	0.002951996786111521	0.0010350235266355075	6.141572024086332E-4	0.004350737271487181	1.7918876451010628E-4	0.003118676630645576	0.03110401729711642	
46.48	4.773410238867164	0.007039017621752502	0.002468059932065188	0.0014644687988845128	0.010374000833091921	4.2728840621352143E-4	0.007431972112724639	0.07451519748882429	
46.872	8.671957393360245	0.01267236107071677	0.0044433858583922976	0.0026365239091262526	0.018675577413545596	7.692829551930096E-4	0.013368631846016716	0.13503110815278555	
47.0	9.9449736231658	0.014502484980406013	0.0050851277355408	0.003017296618115586	0.021372478132994067	8.803907517989291E-4	0.015296393066345854	0.1547640139139731	
47.2	1.9891393763021084	0.0028369363739311174	9.948098177442466E-4	5.902555074392035E-4	0.004180399953867424	1.7223839966462812E-4	0.002986109476475996	0.030766270341616882	
47.48	4.774034388203093	0.006764732202887961	0.0023721888684726886	0.001407489436678888	0.009967937405159825	4.1071802966928235E-4	0.007116245728386214	0.07371028793430608	
47.872	8.67308049298004	0.012178757135802269	0.004270836447269931	0.0025339799277188484	0.017944811518613928	7.394584058073872E-4	0.012801181324215722	0.1335831644855482	
48.0	9.956851331368904	0.013943628022632378	0.004912573295155837	0.0029015593833112093	0.020575954266277015	8.486944909082454E-4	0.014660834833613738	0.15377139586830038	
48.2	2.0042805607204284	0.0027569650817316233	0.0013466186192924484	5.72047931491809E-4	0.004769284676738489	1.9647170939805526E-4	0.002881800196065096	0.03990501130040881	
48.48	4.808289440030329	0.006793207551977321	0.00361570748149719	0.0014005931108082743	0.01244476848333645	5.004440194429677E-4	0.006903202517796551	0.10484899032893759	
48.872	8.730963611797534	0.013225105210562365	0.007239478927287964	0.0027041268239669366	0.024774896299135214	9.687764874453527E-4	0.012630181637713733	0.20460046451807865	
49.0	10.011528576992031	0.015437295931140618	0.008464521312687955	0.0031512629112746974	0.02896421964406071	0.0011267734967379713	0.01452327482551535	0.23781137165990646	
49.2	1.9851645252821482	0.0037225343228082424	0.0016358854157008372	7.516557058563145E-4	0.006197497455630834	2.3041198654486484E-4	0.0030093522058470944	0.04394891810623583	
49.48	4.7649496105859175	0.009442596975635566	0.003723826670148262	0.0019113274001722649	0.01463366163033121	5.526280694548362E-4	0.007405407640578701	0.09784164894095616	
49.872	8.656150713917537	0.018276513936437574	0.006652301698617394	0.0037126149342968312	0.026585332012224242	0.0010353602176285358	0.013992918454595563	0.16806308034292367	
50.0	9.92664464645921	0.021238467649767143	0.007622619943526869	0.00431746207631519	0.030532134778758126	0.0011971929797850408	0.016194289409038536	0.19080189522369137	
50.2	1.9848626321614882	0.0048023301782338665	0.0015610666916667944	9.82582250671351E-4	0.006307239970217733	2.634816223374629E-4	0.003567943129008826	0.03539842464266867	
50.48	4.763089100776873	0.011829104490536858	0.0038459299929130505	0.002423480287549008	0.015469142746057638	6.526066784028914E-4	0.008825551044740428	0.08521776268368766	
50.872	8.651536774118037	0.022168234930316028	0.007234587971435913	0.004548685226235574	0.029001543922044223	0.0012329488558964269	0.016715110929999243	0.1560299590933488	
51.0	9.921129989368035	0.025590933692604602	0.008359766380886806	0.005252685397603524	0.03349460803636452	0.001425847090873713	0.01934752616270546	0.17927821629465776	
51.2	1.9835022919271081	0.005452227270818395	0.0018007557572486499	0.0011224752783845849	0.007197326244517687	3.090779329843261E-4	0.004249513479345096	0.03663544199287263	
51.48	4.759990966093725	0.013263539210692779	0.004396532823045248	0.0027324199440012745	0.01759998748474903	7.550954573676586E-4	0.010460878254137291	0.08851182369738009	
51.872	8.646397409259569	0.024483575513511095	0.008153008253128095	0.005047921139250356	0.03273111163873248	0.0014011847779021986	0.01964772047233071	0.1621782804428635	
52.0	9.915366111273459	0.028172794550837918	0.009390847093577804	0.005809558420010727	0.03772594886160715	0.001614138244918694	0.022697367075314438	0.18633279987173143	
52.2	1.9826272160373482	0.005819979700925759	0.001958870178424649	0.001202171639224091	0.007926283782802163	3.3711212584709477E-4	0.004882685977922915	0.037968914758807766	
52.48	4.758078828719569	0.014058554020997854	0.0047426058226733405	0.002905061283999087	0.019233062809473074	8.163731104007046E-4	0.011936096802490156	0.09152219884963209	
52.872	8.643370187562489	0.02572465853084882	0.008702938494455192	0.005318353140834	0.03539799844670516	0.001498521576115412	0.02219908808099675	0.16714341422217713	
53.0	9.91200795027083	0.02954479003077014	0.010001542452754284	0.006108786556433983	0.04070636379590262	0.0017222301163605806	0.025588345661481937	0.19189492668425231	
53.2	1.9821871005859681	0.005990566045307034	0.00204044699097754	0.0012399495327925002	0.008359069061681169	3.515735495678508E-4	0.005383497700070953	0.03880291633502489	
53.48	4.7571620176735685	0.014407037232122777	0.004914357796205139	0.0029827838968914644	0.02016559129994202	8.46877456565219E-4	0.013077438960833753	0.09333811122827264	
53.872	8.642029490021681	0.02621704897164584	0.008959357150970059	0.005429652022796791	0.03684039041654785	0.0015442252373275242	0.024115538158143872	0.16999642013011246	
54.0	9.910552512368907	0.030074026946972945	0.010281583814527333	0.006228891589013751	0.04229655689034633	0.0017721945339997478	0.027744938773485064	0.19505289735993891	
54.2	1.9820623252604481	0.006024873589588963	0.002068135427402976	0.0012487634258441193	0.00854678597738761	3.5662170429352037E-4	0.005727242208210171	0.03920080407522511	
54.48	4.756960299496497	0.014447912513525299	0.004964346867599291	0.0029951193418114056	0.020538126640637887	8.561206538307408E-4	0.013841621734353132	0.09414925147814653	
54.872	8.64188845966318	0.026196255421571467	0.009012338334767896	0.005431836123871882	0.037336437177108835	0.0015544161145755245	0.025353162100908273	0.1711320217606985	
55.0	9.910447532427073	0.030026305690324107	0.010332828019087664	0.0062263145405682995	0.04281984504378047	0.0017822212467731382	0.02912531917729011	0.19626951930275388	
55.2	1.9821557838107884	0.005967323054019665	0.002059229153148611	0.001238027547313954	0.008559371413144815	3.5528448123477375E-4	0.005922142627882865	0.03926980009899606	
55.48	4.757250541627565	0.0142824447870336	0.00493199624878719	0.0029635240686620187	0.020514927801520724	8.509953587082818E-4	0.014256525390999305	0.09421094489911633	
55.872	8.642566309616292	0.025833542887423407	0.008928546016740535	0.005361187396838314	0.03717196891868805	0.0015407357626575856	0.02597945465134471	0.17100311946675678	
56.0	9.911262651991295	0.029594801625472334	0.010230463042765885	0.0061419772416205845	0.042600516281115906	0.0017654372435698831	0.029810938172564683	0.19606090169883908	
56.2	1.982394569813388	0.005849922045044111	0.0020261824037476352	0.0012145203528235301	0.008453789207004169	3.497312969319726E-4	0.005992108092384682	0.03910517859045597	
56.48	4.757866313693549	0.013983354434777464	0.004845612148952141	0.0029033997988558197	0.020226500044551836	8.364312811704179E-4	0.01438263077613286	0.09374442267480257	
56.872	8.643781268952246	0.02525131346077014	0.008755659394748046	0.0052436336806257165	0.03656859494538181	0.001511486499252764	0.026109734000847103	0.16999192101824645	
57.0	9.91268000161891	0.02891741950101658	0.01002821535451001	0.006005092174900814	0.04188871693615674	0.001731197549938896	0.029935244483119135	0.19486016626444957	
57.2	1.9827259498915284	0.0056952081370024235	0.0019777961506312666	0.0011830181585871166	0.008271763902206731	3.4149417056708993E-4	0.005965780163144705	0.03878246648998072	
57.48	4.758687838815078	0.013601653575935718	0.00472513441921271	0.002825559521938908	0.019767658552909406	8.158994788994801E-4	0.014288693435546668	0.0929231447559882	
57.872	8.64533186498871	0.024535009195653053	0.0085271218419329	0.005097290874944245	0.03568587500207261	0.001472490324600932	0.025867594406632655	0.16839419874492484	
58.0	9.914472627224821	0.028090312155033045	0.009763732115774875	0.005836047335213661	0.04086419671117775	0.0016860560730294091	0.029639514563168917	0.19300150625929238	
58.2	1.9831129146701683	0.00551868186107783	0.001920162813230907	0.0011468100972915668	0.00804262772993274	3.3163392676191457E-4	0.005870124293096714	0.038358088210335206	
58.48	4.759631417009508	0.013172307007981335	0.004584321827632546	0.0027374243232572253	0.019204760451223525	7.917958720178575E-4	0.01403785862166293	0.09187576066522493	
58.872	8.647078038725672	0.023742939167918052	0.008265913275096699	0.004934538520655162	0.03463487284128986	0.0014277494431982874	0.02536321171915551	0.16642736110521855	
59.0	9.91648295505901	0.027179031239688168	0.009462856594182664	0.005648760869630998	0.039651918073839595	0.0016345138463773124	0.029048868695951024	0.1907300737518131	
59.2	1.9835301435547081	0.005330782779358218	0.0018574159378676788	0.0011081146439525257	0.0077864803031225385	3.208707872971022E-4	0.005727452648573295	0.03787248894573762	
59.48	4.760639966063321	0.012718793033148714	0.004432481733948061	0.0026439847344629625	0.01858312196707452	7.657423700072025E-4	0.013681586476241984	0.09069399319177121	
59.872	8.648924711980005	0.022914106474270085	0.007987519813457675	0.004763669815073227	0.03349111012463611	0.0013799629755985952	0.02468473334856308	0.16424538712519307	
60.0	9.918604127632781	0.02622738463426278	0.0091429890750061	0.0054525483339822895	0.03833676909354503	0.0015796037497372727	0.02826300148271722	0.1882192343158998	
