# Time [h]	FOS [g/L]	COD [g/L]	pH [1]
0.2	1.2840740872512	1.5160876078711	1.8418340298767
0.48	1.1598809392906	1.7403649049644	2.085851654464
0.872	0.96674121330113	1.8679239718997	1.4130867844438
1	0.90032191176114	1.8829202685644	1.3440737928692
1.2	0.78326865186645	1.8808474010702	1.2382568575848
1.48	0.62572885781004	1.8431875550089	1.1860679169012
1.872	0.43566597843198	1.7576481411588	1.1140977334042
2	0.38239907923622	1.7258881005149	1.096228248141
2.2	0.29954008270196	1.668723533827	1.0724583384306
2.48	0.21657057254144	1.5877977549152	1.0458501456153
2.872	0.15175768489675	1.4922519728678	1.0180909467026
3	0.13793656346035	1.4650332507693	1.0107613880864
3.2	0.11733300605199	1.4279580192372	1.0007380183167
3.48	0.099308078040486	1.3780085151848	0.98913382317044
3.872	0.08346524511293	1.3127638846149	0.97657385485609
4	0.079355370063078	1.2915554265594	0.97317927152734
4.2	0.073396718031548	1.2653712368945	0.96848109050402
4.48	0.066586349747821	1.223852923485	0.96296008154211
4.872	0.05887788685455	1.1626107693404	0.95688761547453
5	0.056676220703278	1.1420040868185	0.95522957216113
5.2	0.053579846668019	1.1167401633234	0.95292262360256
5.48	0.049768316977363	1.0772543648606	0.9501935439341
5.872	0.045274212186354	1.020491085461	0.94716966940507
6	0.043974165444784	1.0018709740427	0.94634002366217
6.2	0.042135995092721	0.97846127818386	0.94518293287105
6.48	0.039859826117076	0.94325364175687	0.94381018342743
6.872	0.037174915173756	0.89495282175033	0.94228478307452
7	0.036400323633224	0.87963885591595	0.94186554622959
7.2	0.035309235577604	0.85959189744007	0.94128063893279
7.48	0.033972836478001	0.83041890909386	0.94058685725854
7.872	0.032435226841721	0.79241630194829	0.93981730408835
8	0.031999826856394	0.78082749342824	0.93960620567628
8.2	0.031403901049947	0.76484265260882	0.93931244895489
8.48	0.030702426027336	0.74215078303776	0.93896577394412
8.872	0.029954753759935	0.71415475570575	0.93858496537645
9	0.029753274746733	0.70597438798001	0.93848135974063
9.2	0.029503664761548	0.6938754608239	0.93833828986878
9.48	0.029235116976545	0.67684617805904	0.93817165931415
9.872	0.02899209720596	0.65671796262302	0.93799254293767
10	0.028930877253026	0.65102605848521	0.9379446300118
10.2	0.028879134771062	0.64180907243093	0.93787934549485
10.48	0.028818698093541	0.62851538303557	0.93780488704676
10.872	0.028744115143857	0.61273481101971	0.93772718124149
11	0.028715069363832	0.60822387950576	0.93770683675608
11.2	0.028688945535547	0.6002816892134	0.93767950807602
11.48	0.028611969834924	0.58821390144377	0.93764901023732
11.872	0.028444170519274	0.57304059711173	0.93761808234686
12	0.028377175019932	0.56848063086883	0.9376101620832
12.2	0.028273053923665	0.56028536139062	0.93759969268528
12.48	0.028085527543633	0.54740001794869	0.93758838912511
12.872	0.027769780341521	0.5303142564715	0.93757758450154
13	0.027658962611818	0.52497948749279	0.93757498267554
13.2	0.0274713811133	0.51572914448254	0.93757176212007
13.48	0.027189616832246	0.50112971446916	0.93756883148659
13.872	0.026769381688576	0.48131654309567	0.9375671055651
14	0.026629548445136	0.4750397804903	0.93756698037668
14.2	0.026385652713625	0.46473178001518	0.93756723895632
14.48	0.026042070788543	0.44859465405381	0.93756853353319
14.872	0.025551600236931	0.42661503528218	0.93757176524883
15	0.02539128508898	0.4196457657125	0.93757307476063
15.2	0.025112456902005	0.4088063801453	0.93757543162639
15.48	0.024726096872221	0.39197576759498	0.93757941838902
15.872	0.024181196578703	0.36919223042212	0.93758605192185
16	0.024004120598793	0.36201109797792	0.937588393621
16.2	0.023702590726874	0.35135991995015	0.93759229672945
16.48	0.023285195592954	0.3348918270354	0.93759831740883
16.872	0.022699288458564	0.3128553818725	0.93760758983611
17	0.022509781028674	0.30597924336527	0.93761074216552
17.2	0.022193832988878	0.2961659970741	0.93761586283973
17.48	0.021757023022774	0.28097281932483	0.93762347959222
17.872	0.021148478350625	0.26094705128151	0.93763478982746
18	0.020953068403002	0.25477883210763	0.93763855740359
18.2	0.02063092127878	0.24623687732744	0.93764459219319
18.48	0.020188372637082	0.23289401595604	0.937653386836
18.872	0.019579517651688	0.21560820450282	0.93766614018926
19	0.019385937088398	0.21036307826164	0.93767032723988
19.2	0.019066611504773	0.20326582168854	0.93767697376034
19.48	0.01863283571144	0.19196438776882	0.93768654126756
19.872	0.018045647779419	0.17757786884725	0.93770019378887
20	0.017861061999648	0.17328020072647	0.93770462954225
20.2	0.017553142840136	0.16757560885403	0.93771163293939
20.48	0.01714060446661	0.15818789174794	0.93772165301026
20.872	0.016591626860066	0.1464183988401	0.93773582349668
21	0.016420920744222	0.14295284853641	0.93774039986827
21.2	0.016130644674109	0.13845388127801	0.93774761057033
21.48	0.015746904805129	0.13067713646909	0.93775791884713
21.872	0.015243809791412	0.12103442493963	0.9377724610445
22	0.015088743834228	0.11822877369483	0.93777714792556
22.2	0.01481932705858	0.11472657907411	0.93778453427062
22.48	0.014466868946141	0.10825004799657	0.93779511103889
22.872	0.01401019658472	0.10027938809881	0.93781003477344
23	0.013870421980076	0.09798402849771	0.93781484035443
23.2	0.013623987247587	0.095332629738635	0.93782240996991
23.48	0.013304089802338	0.089949904982767	0.93783323695917
23.872	0.012894253303493	0.083369459494371	0.93784845348179
24	0.013218976475785	0.081593127990232	0.93785428134245
24.2	0.016441211828746	0.083911602102946	0.93785706089656
24.48	0.01834088974103	0.084092370413466	0.93785631376689
24.872	0.019372234737105	0.08303847251299	0.93785401821019
25	0.019598028889367	0.082667775436357	0.93785326560861
25.2	0.016170281127201	0.079043090740077	0.93785639833984
25.48	0.014257238530944	0.073083888356326	0.93786650383855
25.872	0.013569564662966	0.067703062404787	0.93788159184618
26	0.013520455044888	0.066520464844434	0.937886050596
26.2	0.013509181185664	0.066295586077105	0.93789247528893
26.48	0.013578788771626	0.064237061926454	0.93790043824425
26.872	0.013729497253792	0.062110436568921	0.93790959816741
27	0.013780562213534	0.061607176683972	0.93791215075954
27.2	0.013845727280469	0.062257030908826	0.9379157805009
27.48	0.013932352873654	0.061002724240047	0.93792028711781
27.872	0.014036775068017	0.059517353263339	0.93792553774064
28	0.01406618015932	0.059153471568087	0.93792702215929
28.2	0.014099083735596	0.060043762485694	0.93792915593756
28.48	0.014137690505002	0.059034478413799	0.93793186530861
28.872	0.014175851807654	0.057779329842584	0.93793511475604
29	0.014184551686201	0.057471436911165	0.93793605612092
29.2	0.01418966877878	0.058481791269698	0.93793742858571
29.48	0.014191072736364	0.057598977150122	0.93793921869514
29.872	0.014181615029886	0.056469219309433	0.93794144250426
30	0.014175908069374	0.056192754935308	0.93794210632774
30.2	0.014161670903769	0.05727336443112	0.9379430899618
30.48	0.0141376797965	0.056463546656993	0.93794441088143
30.872	0.014096302572714	0.055405674043611	0.93794611557535
31	0.014081038809458	0.055147131712543	0.93794664057404
31.2	0.014053796855699	0.05626790315192	0.93794743132028
31.48	0.014012965515072	0.055499086314775	0.93794852220431
31.872	0.013950703222283	0.054480660849499	0.93794997876694
32	0.013929244614738	0.054231795335871	0.93795043913519
32.2	0.013893503824212	0.055374385754863	0.93795114169506
32.48	0.01384180832543	0.05462780609015	0.93795212986205
32.872	0.013766291789923	0.053630259896625	0.93795348081087
33	0.013740952738505	0.053386441696809	0.93795391498756
33.2	0.013699892979549	0.054540490914222	0.93795458295384
33.48	0.013641514833054	0.053806181730002	0.93795553220872
33.872	0.01355805153514	0.052820184810553	0.93795684617473
34	0.013530436507453	0.05257920047237	0.93795727193073
34.2	0.013486305380552	0.053739433159035	0.93795792933179
34.48	0.013424180447757	0.053012845355207	0.93795886684082
34.872	0.013336474535778	0.052034648026632	0.93796017018915
35	0.013307698939881	0.051795723858832	0.93796059358558
35.2	0.013262077648626	0.052959800636531	0.93796124786324
35.48	0.013198257731606	0.052239360660237	0.93796218061651
35.872	0.013108879723698	0.051268152156768	0.93796347714024
36	0.013079713758538	0.051031246578244	0.93796389815488
36.2	0.013033699627385	0.052198343815652	0.93796454831975
36.48	0.012969598693435	0.051483885932167	0.93796547342332
36.872	0.012880305157534	0.050520124086866	0.93796675653768
37	0.012851271877432	0.050285484398727	0.93796717251899
37.2	0.012805610144123	0.051455458188134	0.93796781410452
37.48	0.012742180999246	0.050747338002124	0.93796872490717
37.872	0.012654143562092	0.049791834444604	0.93796998469957
38	0.012625589119552	0.049559760080119	0.93797039231817
38.2	0.012580771375677	0.050732707604395	0.93797102012739
38.48	0.012518636669325	0.050031367023516	0.93797190951171
38.872	0.012432611000687	0.049084866422696	0.93797313634973
39	0.012404756331527	0.048855606118319	0.9379735325567
39.2	0.012361094494077	0.050031663588812	0.93797414197018
39.48	0.012300644399459	0.049337455515201	0.93797500384228
39.872	0.012217095311169	0.048400491547706	0.93797618986755
40	0.012190074218246	0.048174214022732	0.93797657225704
40.2	0.012147755350057	0.04935347930723	0.93797715969471
40.48	0.012089219416333	0.048666621942843	0.93797798944779
40.872	0.012008412150817	0.047739504451651	0.93797912891872
41	0.011982298945154	0.047516302480192	0.93797949577748
41.2	0.01194142496305	0.048698815502865	0.93798005872702
41.48	0.011884923808064	0.048019400776925	0.93798085320069
41.872	0.011806989203163	0.047102251712129	0.93798194230582
42	0.011781818330095	0.046882157283868	0.9379822925271
42.2	0.011742434080488	0.048067903141078	0.93798282939242
42.48	0.011688015721751	0.047395921528889	0.93798358663737
42.872	0.011612995685779	0.046488720302449	0.93798462313122
43	0.011588775354626	0.046271720593231	0.93798495608987
43.2	0.01155088805397	0.047460639396502	0.93798546599483
43.48	0.011498552934234	0.04679600539743	0.93798618500136
43.872	0.011426431575927	0.045898628727551	0.9379871678324
44	0.011403153050822	0.045684679311207	0.93798748326585
44.2	0.011366745539406	0.046876676607541	0.93798796587319
44.48	0.011316463510189	0.046219250011241	0.93798864632995
44.872	0.011247188151901	0.045331502937231	0.93798957532509
45	0.011224832000528	0.045120537751108	0.93798987323532
45.2	0.011189871689553	0.046315493700907	0.93799032859961
45.48	0.011141593429018	0.045665096182917	0.93799097070092
45.872	0.011075088667251	0.044786735228561	0.93799184631859
46	0.011053628928683	0.044578673860005	0.93799212689661
46.2	0.011020073807382	0.045776450900654	0.93799255535155
46.48	0.010973738456854	0.045132878758302	0.93799315965058
46.872	0.010909915524872	0.044263629122028	0.93799398279443
47	0.010889322476353	0.044058382124865	0.93799424636363
47.2	0.010857125132221	0.045258831240442	0.93799464843782
47.48	0.010812665387123	0.044621865146834	0.93799521573695
47.872	0.010751428368207	0.043761433504597	0.93799598761702
48	0.011190210110302	0.043670524103462	0.9379972932865
48.2	0.014546786292434	0.049036130599933	0.93799228701645
48.48	0.016607515563841	0.052838168888437	0.93798019575364
48.872	0.017887010399908	0.055991067829217	0.93796236842279
49	0.018195151753173	0.056822495523411	0.93795673273485
49.2	0.01494933407505	0.055409150718589	0.93795263351537
49.48	0.0132866505787	0.05218494536592	0.9379530725999
49.872	0.012885386784049	0.050073618111928	0.93795515083011
50	0.01291654316656	0.049832996236017	0.93795553640773
50.2	0.013038523651515	0.05127374977022	0.93795570636803
50.48	0.013271124201715	0.051226768389798	0.93795512423296
50.872	0.013615886317756	0.051438664414214	0.93795300392796
51	0.013723224908793	0.051600262409408	0.93795209245925
51.2	0.013883228013084	0.053391581310375	0.93795048756272
51.48	0.014087302923459	0.053514760068814	0.93794800929522
51.872	0.014331758910913	0.053619828412598	0.93794429423146
52	0.014401575646235	0.053705817075651	0.93794307327159
52.2	0.014501493482534	0.055347090489429	0.93794116923315
52.48	0.014622235156822	0.055250477113938	0.93793858677937
52.872	0.014756656820797	0.055043761044694	0.93793518818036
53	0.014792752680293	0.055030831168783	0.93793415077399
53.2	0.014842678753216	0.056519165167743	0.93793259731746
53.48	0.014898126350405	0.056226488427084	0.93793060400532
53.872	0.01495044299423	0.055771210330606	0.93792815191881
54	0.014961957796818	0.055683171374643	0.93792743887529
54.2	0.014975749832612	0.057058201808896	0.93792640078933
54.48	0.01498474314406	0.056622947632203	0.93792513344374
54.872	0.014979631455385	0.055990809773762	0.93792367938666
55	0.014974134560754	0.055850036120955	0.93792328236716
55.2	0.014962890993135	0.057144904150824	0.93792272653035
55.48	0.014940084582295	0.056610126697555	0.93792210663284
55.872	0.014896211959368	0.055856047286155	0.93792149673836
56	0.014879344765504	0.055679246883987	0.93792135861868
56.2	0.014851331382979	0.056918182428264	0.93792119108789
56.48	0.014807480392652	0.056315335102467	0.93792108118243
56.872	0.014738348968949	0.055478891783462	0.93792111877668
57	0.014714157313332	0.055277989461388	0.93792117575178
57.2	0.014675321092074	0.056478347640599	0.93792129800506
57.48	0.014618083783691	0.055829962708829	0.93792156375133
57.872	0.014533204015663	0.054939256399981	0.9379220702009
58	0.014504518843541	0.054722659457513	0.93792226668665
58.2	0.01445903998538	0.055896859818688	0.93792259472736
58.48	0.014393754326778	0.055219020547042	0.93792312452779
58.872	0.014299695916954	0.054293949563579	0.93792395584285
59	0.014268461882053	0.054067574211976	0.93792424787322
59.2	0.014219227870767	0.055224536967952	0.93792471590578
59.48	0.014149554239659	0.054528736527053	0.93792542337586
59.872	0.014050786944356	0.053583412699192	0.93792646972454
60	0.014018320438107	0.053351430421309	0.93792682409359
