# Time [h]	Carbondioxide [g/L/h]	Methane [g/L/h]	Hydrogen [g/L/h]
0.2	5.205885608651	6.2360147745245	0.0017680297523496
0.48	7.2480582859205	3.0353780152912	0.001483648015049
0.872	5.777653912145	2.1931965546387	0.0011367129630164
1	4.7500535394183	1.9624445955536	0.0009849420786828
1.2	10.041948839375	3.7653131342955	0.001287468521816
1.48	4.2735423438414	1.9629309455053	0.00076559474378564
1.872	3.0084040020996	1.6691496059702	0.00056720325890262
2	2.7768587152695	1.6137689732538	0.00052205535011775
2.2	6.254460117396	3.1117298726772	0.00070468381119649
2.48	2.5993128702207	1.4567353444884	0.00036771702689334
2.872	1.6152047408759	1.0299508903326	0.00022953979517472
3	1.4269659318319	0.94715934075237	0.000203252944896
3.2	3.0067580346426	2.0497725383125	0.0002774854572958
3.48	1.1308314547571	0.81391788923892	0.00011725296131583
3.872	0.6847493620854	0.55128460349569	7.1403302220022e-05
4	0.61432448523437	0.51432424272717	6.3930484352672e-05
4.2	1.4878764110233	1.4038557557921	0.00012867989304359
4.48	0.56343832957756	0.54459299426087	5.6398229823529e-05
4.872	0.37192846563234	0.38820892295416	3.7839115511982e-05
5	0.34386868908842	0.36918165972652	3.4957078699561e-05
5.2	0.92960879601919	1.1150645746594	8.4698483477909e-05
5.48	0.35258938411227	0.42598153437298	3.6543542046937e-05
5.872	0.24262541983817	0.30825090048516	2.5573689532442e-05
6	0.22794820287746	0.29539791761618	2.4053663877653e-05
6.2	0.66268150608234	0.94515421569249	6.3779035852364e-05
6.48	0.24912099826176	0.35411983675222	2.6740555875793e-05
6.872	0.17507256574094	0.25704583660152	1.9077864820482e-05
7	0.16616965299142	0.24738676320608	1.8140738643325e-05
7.2	0.51440734654903	0.83268135769491	5.1683296186049e-05
7.48	0.19068922607482	0.30507754241412	2.1057781823163e-05
7.872	0.13544291222651	0.22053661263433	1.5135010718774e-05
8	0.12944404385556	0.21264357970774	1.4485874056558e-05
8.2	0.42715822541415	0.75532629033038	4.4195520628482e-05
8.48	0.15498508537779	0.2685618732615	1.7419363298354e-05
8.872	0.11010800167161	0.19144496486899	1.2456486207491e-05
9	0.10566964482682	0.18447754543504	1.1956129038317e-05
9.2	0.37610889714551	0.70155941211912	3.9420264826093e-05
9.48	0.1320621419803	0.2391551027364	1.4881214509503e-05
9.872	0.092882808218678	0.16651205822152	1.0457674251732e-05
10	0.089370319704445	0.16018413484173	1.0043009556272e-05
10.2	0.34869223485851	0.66552632276658	3.6329010902039e-05
10.48	0.11743962887476	0.21569594176527	1.3031757824851e-05
10.872	0.081391128288882	0.14644935489379	8.9481037849417e-06
11	0.078545560384994	0.14088705540803	8.5989800750869e-06
11.2	0.33693191826877	0.64429099504723	3.4194361204051e-05
11.48	0.10903297759163	0.19936705907198	1.1691386055666e-05
11.872	0.074523855288304	0.1327297719269	7.8583687781383e-06
12	0.072137736974236	0.12790009145287	7.5609803462361e-06
12.2	0.33406507359897	0.63391159748691	3.2401154656692e-05
12.48	0.10476072657757	0.18941836180284	1.0667132846069e-05
12.872	0.070613794069466	0.12407014266976	7.0337337992745e-06
13	0.068447661347004	0.11966624109916	6.769307617542e-06
13.2	0.3346963906948	0.62907649583971	3.0539885962904e-05
13.48	0.10242970390905	0.18308330420118	9.7608191278738e-06
13.872	0.068001368805957	0.11798822829594	6.3147995331587e-06
14	0.065895343795372	0.11374385328182	6.0708915156208e-06
14.2	0.3360921841061	0.62616124718315	2.8502473693075e-05
14.48	0.10073492174802	0.17819624417598	8.8883984335508e-06
14.872	0.065801714039984	0.11287714702142	5.6427926643369e-06
15	0.063685319324129	0.10865502344265	5.4151057811161e-06
15.2	0.33769414306999	0.62387562639596	2.643844618085e-05
15.48	0.099241002755162	0.17378735238659	8.0757803317742e-06
15.872	0.06372278352148	0.10805745701076	5.0359588885965e-06
16	0.061568656513944	0.10379861627	4.8236044741148e-06
16.2	0.33978987644217	0.62207704967535	2.4587035127479e-05
16.48	0.097887726036986	0.16953882559938	7.3751401900065e-06
16.872	0.06169766714057	0.10329671402918	4.5200411990941e-06
17	0.059492058565251	0.09897876539896	4.3215951362557e-06
17.2	0.34265372929785	0.62083994031395	2.3078814756533e-05
17.48	0.096679344245236	0.16536533630811	6.796965311301e-06
17.872	0.059699909281896	0.098526828658083	4.0876724060237e-06
18	0.057431933766162	0.094142954787472	3.9002144383165e-06
18.2	0.34630003802253	0.62013026120096	2.1849636037826e-05
18.48	0.095588074862685	0.16123800552902	6.2991805921861e-06
18.872	0.057693038851287	0.093726168276892	3.7027329576578e-06
19	0.055351666915823	0.089273446932313	3.523251031653e-06
19.2	0.35055862604948	0.61980107770035	2.0704058921743e-05
19.48	0.094552628960859	0.1571210212081	5.8168983645246e-06
19.872	0.055625307722531	0.088865371863355	3.3240343660268e-06
20	0.053198205904718	0.084338066579054	3.1510020059431e-06
20.2	0.35522183002997	0.61967083675921	1.9428665955437e-05
20.48	0.09349844962885	0.15295164973925	5.294053154322e-06
20.872	0.053432982486417	0.083884002270511	2.9228457157382e-06
21	0.050905625235605	0.079270926464044	2.7568154107574e-06
21.2	0.36015311087609	0.61959028697408	1.7872176216805e-05
21.48	0.092357206419305	0.14864679189623	4.7011654365212e-06
21.872	0.051049836008005	0.078699872749308	2.4905647011607e-06
22	0.04840578794212	0.073986618473989	2.3340053104023e-06
22.2	0.36532436228336	0.61948000578357	1.5989541393239e-05
22.48	0.09108642935009	0.1441409293819	4.0441312075607e-06
22.872	0.04843358338348	0.073263712332032	2.0416300683921e-06
23	0.045658254937053	0.068441473176434	1.8983153661058e-06
23.2	0.37076739710072	0.61933982592257	1.386605369864e-05
23.48	0.089692943975801	0.1394573249643	3.3660780857522e-06
23.872	0.045612655666859	0.067651431565741	1.6107445240221e-06
24	0.041997894869987	0.061736856680863	1.4841103141293e-06
24.2	0.38403809892231	0.6275835391409	1.3413665467187e-05
24.48	0.10014801310815	0.15096760130949	3.6674078532365e-06
24.872	0.062950688139927	0.089158580945584	2.2291936837339e-06
25	0.062087681245489	0.086683156939243	2.1846309610395e-06
25.2	0.43652219876338	0.67390001105929	1.2375397585827e-05
25.48	0.10719375609279	0.15344333550582	3.0039473017591e-06
25.872	0.051245155451437	0.070045946152241	1.3949216767045e-06
26	0.046881362619176	0.063549452642061	1.2722416525413e-06
26.2	0.41914281688818	0.6467745278549	1.0559991675923e-05
26.48	0.097177133684923	0.13906077974013	2.5542244297517e-06
26.872	0.04669186262491	0.063804091845152	1.2035509268867e-06
27	0.043575413561958	0.05903442506852	1.1183380525847e-06
27.2	0.41746407786044	0.64392802626675	1.0024307964098e-05
27.48	0.096664102185987	0.13810871147713	2.4303539134724e-06
27.872	0.04677934120526	0.063734458909591	1.1511996230965e-06
28	0.043749780772122	0.059073015945231	1.0704378965191e-06
28.2	0.42019560656167	0.6457466287972	9.6763652830125e-06
28.48	0.0973301483128	0.1384654411379	2.3567104542085e-06
28.872	0.047018921073354	0.063757445016597	1.1140480070362e-06
29	0.043925560076615	0.059024742682028	1.0339705999725e-06
29.2	0.4230069629494	0.6474172539897	9.4189632087267e-06
29.48	0.097799555096037	0.13852978478178	2.2971912870316e-06
29.872	0.046986866529941	0.063438077113856	1.0799744014986e-06
30	0.043827006240333	0.058640235094806	1.0003137879159e-06
30.2	0.42492443971889	0.64829119046822	9.2056587116748e-06
30.48	0.097924233462205	0.1382503509954	2.2420748268809e-06
30.872	0.046713419520469	0.062871082886784	1.0464296295388e-06
31	0.043501674244864	0.058027043128743	9.6735836685353e-07
31.2	0.42582630082914	0.64838238178897	9.0069714122337e-06
31.48	0.097738266252014	0.13770566949969	2.1867680899741e-06
31.872	0.046259309107061	0.062142141674191	1.0123105342112e-06
32	0.043010652177982	0.057267509937612	9.3410205600831e-07
32.2	0.42585884916124	0.64784104077138	8.8089070734987e-06
32.48	0.097309876057786	0.13696944482136	2.1297526931458e-06
32.872	0.045677740104661	0.061308013228209	9.7747192347987e-07
33	0.042404635626897	0.056414566216363	9.0039807861823e-07
33.2	0.42523325123653	0.64683400611347	8.6075267479223e-06
33.48	0.096707473356184	0.13610154615717	2.0712316215653e-06
33.872	0.045011487026153	0.060408012397043	9.4229481795335e-07
34	0.041723499488743	0.055504427496216	8.6657577154819e-07
34.2	0.42414530794112	0.64550587067678	8.4037679271337e-06
34.48	0.095988627984736	0.13514888592593	2.0120885726492e-06
34.872	0.044293491890845	0.059470736465131	9.0731900812977e-07
35	0.040997610757444	0.054563280579084	8.3310702396302e-07
35.2	0.42275022444899	0.64396898822881	8.2001261638514e-06
35.48	0.095197564996839	0.13414698131302	1.953273283053e-06
35.872	0.043548120671563	0.058517187759643	8.7302855900096e-07
36	0.040249282915535	0.053610286909545	8.0041254653443e-07
36.2	0.42116130133107	0.64230519136053	7.9990150664302e-06
36.48	0.094366289113737	0.13312172956418	1.8955409326332e-06
36.872	0.042792700351349	0.057562493525507	8.3977446116667e-07
37	0.039494308239472	0.05265920095143	7.687934304594e-07
37.2	0.41945720427533	0.64057153631847	7.80222328847e-06
37.48	0.093516979310129	0.13209132269496	1.8394034737616e-06
37.872	0.04203910393243	0.056617195384707	8.0777592936536e-07
38	0.03874346166207	0.051719569270753	7.3843346401612e-07
38.2	0.41769078671553	0.63880656457985	7.6109024935044e-06
38.48	0.092664496196427	0.1310680991506	1.7851703344552e-06
38.872	0.04129518613631	0.055688363128056	7.7715059036145e-07
39	0.038003837163491	0.050797760533484	7.0942676072182e-07
39.2	0.4158967472473	0.63703567365884	7.4257250475182e-06
39.48	0.091818515231436	0.13006014945585	1.7330078818035e-06
39.872	0.040565959592997	0.054780540037666	7.4794679480153e-07
40	0.037279932704358	0.04989783613432	6.8180675891586e-07
40.2	0.41409744425038	0.63527523343501	7.2470455316973e-06
40.48	0.090985158792733	0.12907259017979	1.6829890898855e-06
40.872	0.039854487664187	0.053896494083107	7.2016854295578e-07
41	0.036574469332688	0.049022239257606	6.555683414442e-07
41.2	0.41230701549315	0.63353554263321	7.0750167487827e-06
41.48	0.090168166849872	0.12810850811999	1.6351275883353e-06
41.872	0.039162524844613	0.053037777066622	6.9379215924008e-07
42	0.035888976460238	0.048172305780171	6.3068250943765e-07
42.2	0.41053418784813	0.63182287001803	6.9096613369228e-06
42.48	0.089369703685167	0.1271696270504	1.5893990112573e-06
42.872	0.038490958158682	0.052205120118052	6.687767773236e-07
43	0.035224194108161	0.047348624441457	6.0710555840844e-07
43.2	0.40878415562514	0.63014083137349	6.7509137997306e-06
43.48	0.088590900194374	0.12625676315661	1.5457541533989e-06
43.872	0.037840103914637	0.051398704293535	6.4507092002392e-07
44	0.034580342858601	0.046551282781207	5.8478482828526e-07
44.2	0.40705982433172	0.62849130729498	6.5986463421879e-06
44.48	0.087832214148149	0.12537013120968	1.5041274484202e-06
44.872	0.037209904968315	0.050618343032044	6.226168107432e-07
45	0.033957303220337	0.04578003295442	5.6366248154079e-07
45.2	0.40536263040881	0.62687505184223	6.4526867561097e-06
45.48	0.087093668436666	0.12450954945047	1.4644428588104e-06
45.872	0.036600061782676	0.049863605357802	6.0135336636426e-07
46	0.033354734933555	0.045034403948555	5.4367813833578e-07
46.2	0.40369307945613	0.62529209551854	6.312832267134e-06
46.48	0.086375008666008	0.12367457736258	1.4266182232637e-06
46.872	0.036010120049049	0.04913390008746	5.8121835501557e-07
47	0.032772156942336	0.044313778605233	5.2477078263517e-07
47.2	0.40205109769041	0.62374201173333	6.1788607535099e-06
47.48	0.085675807528938	0.12286460908755	1.3905685293799e-06
47.872	0.035439529737071	0.048428534247983	5.6214995515956e-07
48	0.031438249522111	0.04259679068544	5.1302411159437e-07
48.2	0.40840017481654	0.6306889272092	7.8101846385354e-06
48.48	0.097677682248003	0.13865898115806	2.133763444766e-06
48.872	0.056337311558309	0.075315937050209	1.2610994201361e-06
49	0.055357038348197	0.07305298047643	1.2490163458788e-06
49.2	0.45388829383863	0.67521527878031	8.2604095530511e-06
49.48	0.10505569972242	0.1446149309416	1.9607270484926e-06
49.872	0.045777936481246	0.060280435178634	8.7155910220444e-07
50	0.041290685154973	0.053975003252669	7.9317333379446e-07
50.2	0.42830672090446	0.64609897821243	8.0943222374824e-06
50.48	0.095104168660491	0.13297299702294	1.9665444532188e-06
50.872	0.042936417574704	0.05747307205226	9.0273370112441e-07
51	0.039818637288891	0.05290027020517	8.4003527698869e-07
51.2	0.42036735821979	0.6417248357966	8.6354205610098e-06
51.48	0.094813308335316	0.13415665037866	2.1039746812069e-06
51.872	0.044309191603648	0.059953582337387	9.849558306189e-07
52	0.041316805324548	0.055460653535912	9.1760153407718e-07
52.2	0.41797455541051	0.64202052076562	8.9712349283247e-06
52.48	0.095456372486621	0.13591548819717	2.1972353141889e-06
52.872	0.045341140833971	0.06169956742744	1.0363729995188e-06
53	0.042314742688029	0.057111168576023	9.6383674638143e-07
53.2	0.41682007976184	0.642339705685	9.138434398585e-06
53.48	0.095779701082164	0.13683661661315	2.242551626098e-06
53.872	0.045774490285675	0.062485405036499	1.0586387430975e-06
54	0.042706749420754	0.057816295491367	9.827046067638e-07
54.2	0.41582829899134	0.64212013711414	9.1876135510608e-06
54.48	0.095729590042049	0.13705529752595	2.2525767527135e-06
54.872	0.04576693473707	0.062602720257457	1.0601528346981e-06
55	0.042667416784095	0.057878852581597	9.8237541727951e-07
55.2	0.41467415415504	0.64137350950372	9.1528923488549e-06
55.48	0.095383534766857	0.13678613656986	2.2376211999161e-06
55.872	0.045460397409507	0.062284449494543	1.0474499485134e-06
56	0.042339162140326	0.057525835192133	9.6898628311799e-07
56.2	0.41328534479774	0.64020604537412	9.0578433784617e-06
56.48	0.09482255963218	0.136190505082	2.2052634419919e-06
56.872	0.044956414310496	0.061686681897695	1.0252458133496e-06
57	0.041821711026561	0.056907477275412	9.4692972844517e-07
57.2	0.41168549886845	0.6387314297576	8.9200678466338e-06
57.48	0.094113827271228	0.13538129432772	2.1611320721588e-06
57.872	0.044325551065729	0.060912248858141	9.9694017896387e-07
58	0.041183628073261	0.056122256354034	9.1935871499511e-07
58.2	0.40992795930812	0.6370475780527	8.7531495417964e-06
58.48	0.093309085854614	0.13443659038955	2.1094326154028e-06
58.872	0.043616596247404	0.060029379828931	9.6498466026831e-07
59	0.040471983044216	0.055235325855328	8.885387771065e-07
59.2	0.40806745502596	0.63523140452171	8.5675820877477e-06
59.48	0.092446578741425	0.13341032687532	2.0532861470819e-06
59.872	0.042863194439738	0.059083841827445	9.3113438335457e-07
60	0.039719079666779	0.054290314980099	8.5608637806248e-07
