Hions_Offset = 0.1155758345125# Time [h]	Butyric -	Propionic -	Carbondioxide -	Valeric -	Acetic -	Nitrogen -	Water -	Hions -
0.2	1.2706393910388E-4	3.5282936655812E-4	0.013232066960246	3.6063022127038E-5	0.01865002666381	-0.12248452927475	2.6043977509855E-7	0.01439348535077	
0.48	1.1576119652037E-4	4.1324889199613E-4	0.0050430812551754	3.5743743029559E-5	0.010144163288354	-0.10005944122077	2.3011535433336E-8	0.0082063180641302	
0.872	4.254076328418E-5	1.8673806702981E-4	3.1109971735381E-4	1.354797306985E-5	0.0035509980835619	-0.076305413032177	4.9851417012045E-10	0.038628977760844	
1.0	2.585661253753E-6	1.1184119546573E-5	6.4312205384598E-6	8.638901196848E-7	2.6277254409708E-4	-0.069895857811565	1.0709561726289E-11	0.045282063263829	
1.2	5.3625511424811E-8	2.7646514954739E-7	1.3243133432723E-7	1.8242234296228E-8	4.3264794920763E-6	-0.060986249706174	2.0758197007517E-13	0.057775424142228	
1.48	3.9715926756677E-8	2.1839689415686E-7	9.4075586539828E-8	1.3579462087811E-8	2.86724699268E-6	-0.050426413935135	1.7557615897497E-13	0.065152649748425	
1.872	2.6073372295216E-8	1.500898408268E-7	5.9179562999385E-8	8.9544542165347E-9	1.4921496303563E-6	-0.038682136921414	1.3745129785541E-13	0.076895737504656	
2.0	2.3330386197918E-8	1.3501336495325E-7	5.2623882526207E-8	8.0237666496513E-9	1.2197822031641E-6	-0.035451604664439	1.3026286850153E-13	0.08012568435478	
2.2	1.9930723698479E-8	1.1543923037113E-7	5.0927676972146E-8	6.8652214571656E-9	8.4891025609482E-7	-0.03094352193886	1.2166701965128E-13	0.084633375312503	
2.48	1.6392570843938E-8	9.4008471573546E-8	4.0027851378568E-8	5.6546779899569E-9	5.2982631399098E-7	-0.025595737593024	1.1313090685803E-13	0.089980800894817	
2.872	1.2887795204682E-8	7.2050455574971E-8	2.9265821456702E-8	4.4498899704595E-9	3.1861919468446E-7	-0.019656309631668	1.0522846332485E-13	0.095919974204556	
3.0	1.1979176958284E-8	6.6295387447559E-8	2.6701139309723E-8	4.1372421588061E-9	2.7911367911853E-7	-0.018023677140962	1.032892460117E-13	0.097552546783906	
3.2	1.0736860808388E-8	5.8473716640087E-8	2.5564778535003E-8	3.7078641640442E-9	2.2216748235508E-7	-0.015745947334122	1.0072731126771E-13	0.099830209310323	
3.48	9.2875202870318E-9	4.9484215227853E-8	2.13185471721E-8	3.205260740172E-9	1.7847872714131E-7	-0.013042504407536	9.788322205076E-14	0.10253359313368	
3.872	7.6784715908296E-9	3.9799242577882E-8	1.7203643121315E-8	2.6451201274417E-9	1.4580612328739E-7	-0.010033848008811	9.4941964370701E-14	0.10554220059582	
4.0	7.2319799945244E-9	3.7167102825952E-8	1.6205307361883E-8	2.4895627522416E-9	1.3806713189805E-7	-0.0092056515383749	9.4170150686004E-14	0.10637038434624	
4.2	6.6009764861602E-9	3.3515514999406E-8	1.5724073498885E-8	2.2689841767081E-9	1.2699354510997E-7	-0.0080486780790476	9.3117518431045E-14	0.10752734175561	
4.48	5.834367238525E-9	2.9187722607717E-8	1.395388729166E-8	2.0003318515319E-9	1.1517950698249E-7	-0.0066729821200868	9.190303308772E-14	0.10890301876465	
4.872	4.9452192338475E-9	2.4323088685931E-8	1.2171673007564E-8	1.6878434272061E-9	1.0252644856402E-7	-0.0051395438947417	9.0594445648725E-14	0.11043643647432	
5.0	4.6916815998761E-9	2.2960713012677E-8	1.1716174342887E-8	1.5986850381056E-9	9.9013306993702E-8	-0.0047171095649909	9.0241974273855E-14	0.11085886499288	
5.2	4.3284302321372E-9	2.1034698751942E-8	1.1556287072953E-8	1.4706275662997E-9	9.4199891705486E-8	-0.0041266591266409	8.9754936373456E-14	0.11144930803877	
5.48	3.8795566987823E-9	1.8694115807265E-8	1.0636873065785E-8	1.3120728368072E-9	8.8394191925413E-8	-0.0034241038282422	8.9183794540996E-14	0.1121518536635	
5.872	3.3493765968319E-9	1.5983800585882E-8	9.6835068163906E-9	1.1243415116604E-9	8.1699376063004E-8	-0.0026404849915161	8.855721211146E-14	0.11293546141989	
6.0	3.1964583386763E-9	1.521062349094E-8	9.4335818669073E-9	1.0701586319196E-9	7.9788778958958E-8	-0.0024245316210403	8.8386435294255E-14	0.11315141161327	
6.2	2.9763180415408E-9	1.4105912103308E-8	9.3966900415857E-9	9.9197828902609E-10	7.7144591251826E-8	-0.0021226562695743	8.8149064536476E-14	0.11345328287924	
6.48	2.7028695309997E-9	1.274636412478E-8	8.8408594672917E-9	8.9463979337795E-10	7.3910928490344E-8	-0.0017634720377674	8.786866670762E-14	0.11381246159038	
6.872	2.3785720373901E-9	1.1151720075588E-8	8.2658827807874E-9	7.7880144766671E-10	7.0158441169799E-8	-0.0013630120099316	8.7558622802686E-14	0.11421291525398	
7.0	2.2847871661115E-9	1.0693483488717E-8	8.1152098106967E-9	7.4524849725799E-10	6.9087666605287E-8	-0.0012527039766449	8.7473692631032E-14	0.11432322146954	
7.2	2.149971283595E-9	1.003688553142E-8	8.1387326805809E-9	6.9684814532467E-10	6.761290150114E-8	-0.0010986275746116	8.7355402031573E-14	0.11447729557971	
7.48	1.9831443116639E-9	9.2274749371113E-9	7.7758086140334E-9	6.3666822758083E-10	6.5835167157313E-8	-9.1560175889271E-4	8.7215396664679E-14	0.11466031821775	
7.872	1.7867142476381E-9	8.2791163888495E-9	7.4131275573932E-9	5.6524735900108E-10	6.3849740575629E-8	-7.1224439155964E-4	8.7060485000132E-14	0.11486367201968	
8.0	1.7301130412583E-9	8.0068433916404E-9	7.3207333075696E-9	5.4457147552517E-10	6.3300245756815E-8	-6.5639780416104E-4	8.7018061303021E-14	0.11491951761238	
8.2	1.6492690577919E-9	7.617870147385E-9	7.3847594655819E-9	5.1482039747402E-10	6.2584745875772E-8	-5.7863881372948E-4	8.6959076392353E-14	0.11499727545131	
8.48	1.5502791183701E-9	7.1413324972524E-9	7.1412753930088E-9	4.779626146632E-10	6.178607575472E-8	-4.8680408386354E-4	8.6889541158101E-14	0.11508910852626	
8.872	1.4350446519855E-9	6.5875932049585E-9	6.9161243172311E-9	4.3425556821563E-10	6.1037184665431E-8	-3.8584293076456E-4	8.6813253538796E-14	0.11519006799202	
9.0	1.4018983879108E-9	6.4289794833344E-9	6.8628284560711E-9	4.2154778194459E-10	6.0856774437849E-8	-3.5835937965798E-4	8.6792515224894E-14	0.11521755110401	
9.2	1.3546321962406E-9	6.2027454157427E-9	6.9589488242544E-9	4.031754890621E-10	6.0696031120861E-8	-3.2039658854198E-4	8.6763889467965E-14	0.11525551353837	
9.48	1.2966101014862E-9	5.9253599353171E-9	6.795331721966E-9	3.8013980612012E-10	6.05962577557E-8	-2.7616612766986E-4	8.6730567171419E-14	0.11529974337718	
9.872	1.2273253604432E-9	5.598047900812E-9	6.6649226887756E-9	3.5192742326556E-10	6.0671055477669E-8	-2.2860268568812E-4	8.6694769056356E-14	0.1153473063384	
10.0	1.2067354380129E-9	5.5021727153896E-9	6.6388923660665E-9	3.4346633664859E-10	6.0719778341868E-8	-2.1587635241791E-4	8.6685196911888E-14	0.11536003256919	
10.2	1.1763916613836E-9	5.3624157751576E-9	6.7594415317355E-9	3.3088275850691E-10	6.0886823769732E-8	-1.9853386961213E-4	8.667215674591E-14	0.11537737515677	
10.48	1.1367658910096E-9	5.1830273549878E-9	6.6470658823488E-9	3.1429864990532E-10	6.1119938291648E-8	-1.7875096407248E-4	8.6657287704586E-14	0.11539715794733	
10.872	1.0843326152742E-9	4.9528954636587E-9	6.5775083973153E-9	2.9243540730087E-10	6.1433581115146E-8	-1.5810170880764E-4	8.664177422153E-14	0.11541780714209	
11.0	1.0676534820417E-9	4.8810918303401E-9	6.5685396063165E-9	2.8556949955207E-10	6.1518316625967E-8	-1.5269482586477E-4	8.6637713254212E-14	0.11542321400539	
11.2	1.0418863265694E-9	4.7720238032633E-9	6.7032635795302E-9	2.750611213399E-10	6.1693740722841E-8	-1.454315703577E-4	8.6632258616059E-14	0.11543047742564	
11.48	1.006017687436E-9	4.6223059296951E-9	6.6171231019382E-9	2.6067212777824E-10	6.1833496237678E-8	-1.3732516462575E-4	8.6626172046755E-14	0.11543858368496	
11.872	9.5600255657217E-10	4.4158597194745E-9	6.5782632601913E-9	2.4116393407207E-10	6.1873936252186E-8	-1.2910374266495E-4	8.6620000307679E-14	0.11544680483248	
12.0	9.398690453228E-10	4.3493041823397E-9	6.5774771422552E-9	2.3500486364554E-10	6.1854762038509E-8	-1.2699820189746E-4	8.66184199054E-14	0.11544891026441	
12.2	9.149495358033E-10	4.2472468941684E-9	6.7164651432929E-9	2.2561992531794E-10	6.1822398622887E-8	-1.2421504871286E-4	8.6616330920134E-14	0.11545169338784	
12.48	8.8049388317378E-10	4.1054239916047E-9	6.6383366728413E-9	2.1290359915324E-10	6.1669648027559E-8	-1.2120968126177E-4	8.6614075587715E-14	0.11545469833541	
12.872	8.3370941465106E-10	3.9105728355018E-9	6.6099330222101E-9	1.960994843394E-10	6.1312638347808E-8	-1.1833665443427E-4	8.6611919895785E-14	0.11545757071838	
13.0	8.1895697097129E-10	3.8484458577024E-9	6.6119537739916E-9	1.9090049688318E-10	6.1172917814237E-8	-1.1764473484727E-4	8.6611400803993E-14	0.11545826241818	
13.2	7.965318312412E-10	3.7539302081849E-9	6.7497870584558E-9	1.830893072995E-10	6.0912654317231E-8	-1.1678829185176E-4	8.6610758281064E-14	0.115459118614	
13.48	7.6628932950923E-10	3.6249697752078E-9	6.6715345453147E-9	1.7274295423724E-10	6.0491803440576E-8	-1.1600849863763E-4	8.6610173620447E-14	0.11545989773857	
13.872	7.2645374958183E-10	3.4523413957387E-9	6.6458237916281E-9	1.5944601620079E-10	5.9818610416023E-8	-1.1554872607807E-4	8.660982932127E-14	0.11546035658647	
14.0	7.1410436278795E-10	3.3982123320722E-9	6.6489092487704E-9	1.5539719712721E-10	5.9586884788053E-8	-1.1551514466205E-4	8.6609804354897E-14	0.11546038986873	
14.2	6.9546823675027E-10	3.3160324542802E-9	6.7846992117989E-9	1.4935396318064E-10	5.9155521195389E-8	-1.1558348751969E-4	8.6609855961751E-14	0.11546032112345	
14.48	6.7069872451441E-10	3.2057660158887E-9	6.705309437704E-9	1.414645419078E-10	5.8535088971778E-8	-1.1592681687195E-4	8.6610114271729E-14	0.11545997695136	
14.872	6.3849484977749E-10	3.0607733571805E-9	6.682098425991E-9	1.3146641441064E-10	5.7621130275188E-8	-1.1678486169069E-4	8.6610759065089E-14	0.1154591177822	
15.0	6.2855898755184E-10	3.0157109277838E-9	6.6864324416606E-9	1.2844047802814E-10	5.7317079281327E-8	-1.1713264297515E-4	8.6611020335595E-14	0.1154587696432	
15.2	6.1356531801216E-10	2.947141687907E-9	6.8214916287055E-9	1.2392686001113E-10	5.6766606384645E-8	-1.1775871914224E-4	8.6611490574864E-14	0.11545814306355	
15.48	5.9370339609284E-10	2.8558338185378E-9	6.7424924716524E-9	1.1806327821037E-10	5.5995466819207E-8	-1.1881763673587E-4	8.6612286017086E-14	0.1154570831788	
15.872	5.6788336690725E-10	2.7364863204545E-9	6.7238440280739E-9	1.106518944624E-10	5.4886968958602E-8	-1.2057986667364E-4	8.661360954827E-14	0.11545531966917	
16.0	5.5989558675632E-10	2.6994413546305E-9	6.7300786148649E-9	1.0840697809916E-10	5.4522871113681E-8	-1.212019905283E-4	8.6614076769632E-14	0.1154546971402	
16.2	5.4780907378041E-10	2.6429242112526E-9	6.8659679309694E-9	1.0505229799517E-10	5.3888444491364E-8	-1.2223903438435E-4	8.6614855535304E-14	0.11545365952587	
16.48	5.3175413511593E-10	2.5676918038784E-9	6.7887059117945E-9	1.0068840028948E-10	5.3003635741687E-8	-1.2383851428989E-4	8.6616056827555E-14	0.11545205898827	
16.872	5.1076897712618E-10	2.469181766312E-9	6.7761281635326E-9	9.5150956303435E-11	5.1746141237232E-8	-1.2630205819698E-4	8.6617906960208E-14	0.1154495940493	
17.0	5.0424336919674E-10	2.4385180127926E-9	6.7846698244615E-9	9.3466364468877E-11	5.1336786311921E-8	-1.271396071568E-4	8.6618535954719E-14	0.11544875606069	
17.2	4.943389751848E-10	2.3916324383769E-9	6.9222199468725E-9	9.0941775901201E-11	5.0645011430112E-8	-1.2850021743622E-4	8.661955771198E-14	0.11544739483689	
17.48	4.8112603742896E-10	2.3290407136077E-9	6.846929975686E-9	8.7643562460339E-11	4.9683776353074E-8	-1.3052382597924E-4	8.6621077555785E-14	0.11544537011275	
17.872	4.6375159073064E-10	2.2467118283318E-9	6.8405431192359E-9	8.3430368798755E-11	4.8334103309817E-8	-1.3352884517453E-4	8.6623334443825E-14	0.11544236363363	
18.0	4.5832376151707E-10	2.2209902128974E-9	6.8513716165624E-9	8.2141553336183E-11	4.7899149541603E-8	-1.34529865822E-4	8.6624086254714E-14	0.11544136215647	
18.2	4.5006544301028E-10	2.1815905997347E-9	6.9905103778884E-9	8.0203740454006E-11	4.7175516962545E-8	-1.3613334952078E-4	8.6625290499731E-14	0.11543975803871	
18.48	4.3900940950184E-10	2.1288274917041E-9	6.9164202057248E-9	7.7659161592733E-11	4.6178496410282E-8	-1.3846989124478E-4	8.6627045515096E-14	0.11543742035955	
18.872	4.2440443140099E-10	2.0591377191601E-9	6.9152294515048E-9	7.4384907120946E-11	4.4800559824153E-8	-1.4185827330923E-4	8.6629590578544E-14	0.11543403051085	
19.0	4.1982704434046E-10	2.0373008933361E-9	6.9280163218514E-9	7.337779373975E-11	4.4361750702035E-8	-1.4297071869646E-4	8.6630426166932E-14	0.11543291761207	
19.2	4.1285081942653E-10	2.0038028220934E-9	7.0680763134337E-9	7.1858480667112E-11	4.3632388980819E-8	-1.4473667994364E-4	8.6631752601494E-14	0.11543115101956	
19.48	4.0348833278533E-10	1.9588404620236E-9	6.9939370620977E-9	6.9853463154261E-11	4.264045166234E-8	-1.4727847777105E-4	8.6633662024008E-14	0.11542860809937	
19.872	3.9107877093508E-10	1.8992708032842E-9	6.9965428042758E-9	6.7254975434755E-11	4.1294912285786E-8	-1.5090562764478E-4	8.6636386792781E-14	0.11542497953206	
20.0	3.8718023176103E-10	1.8805645288461E-9	7.0108827150392E-9	6.6451508150337E-11	4.0871875199882E-8	-1.5208410564025E-4	8.6637272103141E-14	0.11542380062201	
20.2	3.8123035008473E-10	1.8518279937227E-9	7.151060181121E-9	6.523536669063E-11	4.0160805218879E-8	-1.5394479860095E-4	8.6638669905541E-14	0.11542193932229	
20.48	3.7322852788607E-10	1.8131885591393E-9	7.0757214948505E-9	6.3622587209825E-11	3.9208439362668E-8	-1.5660671455036E-4	8.6640669867469E-14	0.11541927633043	
20.872	3.6258671853944E-10	1.7618517580167E-9	7.0810448872066E-9	6.1517172533606E-11	3.7940908262163E-8	-1.6037131369632E-4	8.6643498335439E-14	0.11541551040506	
21.0	3.5923503837099E-10	1.7456952042064E-9	7.0966743475642E-9	6.0862642562233E-11	3.7547162764163E-8	-1.6158709826831E-4	8.6644411818029E-14	0.11541429422226	
21.2	3.5411144582153E-10	1.720834125966E-9	7.236412157081E-9	5.9868480157216E-11	3.6871953017494E-8	-1.635027689122E-4	8.6645851170879E-14	0.1154123779852	
21.48	3.4720241479543E-10	1.6873342426021E-9	7.1592114880743E-9	5.8543147586971E-11	3.5980695974987E-8	-1.6624111804662E-4	8.6647908917621E-14	0.11540963862592	
21.872	3.3797329211495E-10	1.6426633247364E-9	7.166918942353E-9	5.6799179480645E-11	3.4813824884511E-8	-1.7010428960206E-4	8.6650811958621E-14	0.11540577423963	
22.0	3.3505680631741E-10	1.6285633318323E-9	7.1838200711722E-9	5.6253811021621E-11	3.4454859695167E-8	-1.713493757793E-4	8.6651747623383E-14	0.11540452879387	
22.2	3.3058933387274E-10	1.606825832524E-9	7.3229361581948E-9	5.5422429725772E-11	3.3825210482471E-8	-1.7331160577255E-4	8.6653222237241E-14	0.11540256604634	
22.48	3.2454378107125E-10	1.5774467359454E-9	7.2437081975857E-9	5.4307686335034E-11	3.3003502091044E-8	-1.7612113769642E-4	8.6655333875259E-14	0.11539975557698	
22.872	3.1642564222585E-10	1.5380881067285E-9	7.254050395777E-9	5.2828534650188E-11	3.1941580989996E-8	-1.8008547035663E-4	8.6658313504004E-14	0.11539579014384	
23.0	3.1385078111191E-10	1.5256220152156E-9	7.2723563009531E-9	5.2363233941587E-11	3.1617437303918E-8	-1.8136202631277E-4	8.6659273001613E-14	0.11539451326658	
23.2	3.0989871830366E-10	1.506373287995E-9	7.4108089753433E-9	5.165155133157E-11	3.1040050186583E-8	-1.8337283583833E-4	8.6660784421336E-14	0.11539250199424	
23.48	3.0453192059801E-10	1.4802704250928E-9	7.3294584201255E-9	5.0692025945257E-11	3.0292924929145E-8	-1.8624868157292E-4	8.6662946329669E-14	0.11538962528762	
23.872	2.9729395987993E-10	1.4451478062105E-9	7.3425234116075E-9	4.9409744869493E-11	2.9339310613042E-8	-1.9029057191919E-4	8.6665984855663E-14	0.11538558241313	
24.0	3.1726291038474E-10	1.4604742816083E-9	7.3504776590148E-9	5.0650224853222E-11	3.0089993615663E-8	-1.9183973264787E-4	8.666714860863E-14	0.11538403404765	
24.2	4.8829822780981E-10	1.8650902891536E-9	7.567289629391E-9	6.2752638966925E-11	3.7173294798775E-8	-1.9258609346057E-4	8.6667703896887E-14	0.11538329557375	
24.48	5.9608421447066E-10	2.2457715800582E-9	7.6265780907685E-9	7.0489233553246E-11	4.1103310018757E-8	-1.9239208129619E-4	8.6667555053003E-14	0.11538349407122	
24.872	6.7523487944434E-10	2.6294891177228E-9	7.8080927019063E-9	7.8491658765929E-11	4.2902913828335E-8	-1.9178464734307E-4	8.6667096946988E-14	0.11538410395706	
25.0	6.9893041352106E-10	2.7476265280257E-9	7.8737346595828E-9	8.158742761392E-11	4.3226978257127E-8	-1.9158522968952E-4	8.6666946724537E-14	0.11538430390971	
25.2	5.5050871502299E-10	2.5023556364991E-9	8.0613221470949E-9	7.3413025709594E-11	3.5319883578409E-8	-1.9240941640915E-4	8.666757224992E-14	0.11538347160186	
25.48	4.924643844599E-10	2.3720850225131E-9	7.9085238622982E-9	7.3804538949897E-11	3.0841806509548E-8	-1.95089398146E-4	8.6669590154238E-14	0.11538078680155	
25.872	5.0860068160434E-10	2.4126111537852E-9	7.8344957093784E-9	8.1128675315377E-11	2.9008770314331E-8	-1.9909597816538E-4	8.667260326877E-14	0.11537677837864	
26.0	5.2094701727283E-10	2.4522198514377E-9	7.8337246732045E-9	8.3827059264575E-11	2.8793535339757E-8	-2.0028034389515E-4	8.6673493746566E-14	0.11537559385162	
26.2	5.4244023020902E-10	2.5296183296973E-9	7.9481768195154E-9	8.7973941484626E-11	2.8592113269488E-8	-2.0198714492042E-4	8.6674776905644E-14	0.11537388706668	
26.48	5.7248503088654E-10	2.6525385384776E-9	7.8177998443852E-9	9.3329207277153E-11	2.8501430108331E-8	-2.0410248710531E-4	8.6676367371933E-14	0.11537177166176	
26.872	6.0989469346194E-10	2.8257131057503E-9	7.7985855414344E-9	9.9717693391888E-11	2.8516851361333E-8	-2.0653603862987E-4	8.6678196986331E-14	0.11536933832341	
27.0	6.207053165784E-10	2.8790660248886E-9	7.8120430684568E-9	1.0153835099394E-10	2.8534810332138E-8	-2.0721422430646E-4	8.6678706855507E-14	0.11536866023512	
27.2	6.3616484689755E-10	2.9581102059694E-9	7.9424117114405E-9	1.0412965587084E-10	2.8536305045152E-8	-2.0817867607283E-4	8.6679431895705E-14	0.11536769601231	
27.48	6.549831490109E-10	3.0583476370323E-9	7.8278401447281E-9	1.0727167754689E-10	2.8549936212586E-8	-2.0937584655897E-4	8.6680332115771E-14	0.11536649886306	
27.872	6.7630094291992E-10	3.1769827515211E-9	7.8209626145282E-9	1.1082380421682E-10	2.8572919398252E-8	-2.1077077937014E-4	8.6681380966922E-14	0.11536510408985	
28.0	6.8216746368517E-10	3.2105254309951E-9	7.836941423469E-9	1.1180107175402E-10	2.8579471152294E-8	-2.1116515956279E-4	8.6681677492064E-14	0.11536470977257	
28.2	6.9031897469481E-10	3.2579511001529E-9	7.9716293586522E-9	1.1315983207049E-10	2.856727935989E-8	-2.1173214818513E-4	8.6682103737307E-14	0.11536414296337	
28.48	6.9981561078537E-10	3.3145787654356E-9	7.8583087808309E-9	1.1474394823634E-10	2.855154271675E-8	-2.1245179040578E-4	8.6682644972828E-14	0.11536342325979	
28.872	7.0979344053474E-10	3.3764107031244E-9	7.8514443454558E-9	1.1641190659496E-10	2.8525215547383E-8	-2.1331499149092E-4	8.6683294093917E-14	0.11536256009898	
29.0	7.1233764262971E-10	3.3927648976449E-9	7.8671731376191E-9	1.168383395054E-10	2.851496826646E-8	-2.1356507276245E-4	8.6683482143465E-14	0.11536231004251	
29.2	7.1565532373841E-10	3.4147811480303E-9	8.0016673164312E-9	1.1739597773516E-10	2.8484860604525E-8	-2.1392977239185E-4	8.6683756312037E-14	0.11536194547316	
29.48	7.1906068616583E-10	3.4388239968637E-9	7.8857044399084E-9	1.1797149782646E-10	2.8441977936959E-8	-2.1440514859562E-4	8.6684113915394E-14	0.11536146996612	
29.872	7.2168813579507E-10	3.4606986780778E-9	7.8758210348118E-9	1.1842313656034E-10	2.8377092933264E-8	-2.1499580679428E-4	8.6684558151762E-14	0.1153608792581	
30.0	7.2208705418944E-10	3.4652985737868E-9	7.8906404834496E-9	1.1849466433553E-10	2.8354467015617E-8	-2.1517213418593E-4	8.668469075846E-14	0.11536070292798	
30.2	7.2228826349944E-10	3.4701674198694E-9	8.0233287574025E-9	1.1853664388645E-10	2.8310448201597E-8	-2.1543350825844E-4	8.6684887251086E-14	0.11536044164769	
30.48	7.2177668167088E-10	3.4725586770214E-9	7.9040769220182E-9	1.1846417351339E-10	2.8247560026924E-8	-2.1578419961338E-4	8.6685151123634E-14	0.11536009077599	
30.872	7.1969531662046E-10	3.4682835583181E-9	7.8908829037216E-9	1.1813687012521E-10	2.8155334797476E-8	-2.1623689837295E-4	8.6685491655214E-14	0.11535963796513	
31.0	7.1872444516155E-10	3.4652568974345E-9	7.9047783213329E-9	1.1798180411404E-10	2.8124107015496E-8	-2.1637632978419E-4	8.6685596528624E-14	0.11535949851224	
31.2	7.1694007442727E-10	3.459044048836E-9	8.0352525109558E-9	1.1769526510267E-10	2.8069792981796E-8	-2.1658643948949E-4	8.6685754487042E-14	0.11535928847041	
31.48	7.1394232065655E-10	3.4475359496673E-9	7.9131793733485E-9	1.1721143789823E-10	2.7992655889584E-8	-2.1687599053516E-4	8.668597240352E-14	0.11535899870516	
31.872	7.08890460964E-10	3.4266154501265E-9	7.8972918149591E-9	1.1639256374611E-10	2.7881551688737E-8	-2.1726273396527E-4	8.6686263364144E-14	0.11535861180795	
32.0	7.0706017564544E-10	3.4187645436917E-9	7.9104572173421E-9	1.1609525722283E-10	2.784449348465E-8	-2.1738498443798E-4	8.6686355325983E-14	0.11535848952361	
32.2	7.0403489508527E-10	3.4055678255915E-9	8.0387866591364E-9	1.1560328219503E-10	2.7782910277137E-8	-2.1757165019866E-4	8.6686495666662E-14	0.11535830290788	
32.48	6.9949335414008E-10	3.3853579420412E-9	7.9146482501201E-9	1.1486382941607E-10	2.7696021459121E-8	-2.1783389258066E-4	8.6686693062262E-14	0.11535804042898	
32.872	6.9261639324567E-10	3.3541217803993E-9	7.8968797447438E-9	1.1374263222066E-10	2.7572405227391E-8	-2.1819255273465E-4	8.668696292369E-14	0.11535768158821	
33.0	6.9026302448121E-10	3.3433068307747E-9	7.909544950016E-9	1.1335864950465E-10	2.7531568380088E-8	-2.1830783734923E-4	8.6687049653197E-14	0.11535756626188	
33.2	6.8648762006936E-10	3.3258444373589E-9	8.0359486976013E-9	1.127423253131E-10	2.7465208201345E-8	-2.18485301019E-4	8.6687183082986E-14	0.1153573888364	
33.48	6.8102344656997E-10	3.3003733535104E-9	7.9104594852571E-9	1.1184986394062E-10	2.7372114998602E-8	-2.1873719160997E-4	8.6687372704992E-14	0.1153571366954	
33.872	6.7307635021952E-10	3.2630033504719E-9	7.8915388131153E-9	1.1055106038158E-10	2.7240862681351E-8	-2.1908600945531E-4	8.6687635178811E-14	0.11535678768077	
34.0	6.7042153995202E-10	3.2504519695767E-9	7.9039031221252E-9	1.1011701421133E-10	2.7197794835626E-8	-2.1919905186632E-4	8.6687720226405E-14	0.11535667459202	
34.2	6.662193813756E-10	3.2305172034831E-9	8.0286119162049E-9	1.0942976413046E-10	2.7128677647276E-8	-2.1937370042986E-4	8.668785154602E-14	0.11535649997423	
34.48	6.6024168193053E-10	3.2020525596816E-9	7.9023394566905E-9	1.0845187976148E-10	2.70321689532E-8	-2.1962246138141E-4	8.6688038822237E-14	0.11535625095508	
34.872	6.5172129849998E-10	3.1613013206845E-9	7.8828301098749E-9	1.0705755299746E-10	2.6897017258205E-8	-2.1996844777416E-4	8.6688299176358E-14	0.11535590476337	
35.0	6.4891078999263E-10	3.1478207356434E-9	7.8950448207084E-9	1.0659752162499E-10	2.6852887144552E-8	-2.2008086025584E-4	8.6688383753134E-14	0.11535579230222	
35.2	6.4449437663863E-10	3.1265921393964E-9	8.0182536734657E-9	1.058744588413E-10	2.6782601069026E-8	-2.2025467364695E-4	8.6688514449655E-14	0.11535561851539	
35.48	6.3827167741238E-10	3.09662235059E-9	7.8916105627525E-9	1.0485552347485E-10	2.6684819728717E-8	-2.2050216605888E-4	8.6688700777077E-14	0.11535537076135	
35.872	6.2950347649533E-10	3.0542930381563E-9	7.8719137094996E-9	1.0341946073575E-10	2.6548576850331E-8	-2.2084633395005E-4	8.6688959769912E-14	0.11535502638499	
36.0	6.2663257057744E-10	3.0404111409701E-9	7.8840850863152E-9	1.0294919470921E-10	2.6504250787221E-8	-2.209581122266E-4	8.6689043871616E-14	0.11535491455734	
36.2	6.221406723874E-10	3.0186585622764E-9	8.0059452832585E-9	1.0221325940817E-10	2.6433994589681E-8	-2.2113082994768E-4	8.6689173747675E-14	0.11535474186425	
36.48	6.1584793842154E-10	2.9881538664973E-9	7.8792158721158E-9	1.0118219908632E-10	2.6336528959138E-8	-2.2137628822513E-4	8.668935854855E-14	0.11535449614395	
36.872	6.070432204814E-10	2.9454179632389E-9	7.8596019122574E-9	9.9739340403087E-11	2.6201236172246E-8	-2.2171689239078E-4	8.6689614865066E-14	0.1153541553319	
37.0	6.0417359551953E-10	2.9314767341089E-9	7.8718006616317E-9	9.9269040077002E-11	2.6157335800496E-8	-2.2182733330313E-4	8.6689697962103E-14	0.11535404484201	
37.2	5.9969582372996E-10	2.9096979223746E-9	7.9924260082827E-9	9.8535056638709E-11	2.6087974246151E-8	-2.2199777059533E-4	8.6689826125577E-14	0.115353874429	
37.48	5.9344562495031E-10	2.8792835269037E-9	7.8657995164139E-9	9.7510496784426E-11	2.5991952444089E-8	-2.222394302211E-4	8.6690008071381E-14	0.11535363250903	
37.872	5.847395451532E-10	2.8368918925888E-9	7.8464431701578E-9	9.6083211467558E-11	2.5859033151652E-8	-2.225738403588E-4	8.6690259731515E-14	0.1153532978941	
38.0	5.8191045705585E-10	2.8231095272751E-9	7.8587142731915E-9	9.5619375545279E-11	2.581598638791E-8	-2.2268206035883E-4	8.6690341158811E-14	0.11535318962626	
38.2	5.7750364458777E-10	2.8016210685206E-9	7.9781904280165E-9	9.4896756143971E-11	2.5748113860593E-8	-2.2284883797113E-4	8.669046657155E-14	0.11535302287364	
38.48	5.7136696592104E-10	2.7716925473287E-9	7.8517896307701E-9	9.3890455869475E-11	2.5654299700124E-8	-2.230848099481E-4	8.6690644240486E-14	0.11535278664437	
38.872	5.6284397444804E-10	2.7301163078208E-9	7.8327993377655E-9	9.2492740559952E-11	2.5524699136981E-8	-2.2341046937177E-4	8.6690889319972E-14	0.11535246078487	
39.0	5.6007975974629E-10	2.7166287364662E-9	7.8451700770393E-9	9.203940413745E-11	2.548278605625E-8	-2.2351565916086E-4	8.6690968468427E-14	0.11535235554884	
39.2	5.5577894273956E-10	2.6956268727994E-9	7.9635628255273E-9	9.1333960902162E-11	2.5416789411783E-8	-2.2367755091096E-4	8.669109020758E-14	0.11535219368348	
39.48	5.4979914631055E-10	2.6664274050741E-9	7.837465681548E-9	9.0353116871348E-11	2.5325671555739E-8	-2.2390621764363E-4	8.6691262382213E-14	0.11535196476338	
39.872	5.4151007061054E-10	2.6259523307882E-9	7.8189054298799E-9	8.8993414169601E-11	2.5199980063399E-8	-2.2422104030779E-4	8.6691499311054E-14	0.11535164974634	
40.0	5.3882518650066E-10	2.6128410432673E-9	7.8313912700686E-9	8.8552980333021E-11	2.5159372243024E-8	-2.2432256122847E-4	8.6691575699999E-14	0.11535154818107	
40.2	5.3465098192979E-10	2.5924424453927E-9	7.9487527361064E-9	8.7868142818618E-11	2.5095485999485E-8	-2.2447861676183E-4	8.669169305029E-14	0.11535139215376	
40.48	5.2885318620712E-10	2.5641145975515E-9	7.82300757723E-9	8.6916936976634E-11	2.5007353615591E-8	-2.2469875532232E-4	8.6691858810185E-14	0.11535117176625	
40.872	5.2082670130248E-10	2.5249043635934E-9	7.8049121167839E-9	8.5600028308708E-11	2.4885907827972E-8	-2.2500121702498E-4	8.6692086441171E-14	0.11535086911645	
41.0	5.1822910846644E-10	2.5122150549473E-9	7.8175207726991E-9	8.5173826373223E-11	2.4846700005734E-8	-2.2509861426844E-4	8.6692159728277E-14	0.1153507716769	
41.2	5.1419266401686E-10	2.4924841375992E-9	7.9338937421836E-9	8.4511458555119E-11	2.4785050757402E-8	-2.2524816666667E-4	8.6692272187698E-14	0.1153506221548	
41.48	5.0859003158816E-10	2.4651045332374E-9	7.8085295449025E-9	8.3592095958648E-11	2.4700053118256E-8	-2.2545893809136E-4	8.6692430901333E-14	0.11535041113912	
41.872	5.0084033990983E-10	2.4272430294425E-9	7.7909146395477E-9	8.2320369257427E-11	2.4583013891187E-8	-2.2574802702575E-4	8.669264847279E-14	0.11535012186865	
42.0	4.9833376520155E-10	2.4149980595714E-9	7.8036488076482E-9	8.1909028262042E-11	2.4545248003711E-8	-2.2584100678597E-4	8.6692718436873E-14	0.1153500288487	
42.2	4.9444006774749E-10	2.395965224376E-9	7.9190696365687E-9	8.1269974780209E-11	2.4485887966776E-8	-2.2598363237458E-4	8.6692825686435E-14	0.11534988625562	
42.48	4.8903800300718E-10	2.3695676742716E-9	7.794102837159E-9	8.03833766764E-11	2.4404078814505E-8	-2.261845192169E-4	8.66929769642E-14	0.11534968512931	
42.872	4.8156995253518E-10	2.3330871874709E-9	7.7769720641219E-9	7.9157671510614E-11	2.4291488299181E-8	-2.2645963931969E-4	8.6693184027271E-14	0.11534940983432	
43.0	4.7915539499868E-10	2.3212938703746E-9	7.7898312325088E-9	7.8761368901497E-11	2.4255170903884E-8	-2.2654803565457E-4	8.6693250543353E-14	0.11534932139993	
43.2	4.7540547078313E-10	2.3029676332498E-9	7.9043317796118E-9	7.8145818458959E-11	2.4198102155024E-8	-2.2668350190829E-4	8.669335240789E-14	0.11534918596842	
43.48	4.7020440770412E-10	2.2775584919299E-9	7.7797707589191E-9	7.7292082755469E-11	2.4119471413917E-8	-2.2687423617584E-4	8.6693496047876E-14	0.1153489949995	
43.872	4.6301688474093E-10	2.2424583830606E-9	7.7631199910181E-9	7.6112250787149E-11	2.4011293358247E-8	-2.2713510837738E-4	8.669369239222E-14	0.11534873395901	
44.0	4.6069361259615E-10	2.2311144729994E-9	7.7761016337671E-9	7.5730877114638E-11	2.3976407838226E-8	-2.272188516079E-4	8.6693755407757E-14	0.11534865017983	
44.2	4.5708598246517E-10	2.2134894839803E-9	7.8897105434145E-9	7.5138602939382E-11	2.3921599337083E-8	-2.2734706906862E-4	8.6693851819756E-14	0.11534852199935	
44.48	4.5208322603496E-10	2.1890577914792E-9	7.7655585669235E-9	7.4317308497213E-11	2.3846095196187E-8	-2.2752756818744E-4	8.6693987759572E-14	0.11534834127032	
44.872	4.4517139227016E-10	2.1553168078132E-9	7.7493789202745E-9	7.3182583191966E-11	2.3742242739827E-8	-2.277741466349E-4	8.6694173350342E-14	0.11534809453006	
45.0	4.4293759942569E-10	2.1444141110021E-9	7.7624792844131E-9	7.2815850613168E-11	2.3708757668899E-8	-2.2785323732364E-4	8.6694232865646E-14	0.11534801540548	
45.2	4.3946923628247E-10	2.1274764296428E-9	7.8752228394075E-9	7.2246368743004E-11	2.3656157027127E-8	-2.2797422055992E-4	8.6694323835873E-14	0.11534789446142	
45.48	4.3466017252698E-10	2.1040005739519E-9	7.7514799771478E-9	7.1456775426899E-11	2.3583701098572E-8	-2.2814453620526E-4	8.6694452114156E-14	0.1153477239205	
45.872	4.2801693252458E-10	2.0715849229013E-9	7.7357597432615E-9	7.0366014700464E-11	2.3484055701242E-8	-2.2837694271959E-4	8.6694627042686E-14	0.11534749135848	
46.0	4.2587016868385E-10	2.0611116626986E-9	7.7489743656768E-9	7.0013528100291E-11	2.3451930510952E-8	-2.2845143161153E-4	8.6694683095834E-14	0.11534741683771	
46.2	4.2253712422289E-10	2.0448422099613E-9	7.860877054064E-9	6.9466201049655E-11	2.3401472074987E-8	-2.2856526930545E-4	8.6694768690833E-14	0.11534730304131	
46.48	4.1791601126618E-10	2.022294280704E-9	7.7375414258661E-9	6.870738058436E-11	2.3331969737658E-8	-2.2872554842783E-4	8.6694889417924E-14	0.11534714254142	
46.872	4.1153297013758E-10	1.9911628958954E-9	7.7222673290483E-9	6.7659225244025E-11	2.3236394003901E-8	-2.289440230296E-4	8.6695053864508E-14	0.11534692391742	
47.0	4.0947042108422E-10	1.9811052532112E-9	7.7355913734055E-9	6.7320528610785E-11	2.3205582805043E-8	-2.2901399601942E-4	8.6695106520034E-14	0.11534685391448	
47.2	4.0626823382656E-10	1.9654820575789E-9	7.8466762641649E-9	6.679463290632E-11	2.3157193194329E-8	-2.291208285951E-4	8.6695186845294E-14	0.11534674712526	
47.48	4.0182871616232E-10	1.9438306746403E-9	7.7237448387811E-9	6.6065554003537E-11	2.3090540637839E-8	-2.292712843018E-4	8.6695300181331E-14	0.11534659645315	
47.872	3.9569680082209E-10	1.9139386298012E-9	7.7089028445821E-9	6.5058530604929E-11	2.2998886990193E-8	-2.2947614835944E-4	8.6695454387499E-14	0.11534639144557	
48.0	4.1625753783279E-10	1.9312054378028E-9	7.7106201790474E-9	6.6398582594297E-11	2.4031205586835E-8	-2.2982400016714E-4	8.6695715211258E-14	0.11534604466696	
48.2	5.8648648074602E-10	2.3366056204757E-9	7.9012378504874E-9	7.8516287180335E-11	3.145379143703E-8	-2.2850255670447E-4	8.6694715284026E-14	0.11534737431032	
48.48	6.9327938831308E-10	2.7171017958165E-9	7.9210723268006E-9	8.628650071235E-11	3.5790320565241E-8	-2.2529595829612E-4	8.6692300037279E-14	0.11535058575991	
48.872	7.7298084833299E-10	3.1022819234143E-9	8.0686686355909E-9	9.4470106633804E-11	3.8207859077982E-8	-2.2056387910845E-4	8.6688738899413E-14	0.11535532087709	
49.0	7.9713007099047E-10	3.2213583451357E-9	8.125241166884E-9	9.7639126174292E-11	3.873562550017E-8	-2.1906767486424E-4	8.6687613141487E-14	0.11535681781255	
49.2	6.4978568545092E-10	2.9784364795577E-9	8.2849165284521E-9	8.9605231712553E-11	3.1276116239155E-8	-2.1797114179198E-4	8.6686794142172E-14	0.11535790664781	
49.48	5.9335071320801E-10	2.8523379909746E-9	8.0960507150456E-9	9.0193366981153E-11	2.7414132984904E-8	-2.1808353939737E-4	8.6686881588919E-14	0.11535779001762	
49.872	6.1132264586218E-10	2.8988614423454E-9	7.9927925602294E-9	9.7773123239744E-11	2.6284600136865E-8	-2.1863439934928E-4	8.6687296571908E-14	0.11535723799709	
50.0	6.2422774578995E-10	2.9404432232887E-9	7.9845395903578E-9	1.0055651779711E-10	2.6265973950569E-8	-2.187368467903E-4	8.6687373580205E-14	0.11535713558006	
50.2	6.4659362541036E-10	3.0209850646989E-9	8.0760931349314E-9	1.0484371037062E-10	2.6391373550954E-8	-2.187823157272E-4	8.6687407533391E-14	0.11535709043528	
50.48	6.779508569037E-10	3.1486144317601E-9	7.9183780121347E-9	1.1041751938376E-10	2.6698446964525E-8	-2.1862800308657E-4	8.6687291279245E-14	0.11535724506182	
50.872	7.1735969508129E-10	3.3291534920565E-9	7.8740176787862E-9	1.1714433686799E-10	2.7183506535905E-8	-2.1806547390069E-4	8.6686867789434E-14	0.11535780825834	
51.0	7.2882596481866E-10	3.3850058111128E-9	7.880549610886E-9	1.1907658706571E-10	2.7336875556914E-8	-2.1782359739496E-4	8.6686685735626E-14	0.11535805036398	
51.2	7.4531559566536E-10	3.4680887842909E-9	7.9913979264179E-9	1.2184317143912E-10	2.7567082152563E-8	-2.1739774459235E-4	8.6686365173396E-14	0.11535847666016	
51.48	7.6556701973159E-10	3.574127059154E-9	7.8559836412986E-9	1.2522875326206E-10	2.7862254580324E-8	-2.1673974798992E-4	8.6685870161391E-14	0.11535913494616	
51.872	7.887962539193E-10	3.7008773230699E-9	7.8282065187181E-9	1.2910595631598E-10	2.8218442982573E-8	-2.1575341506345E-4	8.6685128102347E-14	0.11536012176131	
52.0	7.952398200208E-10	3.7369567329123E-9	7.8382124386055E-9	1.3018164055058E-10	2.8320763586149E-8	-2.1542925122437E-4	8.6684884223466E-14	0.11536044608106	
52.2	8.0424671909347E-10	3.7882497938622E-9	7.9570191851742E-9	1.3168645486987E-10	2.8468204257782E-8	-2.1492381367176E-4	8.6684503902535E-14	0.11536095184665	
52.48	8.1483425126118E-10	3.8499519067862E-9	7.8292296561077E-9	1.3345711703563E-10	2.8647440748802E-8	-2.1423796402627E-4	8.6683988075029E-14	0.11536163782178	
52.872	8.2610386768465E-10	3.9180466410643E-9	7.8062997432152E-9	1.3534712056293E-10	2.8849018379837E-8	-2.1333545055219E-4	8.6683309227684E-14	0.11536254059512	
53.0	8.2900413295765E-10	3.9361880262415E-9	7.8172252834271E-9	1.3583519057818E-10	2.8903639348876E-8	-2.1305996889153E-4	8.6683102013266E-14	0.11536281616385	
53.2	8.3281466928331E-10	3.9607638590578E-9	7.9391470664513E-9	1.3647870569148E-10	2.898045149224E-8	-2.1264754705406E-4	8.6682791720411E-14	0.11536322881344	
53.48	8.3677655853808E-10	3.9878203241818E-9	7.8141771594648E-9	1.3715215836566E-10	2.9066696673939E-8	-2.1211804800908E-4	8.668239357229E-14	0.11536375830544	
53.872	8.3992576174579E-10	4.0127753017215E-9	7.7925947769806E-9	1.3769812256314E-10	2.9150211714577E-8	-2.1146677705213E-4	8.6681903786825E-14	0.11536440966696	
54.0	8.4043239836195E-10	4.0180950399736E-9	7.8036848936537E-9	1.3779005188658E-10	2.916925713502E-8	-2.1127740265206E-4	8.668176136204E-14	0.11536459907741	
54.2	8.4074240048515E-10	4.0238347883011E-9	7.9264423528815E-9	1.3785414530333E-10	2.9193719896797E-8	-2.1100180181344E-4	8.6681554011046E-14	0.11536487483158	
54.48	8.4026233655273E-10	4.026870568729E-9	7.8024159740488E-9	1.3779245976972E-10	2.9212226967652E-8	-2.1066504384958E-4	8.6681300868841E-14	0.1153652114865	
54.872	8.3800579310648E-10	4.0224333237491E-9	7.7809853575752E-9	1.3744372176301E-10	2.9211334836321E-8	-2.102787606988E-4	8.6681010429984E-14	0.11536559774028	
55.0	8.3692777702629E-10	4.019107219434E-9	7.7920059068566E-9	1.3727333704696E-10	2.9205243933177E-8	-2.101732970994E-4	8.6680931127508E-14	0.11536570320423	
55.2	8.3492920541623E-10	4.0122118532587E-9	7.9144885871734E-9	1.369551734981E-10	2.9192520818467E-8	-2.1002574542234E-4	8.6680820100219E-14	0.11536585085646	
55.48	8.3153872719271E-10	3.9992782850346E-9	7.7907088392109E-9	1.3641153769658E-10	2.9163622168959E-8	-2.0986090637216E-4	8.6680696277716E-14	0.11536601552596	
55.872	8.2577479758505E-10	3.9755290471205E-9	7.7691214354956E-9	1.3548181894738E-10	2.9104616567853E-8	-2.0969878280892E-4	8.6680574449017E-14	0.11536617753848	
56.0	8.2367657622594E-10	3.9665704846478E-9	7.7800376003461E-9	1.3514239555756E-10	2.908140776348E-8	-2.0966206894358E-4	8.6680546858136E-14	0.11536621422866	
56.2	8.2019984681288E-10	3.9514851860268E-9	7.9017199332452E-9	1.3457920445524E-10	2.9043189836146E-8	-2.0961763031E-4	8.6680513389531E-14	0.11536625873163	
56.48	8.149624454205E-10	3.9282939303249E-9	7.7780033444237E-9	1.3372933573255E-10	2.8982250081877E-8	-2.0958822101449E-4	8.66804914307E-14	0.11536628792699	
56.872	8.0700300140487E-10	3.8923046810902E-9	7.7563048252523E-9	1.3243538969365E-10	2.8884627641543E-8	-2.0959804301401E-4	8.6680498928572E-14	0.11536627794043	
57.0	8.0427331105088E-10	3.8798142207746E-9	7.7671566794561E-9	1.3199116021998E-10	2.8850181960593E-8	-2.0961313866133E-4	8.6680510305059E-14	0.11536626280553	
57.2	7.9988895632521E-10	3.8596287371187E-9	7.8878087933377E-9	1.3127722631555E-10	2.8795111516169E-8	-2.0964565440101E-4	8.6680534716816E-14	0.11536623033009	
57.48	7.9353240120096E-10	3.8301271293765E-9	7.7641795948976E-9	1.3024139062014E-10	2.8713325239116E-8	-2.0971600505823E-4	8.6680587789426E-14	0.11536615973713	
57.872	7.8427036196101E-10	3.7867507758232E-9	7.7425309639496E-9	1.2873078892178E-10	2.8591090073205E-8	-2.0985034041706E-4	8.668068893521E-14	0.11536602520374	
58.0	7.8117282830814E-10	3.7721632442413E-9	7.7533780242518E-9	1.2822532607858E-10	2.8549596306178E-8	-2.099024860644E-4	8.668072817726E-14	0.11536597300926	
58.2	7.7626680204583E-10	3.7489830960802E-9	7.8729154498221E-9	1.2742445688728E-10	2.8483886957523E-8	-2.0998965170482E-4	8.6680793692793E-14	0.11536588586857	
58.48	7.6928148382935E-10	3.7158487769792E-9	7.7494631371937E-9	1.2628372982613E-10	2.8389211507445E-8	-2.1013012829673E-4	8.6680899507646E-14	0.11536574513259	
58.872	7.5931540441772E-10	3.6683576558932E-9	7.7280353983841E-9	1.2465544490594E-10	2.8252204933416E-8	-2.1035074064286E-4	8.6681065542625E-14	0.11536552430273	
59.0	7.5602611793562E-10	3.6526366436234E-9	7.7389330576406E-9	1.2411786829438E-10	2.8206586546571E-8	-2.1042826098988E-4	8.6681123869039E-14	0.11536544672812	
59.2	7.5085561286195E-10	3.6278727480406E-9	7.8573393481203E-9	1.2327261002898E-10	2.8134620729579E-8	-2.1055260418055E-4	8.6681217347194E-14	0.1153653224006	
59.48	7.4356709686523E-10	3.5928926113746E-9	7.7341569670437E-9	1.2208085150563E-10	2.803261504496E-8	-2.1074026665228E-4	8.6681358650976E-14	0.11536513446948	
59.872	7.3329236111674E-10	3.5434584250192E-9	7.7130907620696E-9	1.2040030543081E-10	2.7887646265794E-8	-2.1101798891137E-4	8.6681567638771E-14	0.1153648565198	
60.0	7.2992722438345E-10	3.5272409180011E-9	7.7240821447615E-9	1.1984979491675E-10	2.78399139865E-8	-2.11112065678E-4	8.668163841743E-14	0.11536476238617	
