# Time [h]	Lignin [g/L]	Initial_Substrate [g/L]	Substrate [g/L]	MO_AcidoLCFA [g/L]	MO_hydroM [g/L]	MO_Acetic [g/L]	Proteins [g/L]	AA [g/L]	MO_acetoM [g/L]	MO_Propionic [g/L]	MO_ButyricValeric [g/L]	MO_AcidoMS [g/L]	MO_AcidoAA [g/L]	Nitrogen [g/L]	SUM [g/L]
0.2	6.989194845931	0.0	0.0040391060426999	0.15617312693222	0.36661542375213	0.11782947492313	0.11401899988946	0.0033798596652157	0.21256054145086	0.12930338475881	0.2233675276533	0.80057102135135	0.11676259182636	2.1254027502959	11.359218654473	
0.48	6.9892375013618	0.0	0.0096397625876701	0.15613528778791	0.37078095128836	0.11826166712424	0.10142376470004	0.003395774740775	0.21397522607366	0.12952270603756	0.22373746857114	0.80291916786788	0.11759988005108	1.7072512582523	10.943880416444	
0.872	6.9893601479599	0.0	0.017375461146	0.1561035453767	0.37661021501167	0.1188552937251	0.086162585561751	0.0028303067801637	0.21589446909686	0.12997042819241	0.22433498455696	0.8057019094181	0.11865114094991	1.2995366967639	10.541387184539	
1.0	6.9894170308388	0.0	0.01987575388938	0.15609797925845	0.37844378142477	0.11904592533342	0.081692956251731	0.0026546298476206	0.21650394953362	0.13012714171947	0.22451717877337	0.80650329026884	0.11895808469675	1.1903275592895	10.434165261126	
1.2	6.9895102821728	0.0	0.019717390590828	0.15609404859064	0.38121553539802	0.11933836778988	0.075180097378868	0.0024086293350731	0.21742843708297	0.13037406119641	0.22478032708293	0.80765476074801	0.11940222362337	1.0385958467999	10.28170000779	
1.48	6.9896387799087	0.0	0.019497806238477	0.15609929181945	0.3848681968447	0.11973252320621	0.066939606923676	0.0021092593539076	0.21864698392997	0.13071125863485	0.22510387831738	0.80907934345904	0.11995826125821	0.85876183917262	10.101147029067	
1.872	6.9898148760422	0.0	0.019194506033996	0.15612994413301	0.38949955843936	0.12023956655503	0.056926870658234	0.0017597388753075	0.22014750748889	0.13114607245343	0.22547772760696	0.81074864460549	0.12062312946081	0.65875679740885	9.9004649397616	
2.0	6.9898735492131	0.0	0.019096485258774	0.15614574186405	0.39089392091345	0.12039309180108	0.053987723484677	0.0016578624471813	0.22058492316331	0.13127657353832	0.2255827960309	0.81122360358449	0.1208158545735	0.60374083227683	9.8452729581497	
2.2	6.9899643286806	0.0	0.018944331337795	0.15617780747234	0.39293788349011	0.1206135837516	0.049702213227055	0.0015138381082358	0.2211919669927	0.13146755210691	0.22573092830984	0.81190007503466	0.12109400827668	0.52696818250874	9.7682066992972	
2.48	6.9900897034238	0.0	0.01873335524045	0.15623967327533	0.39551300450397	0.12087741266784	0.044279613469289	0.0013358288529803	0.22187956042429	0.13170764053644	0.2259083078431	0.81272403368379	0.12144059181244	0.4358954141543	9.676624139888	
2.872	6.9902619588564	0.0	0.018441941829264	0.15636071385585	0.39861307573797	0.12116652028617	0.037690261727184	0.0011248511100671	0.22258456348649	0.13199131662162	0.22610483095869	0.81366378292359	0.1218516192447	0.3347469550977	9.5746023917357	
3.0	6.9903183521978	0.0	0.018347763722878	0.1564075333693	0.39952530122254	0.12124721532533	0.035755975875783	0.0010631742969233	0.22277354045662	0.13207219587225	0.22615787421278	0.81392441592589	0.12196983845149	0.30694322356632	9.5465064044959	
3.2	6.9904057250351	0.0	0.018201574239917	0.15648911892921	0.40085237955346	0.1213582917005	0.032935500966976	9.7506230938663E-4	0.22302750205908	0.1321870278824	0.22623033925645	0.81428850369215	0.12213956747473	0.26815348467227	9.5072440777717	
3.48	6.9905266113656	0.0	0.017998867696399	0.15661975430775	0.40253326589065	0.12148956496371	0.02936640186456	8.6522611556383E-4	0.22331972155348	0.13232596258175	0.22631226744848	0.81471721737852	0.12234915083574	0.22211385131772	9.4605378633199	
3.872	6.9906931294818	0.0	0.01771887506312	0.15682969554055	0.40461574288289	0.12164340112269	0.025028874636912	7.3393751964984E-4	0.22365485217438	0.13248264512496	0.2263931602854	0.81517667700052	0.12259393967374	0.17087643252189	9.4084413630285	
4.0	6.9907472632006	0.0	0.017628389024443	0.15690372775285	0.4052409013356	0.12168849875073	0.023755521814998	6.9550305344208E-4	0.22375187252158	0.1325257879262	0.22641228424448	0.81529622493018	0.12266336070342	0.15677224654492	9.3940815818035	
4.2	6.9908312052994	0.0	0.017487930352582	0.15702540366545	0.40616706363093	0.12175398454934	0.021898664205142	6.4025208354637E-4	0.22389188996064	0.13258564219614	0.22643535700361	0.81545460952347	0.12276201322817	0.13706898841607	9.3740030041145	
4.48	6.990947455059	0.0	0.017293169583814	0.15720747101063	0.40736958777266	0.12183696431913	0.019548711067382	5.7107305013455E-4	0.22406794676861	0.1326554085774	0.22645488068776	0.81562297536732	0.12288172619384	0.11364088610054	9.3500982555582	
4.872	6.9911077768705	0.0	0.017024150954917	0.15748134763829	0.40889360806126	0.12193900952954	0.016692361096973	4.8802955048841E-4	0.22428257266798	0.13272907929202	0.22646005442752	0.815765925087	0.12301738692563	0.087526432978073	9.3234077350802	
5.0	6.9911597225124	0.0	0.016937212311779	0.15757462384985	0.40935682109627	0.12196934769395	0.01585373632139	4.6370852446173E-4	0.22434598580336	0.13274803627525	0.22645695493449	0.81579248909415	0.12305477144545	0.080332376303405	9.3160457861662	
5.2	6.9912403050335	0.0	0.016802259943725	0.15772418761968	0.41004879475248	0.12201393552941	0.014630704247476	4.286486478545E-4	0.22443889503119	0.13277288552905	0.22644764266974	0.81581525895029	0.12310673726723	0.070277005284397	9.305747260506	
5.48	6.991351954463	0.0	0.01661513384907	0.15794087153455	0.41095720132263	0.12207109150008	0.013082665834269	3.8468478571148E-4	0.22455753234386	0.13279877934568	0.2264262113431	0.81581192128017	0.12316739281888	0.058312488489449	9.2934779289105	
5.872	6.99150601989	0.0	0.016356659978753	0.15825494836607	0.412123046948	0.12214174543207	0.011200610169311	3.3187416184958E-4	0.22470357269538	0.13281971234202	0.22638163617489	0.81574601242304	0.12323130430877	0.04496745963065	9.2797646025208	
6.0	6.9915558613282	0.0	0.016273129745385	0.15835953521371	0.41248049191715	0.12216276763884	0.010647939756364	3.16414316873E-4	0.22474690004779	0.13282326626473	0.22636392907327	0.81571120255941	0.12324762319586	0.041289773712546	9.2759788347701	
6.2	6.9916331958036	0.0	0.016143468003388	0.15852448499121	0.41301695120311	0.12219363459685	0.00984182950603	2.9414444726439E-4	0.22481044720479	0.1328257446085	0.22633331675792	0.81564442553815	0.12326887812722	0.036148836450807	9.2706793572388	
6.48	6.9917403687941	0.0	0.015963677662938	0.15875785404594	0.4137253127624	0.12223305740276	0.0088212902445833	2.6626366260765E-4	0.22489152878835	0.13282345486176	0.2262849265542	0.81552765579283	0.12329067100316	0.030031928952099	9.2643579905277	
6.872	6.9918882935316	0.0	0.015715335959267	0.15908603125479	0.41464023323994	0.12228131797213	0.0075801441148444	2.3288934657463E-4	0.22499078797716	0.13281027419775	0.22620756806383	0.81532366438975	0.12330734564014	0.023212094643738	9.2572759803315	
7.0	6.991936112792	0.0	0.01563508057233	0.15919318226439	0.41492195787759	0.12229554244481	0.0072155810506623	2.2313372388457E-4	0.22502005961839	0.13280382489915	0.22618022970649	0.81524825965268	0.12330979332375	0.021333548827465	9.2553163067536	
7.2	6.9920103154605	0.0	0.015510502179225	0.15935977489005	0.41534531676365	0.122316223955	0.006683736315211	2.091533450381E-4	0.22506267652269	0.13279172845525	0.22613556465211	0.81512222182118	0.12331081889668	0.018709627687745	9.2525676609443	
7.48	6.9921131559005	0.0	0.015337760272473	0.15959051803517	0.41590464608994	0.12234214886639	0.0060102132954322	1.9174501148528E-4	0.2251162626809	0.13277100059086	0.22606937319376	0.81493033230173	0.12330700386457	0.015592698030556	9.2492768581338	
7.872	6.9922551113906	0.0	0.015099154070373	0.15990578725373	0.41662604932305	0.12237274719914	0.0051907076706442	1.7106976021106E-4	0.22517996192629	0.13273539180511	0.22597034532625	0.81463480108501	0.12329253953352	0.012129522047727	9.2455631883917	
8.0	6.9923009837499	0.0	0.015022045175361	0.1600067281962	0.41684787364633	0.12238147310168	0.0049498989675998	1.650339074516E-4	0.2251982569561	0.13272234817473	0.22593663792409	0.8145324662222	0.12328584171359	0.011178454659633	9.2445280423949	
8.2	6.992372167263	0.0	0.014902350929729	0.16016149266888	0.41718034535911	0.12239378156987	0.0045984956678197	1.5646114253793E-4	0.22522424611321	0.13270062569261	0.22588267698688	0.81436709026701	0.12327352732978	0.0098542190460552	9.2430674800365	
8.48	6.9924708265308	0.0	0.014736381317129	0.16037151347278	0.41761742261193	0.12240838009712	0.0041532857683923	1.4584762006886E-4	0.22525550160265	0.13266769520392	0.22580470829212	0.81412529572304	0.12325282414466	0.0082902735887418	9.2412999559733	
8.872	6.9926070188255	0.0	0.01450712935469	0.1606507139116	0.41817651459452	0.1224238319245	0.0036112067793493	1.3326129895343E-4	0.2252896150389	0.13261722506299	0.22569135479613	0.81376889205251	0.12321782872457	0.0065709051430223	9.2392654975073	
9.0	6.9926510222258	0.0	0.014433043629205	0.16073847561865	0.41834744154647	0.12242778688831	0.0034518278719815	1.2955400869292E-4	0.22529865125828	0.13259981259589	0.22565344133254	0.81364863809518	0.12320510278603	0.0061028602653817	9.2386876581224	
9.2	6.9927193088588	0.0	0.014318042136427	0.16087141212737	0.41860244818566	0.12243281729165	0.0032191581926954	1.2427711984E-4	0.22531057026042	0.13257172112121	0.22559335209777	0.81345708213759	0.12318400132308	0.005456353929508	9.237860544782	
9.48	6.9928139608243	0.0	0.014158579494318	0.1610488895395	0.41893548106653	0.12243761206638	0.0029241902287394	1.1762564921162E-4	0.22532296927958	0.13253074478954	0.22550764559266	0.81318207154193	0.12315218620051	0.0047031091771674	9.2368350654504	
9.872	6.9929446400867	0.0	0.013938315417362	0.16128054741245	0.41935847052626	0.12244020917055	0.0025646873809758	1.0935817590334E-4	0.22533250888374	0.13247055707295	0.22538494470096	0.81278516929187	0.12310371148256	0.003893103756256	9.2356062233585	
10.0	6.9929868627072	0.0	0.013867134390767	0.16135261082193	0.41948735420702	0.12244019078414	0.002458901267461	1.0682575567008E-4	0.2253339807396	0.13245030778964	0.22534430118843	0.81265299374048	0.12308703319417	0.003676374299605	9.2352448708861	
10.2	6.9930523915243	0.0	0.013756641778283	0.16146127363077	0.41967951708524	0.12243929408934	0.0023043795670428	1.0305810877053E-4	0.22533464221916	0.13241811149254	0.2252802570447	0.8124440421402	0.12306018192233	0.0033810318159792	9.2347148224186	
10.48	6.9931432326251	0.0	0.013603431191339	0.16160589486281	0.41993076930838	0.12243640851793	0.0021083052083599	9.800294010537E-5	0.22533249572181	0.13237201127941	0.2251895989836	0.81214698300406	0.12302111163169	0.0030441289329932	9.2340323742076	
10.872	6.993268673517	0.0	0.013391802968327	0.16179532746961	0.42025224624477	0.12242955338805	0.0018689935200917	9.1179311770126E-5	0.22532418637527	0.13230574001883	0.2250609810278	0.81172322334487	0.12296385453027	0.0026924721141159	9.2331682338308	
11.0	6.993309206662	0.0	0.01332341281513	0.1618545994291	0.42035096084569	0.12242674428018	0.0017984912733118	8.9017981910906E-5	0.22532039685992	0.1322837328338	0.22501861891593	0.8115831348831	0.12294460181866	0.0026003928971493	9.2329033114959	
11.2	6.9933721186803	0.0	0.013217252405745	0.16194460029958	0.42049932737309	0.12242182979627	0.001695423423033	8.5672480302084E-5	0.22531348882947	0.13224901037031	0.22495209362157	0.81136264108189	0.12291400552778	0.0024766996552601	9.2325041635446	
11.48	6.9934593419793	0.0	0.013070048906506	0.16206590636168	0.42069585849997	0.12241399217313	0.0015644693308352	8.1065117798075E-5	0.22530201526075	0.13219977674495	0.2248583342108	0.81105092775173	0.12287020256617	0.0023386475649714	9.2319705864686	
11.872	6.9935798039693	0.0	0.012866718191484	0.16222817728729	0.42095265094018	0.1224014073892	0.0014043157034664	7.4822085366344E-5	0.22528290075241	0.13212978153811	0.22472599120048	0.81060923510117	0.1228071906002	0.0021986367482958	9.231261631507	
12.0	6.9936187307406	0.0	0.01280100952774	0.16227972490315	0.4210327049694	0.12239696924515	0.0013570547478892	7.2871084683591E-5	0.22527603267765	0.13210669178539	0.22468254016385	0.81046384166267	0.12278624520717	0.0021627793888506	9.2310371961042	
12.2	6.993679152749	0.0	0.012699011528449	0.16235882825537	0.42115431980072	0.12238974365548	0.0012878827064523	6.9881935621349E-5	0.22526474692154	0.13207039953826	0.22461443001072	0.81023557847962	0.12275317644236	0.0021153822898856	9.2306925343135	
12.48	6.9937629296685	0.0	0.012557579679748	0.16246699222453	0.42131773942575	0.12237908798443	0.0011998341952295	6.5860246474432E-5	0.22524791102864	0.13201918469138	0.22451866329539	0.80991394577053	0.12270623278128	0.0020642008819438	9.2302201618738	
12.872	6.9938786415018	0.0	0.012362221268294	0.16261422637907	0.4215352129911	0.12236323187235	0.0010918482183709	6.0610050353365E-5	0.22522252029499	0.13194676438754	0.2243838637127	0.80946001983803	0.12263937789014	0.0020152732348329	9.2295738116396	
13.0	6.9939160346268	0.0	0.012299088978282	0.16266147579486	0.42160379379581	0.12235785313505	0.0010599071935268	5.9004347734911E-5	0.22521383433681	0.13192295499123	0.22433968678762	0.80931099166007	0.12261729888853	0.0020034898442088	9.2293654143805	
13.2	6.9939740779153	0.0	0.012201090219733	0.16273439351168	0.42170865579931	0.12234925833706	0.0010130815004408	5.6590927482547E-5	0.22519988633958	0.13188560218616	0.22427051134291	0.8090773822125	0.12258256979261	0.0019889046199241	9.2290420047047	
13.48	6.9940545598923	0.0	0.012065203767936	0.16283472777861	0.42185063250238	0.12233685516808	9.533257525372E-4	5.3415482267023E-5	0.22517962123913	0.13183301983107	0.22417338305673	0.80874889316369	0.1225335122442	0.0019756247414227	9.2285927746203	
13.872	6.9941657260004	0.0	0.011877505140788	0.16297204573043	0.42204115973316	0.12231882415175	8.7975261830636E-4	4.9369250813335E-5	0.22514990787281	0.13175888681107	0.22403690586637	0.80828646615031	0.12246406677506	0.0019677948146952	9.2279684109159	
14.0	6.9942016508309	0.0	0.011816848218988	0.16301620013624	0.42210152148857	0.12231278660651	8.5792058725043E-4	4.8143897193296E-5	0.22513990024312	0.13173456317764	0.22399223241596	0.8081349034282	0.12244122312767	0.0019672229231776	9.2277651170814	
14.2	6.9942574159572	0.0	0.011722691912801	0.16308435838284	0.42219397666263	0.12230319385574	8.2584348885159E-4	4.6320231793433E-5	0.22512393816081	0.13169644714276	0.22392232798059	0.80789755605935	0.12240537385561	0.0019683868020489	9.227447830493	
14.48	6.9943347408295	0.0	0.011592133453475	0.16317804882596	0.42231928819014	0.12228944278481	7.8476727604007E-4	4.3943743318568E-5	0.22510093082725	0.13164287303248	0.22382426889915	0.8075642567558	0.12235488998269	0.0019742337009464	9.2270038183016	
14.872	6.9944415489594	0.0	0.011411794315658	0.16330580955574	0.42248743839378	0.12226960323734	7.3392626305576E-4	4.0938209080019E-5	0.22506750232929	0.13156749091718	0.22368664931393	0.80709583606007	0.12228369646545	0.0019888462042808	9.2263810802242	
15.0	6.9944760657585	0.0	0.011353515710994	0.16334673922349	0.42254065718998	0.12226298921779	7.1877488161064E-4	4.0028133820112E-5	0.22505630296837	0.13154279144347	0.22364163891	0.80694247913434	0.12226033663909	0.0019947689195841	9.2261770881311	
15.2	6.9945296457114	0.0	0.011263051207555	0.16340971852595	0.42262203613097	0.12225250088159	6.9644759051384E-4	3.8677471326511E-5	0.22503848339565	0.13150411748445	0.22357124125321	0.80670247854106	0.12222373120751	0.0020054309967616	9.2258575603979	
15.48	6.9946039413831	0.0	0.011137611848659	0.16349581531066	0.42273194078764	0.1222374994838	6.6772583530298E-4	3.6919202040764E-5	0.22501287264262	0.13144981866717	0.22347255516976	0.80636575024333	0.12217228415691	0.0020234643634691	9.2254081990945	
15.872	6.9947065664642	0.0	0.0109643436627	0.16361214152983	0.42287847243625	0.12221590359032	6.3193107325176E-4	3.4691051933133E-5	0.22497577210983	0.13137352434254	0.22333417047981	0.80589302911386	0.12209990903784	0.0020534751394556	9.2247739300318	
16.0	6.9947397314782	0.0	0.010908350125822	0.16364913449313	0.42292459452303	0.12220871239846	6.2120438901269E-4	3.4012998144516E-5	0.22496336321788	0.13134855030477	0.22328893526866	0.80573837797371	0.12207619987158	0.0020640699087522	9.2245652369512	
16.2	6.9947912131766	0.0	0.010821432676878	0.16370574660493	0.42299481319288	0.12219731666838	6.0533743462562E-4	3.3006056414669E-5	0.22494364043535	0.13130946904666	0.22321820957968	0.80549645678204	0.12203908239246	0.0020817307657069	9.2242374548126	
16.48	6.9948625994278	0.0	0.010700911709258	0.16378247868998	0.42308893417787	0.1221810298994	5.8480765689255E-4	3.1691022259313E-5	0.22491533193209	0.13125464155229	0.22311910827974	0.80515723254766	0.12198698229045	0.0021089699086311	9.2237747190944	
16.872	6.9949612056257	0.0	0.010534437240019	0.16388476887965	0.42321290538821	0.12215759172989	5.5900068475432E-4	3.001423702953E-5	0.22487436545385	0.13117768108358	0.22298021956808	0.80468135528058	0.12191380423521	0.0021509240615736	9.2231182734681	
17.0	6.9949930716812	0.0	0.010480639175538	0.16391696200279	0.42325154284891	0.12214978746601	5.5121382992104E-4	2.9500470686592E-5	0.22486067077694	0.13115250605514	0.2229348367839	0.80452574804585	0.12188985718695	0.0021651875204289	9.2229015238443	
17.2	6.9950425368505	0.0	0.010397129704693	0.1639658565401	0.42330993609233	0.12213742260363	5.3964196781847E-4	2.8735950425442E-5	0.22483891694207	0.13111312626058	0.22286389636301	0.80428240194943	0.12185239060714	0.0021883587136005	9.2225603505453	
17.48	6.9951111264654	0.0	0.010281334283858	0.1640313534519	0.4233872499318	0.12211975475609	5.24564048077E-4	2.7732721638909E-5	0.22480771828214	0.13105791031244	0.22276452436187	0.8039413138309	0.12179984434513	0.0022228207672562	9.2220772475585	
17.872	6.9952058685579	0.0	0.010121387159236	0.16411709510456	0.42348713894959	0.12209432748019	5.0541449480058E-4	2.6444128298173E-5	0.2247626005797	0.13098045773295	0.22262530887631	0.80346305723431	0.12172611591939	0.0022739962444016	9.2213892124617	
18.0	6.9952364854814	0.0	0.010069698483269	0.16414370319904	0.42351778769926	0.12208586035312	4.9958976050568E-4	2.6046644416293E-5	0.22474752563934	0.13095513339108	0.22257983081616	0.80330672387627	0.12170200535187	0.0022910436261112	9.2211614343218	
18.2	6.9952840112664	0.0	0.0099894633648715	0.16418369064296	0.42356356529826	0.12207244606807	4.9088717858757E-4	2.545370553167E-5	0.2247235903591	0.13091553100429	0.22250875221645	0.80306229052798	0.12166429838563	0.0023183509536348	9.2208023309718	
18.48	6.9953499108223	0.0	0.0098782082043853	0.1642363685682	0.42362296664296	0.12205328113879	4.7945652945441E-4	2.467172774751E-5	0.22468928813227	0.13086002372526	0.22240920693518	0.80271977017357	0.12161144405521	0.0023581422593886	9.2202927389147	
18.872	6.9954409352337	0.0	0.009724532491883	0.16430356522192	0.42369732476612	0.12202570498352	4.647706613183E-4	2.3660188388567E-5	0.22463973365139	0.1307821986471	0.22226978402062	0.80223966699976	0.12153733402511	0.0024158464062278	9.2195650572971	
19.0	6.9954703501932	0.0	0.0096748704949765	0.16432399629758	0.42371954736429	0.12201652489491	4.6026392245807E-4	2.3346365582241E-5	0.22462319119935	0.13075676038737	0.2222242459057	0.80208276579779	0.12151310968976	0.0024347913512648	9.2193237638642	
19.2	6.9955160096846	0.0	0.0095977813413833	0.16435420985494	0.42375205939269	0.12200198354314	4.5349117457308E-4	2.2877032134402E-5	0.22459694112163	0.13071698729732	0.2221530806922	0.80183747819783	0.12147523512291	0.0024648656714511	9.2189430001268	
19.48	6.9955793203016	0.0	0.0094908884179032	0.16439296712072	0.42379270084215	0.12198121483851	4.4451856910051E-4	2.2255079277145E-5	0.22455935585491	0.13066125487047	0.22205342780769	0.80149382469464	0.1214221653019	0.0025081524886629	9.2184020461875	
19.872	6.9956667663082	0.0	0.0093432382173934	0.16444033970598	0.42384053955513	0.12195135362788	4.328503093626E-4	2.1445152700742E-5	0.22450514491428	0.13058313877282	0.22191387814347	0.80101224649225	0.12134778707645	0.002569922851314	9.2176286511273	
20.0	6.9956950242645	0.0	0.009295523432846	0.16445424162066	0.42385406726867	0.12194142035775	4.2923686943555E-4	2.1192634119478E-5	0.22448707277495	0.13055761076413	0.22186830386418	0.8008548884437	0.12132348248158	0.0025899923316748	9.2173720571082	
20.2	6.995738887254	0.0	0.0092214568901511	0.16447419400998	0.4238729441622	0.12192569215318	4.2377444106268E-4	2.081393849342E-5	0.22445841780404	0.13051770247479	0.22179708709729	0.80060891059525	0.12128548940425	0.0026216799329503	9.2169670501576	
20.48	6.9957997057772	0.0	0.0091187551603347	0.16449846263836	0.42389439939541	0.12190324209561	4.1647544489197E-4	2.030963721611E-5	0.2244174372161	0.13046179037059	0.22169737144348	0.80026433567887	0.12123226667324	0.00266701236179	9.2163915638931	
20.872	6.9958837074613	0.0	0.0089768942133473	0.16452545078424	0.42391532875255	0.12187100432066	4.068705517598E-4	1.96483674576E-5	0.22435844865016	0.1303834397047	0.22155775048322	0.79978154782096	0.12115769719485	0.0027311234855586	9.2155689117908	
21.0	6.9959108518728	0.0	0.0089310502908947	0.16453269348973	0.42392008294329	0.12186029238026	4.0387006593997E-4	1.9441191466624E-5	0.22433881625492	0.1303578388408	0.22151215656859	0.79962381280183	0.12113333515011	0.0027518282969207	9.2152960701475	
21.2	6.9959529860035	0.0	0.0088598878429237	0.16454223062852	0.42392524585566	0.12184334134099	3.9930891442523E-4	1.9129479510488E-5	0.22430771647868	0.13031782033011	0.22144091261409	0.79937726327108	0.12109525704613	0.0027844521681454	9.2148655519737	
21.48	6.9960114066846	0.0	0.0087612129716934	0.16455187990757	0.42392748309387	0.12181916651018	3.9316540014836E-4	1.8712118939974E-5	0.22426329872887	0.13026176086953	0.22134116556266	0.79903192112711	0.12104192422758	0.0028310862541323	9.2142541834569	
21.872	6.9960920953102	0.0	0.0086249142861152	0.16455844853481	0.42392159515793	0.12178450486216	3.8499321786586E-4	1.8160601362682E-5	0.22419950013278	0.13018321637565	0.2212015125015	0.79854811892785	0.12096721640265	0.0028968760660427	9.2133811523769	
22.0	6.9961181688846	0.0	0.0085808678704818	0.16455905026974	0.42391763350476	0.12177300168063	3.8242031631033E-4	1.7986891217805E-5	0.22417830228251	0.13015755500058	0.22115591073326	0.79839006624235	0.12094281265809	0.0029180798837445	9.2130918562183	
22.2	6.9961586407616	0.0	0.0085124956501827	0.16455822890946	0.42390919947159	0.12175481166167	3.784898810585E-4	1.7724550467485E-5	0.22414475623852	0.13011744467179	0.22108465705225	0.79814303350625	0.12090467270636	0.0029514966606928	9.2126356517219	
22.48	6.9962147566156	0.0	0.0084176897490228	0.16455339277335	0.42389243988578	0.1217288958873	3.7315894826273E-4	1.7371239034083E-5	0.22409691141547	0.13006126194729	0.22098490125373	0.79779704009371	0.12085125955957	0.00299934298959	9.2119884223577	
22.872	6.9962922619843	0.0	0.0082867352371404	0.16453981670259	0.42386012701806	0.12169179730861	3.6600175165936E-4	1.6900620595358E-5	0.22402833408747	0.12998255440299	0.22084524465408	0.79731237205417	0.12077645036197	0.003066855575123	9.2110654517587	
23.0	6.9963173069758	0.0	0.0082444158507045	0.1645338856664	0.42384759497857	0.12167950058027	3.6373356485655E-4	1.6751618931051E-5	0.22400558431828	0.12995684191891	0.22079964367343	0.797154047174	0.12075201597451	0.0030885953231622	9.2107599176178	
23.2	6.9963561824521	0.0	0.0081787244578343	0.16452290332668	0.42382582214066	0.12166007239209	3.6025442005686E-4	1.6525785346887E-5	0.22396962134007	0.12991665385697	0.22072839312138	0.79690659940897	0.12071383049414	0.0031228394095498	9.2102784226059	
23.48	6.9964100852812	0.0	0.0080876358316346	0.16450393709992	0.42379051937148	0.12163242691416	3.5550849225131E-4	1.622010153117E-5	0.2239184093125	0.12986036639891	0.22062864532515	0.79656004473196	0.12066035806099	0.0031718150626491	9.2095959719843	
23.872	6.9964845350546	0.0	0.0079618159600485	0.16447086850963	0.42373258596961	0.12159292445883	3.4908870831762E-4	1.5810373672559E-5	0.2238451685594	0.12978151951564	0.22048900638706	0.79607462725621	0.12058547379198	0.0032406484555823	9.2086240730005	
24.0	6.9965042453564	0.0	0.0079278414417435	0.16445885144498	0.42370896993131	0.12157902472302	3.4454737820739E-4	1.5593778330841E-5	0.22381934178823	0.12975560009055	0.22044319834819	0.79591602948113	0.12056101714376	0.0032670306629206	9.2083012915687	
24.2	6.9965509909317	0.0	0.011904288592701	0.16443745669379	0.42368607939261	0.12156200896968	3.4823840632329E-4	1.5509849480332E-5	0.22378800034557	0.12971593038747	0.22037293104869	0.79566805646275	0.12052278402848	0.0032797411876229	9.2118520162968	
24.48	6.9966478604138	0.0	0.01741808229094	0.16440324287183	0.42366676357578	0.12154255959978	3.7374644699271E-4	1.6252197063243E-5	0.22375259069012	0.1296615991213	0.22027594750602	0.79532162961968	0.120469318183	0.0032764371604475	9.2168260296768	
24.872	6.9968443363404	0.0	0.02503422542902	0.16434899019231	0.42364868862738	0.1215180064732	4.4432271459955E-4	1.8936900810958E-5	0.22370827813508	0.12958708700528	0.2201414153459	0.79484096025337	0.12039490387018	0.0032660925601753	9.2237962438477	
25.0	6.9969236400131	0.0	0.027495473561632	0.16433000021879	0.42364454951204	0.12151026166439	4.7478973232913E-4	2.0161403007222E-5	0.22369434956358	0.12956310262058	0.22009774824604	0.79468588812464	0.12037080629782	0.0032626964775189	9.2260734674354	
25.2	6.9970530568522	0.0	0.027276389882906	0.16429943469908	0.42362934352688	0.12149521564437	5.226093541313E-4	2.2268708239829E-5	0.22366685501906	0.1295254206311	0.22002891748598	0.79444576113349	0.12033338518773	0.0032767323774226	9.2255753905026	
25.48	6.9972324987182	0.0	0.026972605200724	0.16425474955249	0.4235928657521	0.12146921083039	5.8196103891267E-4	2.4972216335791E-5	0.22361878252046	0.12947212264192	0.21993165486508	0.79411385765646	0.12028148280399	0.0033223724666242	9.2248691362637	
25.872	6.9974803591991	0.0	0.026552990090722	0.1641882021397	0.42353387663442	0.12142971762507	6.5188691671638E-4	2.8117533320591E-5	0.22354553692675	0.12939745270945	0.21979554876543	0.7936564894995	0.12020966670548	0.0033906045246877	9.2238604492703	
26.0	6.9975604579828	0.0	0.026417387080658	0.16416559745786	0.42351452488829	0.12141661277614	6.7187051797186E-4	2.9012672414432E-5	0.22352121539457	0.12937318081194	0.2197512531317	0.79350867941644	0.12018639546345	0.0034107742731641	9.2235269618674	
26.2	6.9976847961984	0.0	0.026206893679214	0.16412931345951	0.42348458375946	0.12139606061237	7.0045402284445E-4	3.0285920087894E-5	0.22348306432982	0.12933540789138	0.21968221894422	0.79327913489685	0.12015019856916	0.0034398410947665	9.2230022533781	
26.48	6.9978572116665	0.0	0.025915020485764	0.16407659284641	0.42344340187639	0.12136725838151	7.355138564982E-4	3.1842953017789E-5	0.22342959041367	0.1292828841352	0.21958593952736	0.79296036647457	0.12009982620317	0.0034758653723512	9.2222613141924	
26.872	6.9980953796633	0.0	0.025511858722942	0.16399960850096	0.42338792396642	0.12132704250407	7.7601291844527E-4	3.3640804827919E-5	0.22335492074425	0.12921008375193	0.21945181758652	0.79251845860458	0.12002981716139	0.003517308755017	9.2212138736846	
27.0	6.9981723480005	0.0	0.025381572687081	0.16397383419436	0.42337034823602	0.12131394929646	7.8738171746874E-4	3.4147085365873E-5	0.22333061009762	0.12918648267004	0.2194081675104	0.79237506835745	0.12000706389957	0.0035288582571457	9.2208698320095	
27.2	6.9982918270429	0.0	0.0251793327224	0.16393289240758	0.42334333191772	0.12129351823216	8.0342680423097E-4	3.4861888280764E-5	0.22329267481945	0.12914976902456	0.21934009837749	0.79215184613467	0.11997160944402	0.0035452828708073	9.2203304716863	
27.48	6.9984575040225	0.0	0.024898903894391	0.1638742684924	0.42330607993123	0.1212649595178	8.2266671454696E-4	3.5720591170201E-5	0.22323964834558	0.12909867995427	0.21924505037702	0.79184083803827	0.11992215161511	0.0035656706842858	9.2195721421786	
27.872	6.9986863616275	0.0	0.024511550183956	0.16379008294323	0.42325511556009	0.12122506749676	8.4402820544723E-4	3.6678158630775E-5	0.22316557887515	0.12902769068516	0.21911240439366	0.79140790881147	0.11985320736493	0.0035894263901762	9.2185051006961	
28.0	6.9987603210462	0.0	0.024386372631612	0.163762175751	0.42323871201076	0.12121206136681	8.498009495422E-4	3.6938464669012E-5	0.2231414297816	0.12900462258029	0.2190691792544	0.79126704370199	0.11983075534607	0.0035961426848898	9.2181555555698	
28.2	6.9988751286138	0.0	0.024192062456329	0.16371813749532	0.42321325727575	0.12119174878643	8.5770798998397E-4	3.7296391125797E-5	0.22310371430835	0.12896868104036	0.21900172005332	0.79104738974663	0.11979572849723	0.0036057985011755	9.2176083711558	
28.48	6.9990343264656	0.0	0.023922629203216	0.16365564753028	0.42317769121542	0.12116332071397	8.6669348046037E-4	3.7705749037341E-5	0.2230509297954	0.12891854937622	0.21890742367346	0.79074067098886	0.11974678866353	0.0036180540082532	9.2168404308637	
28.872	6.9992542316445	0.0	0.023550463608144	0.16356681911545	0.42312810810607	0.12112353754005	8.756757475206E-4	3.8120536058415E-5	0.2229770600793	0.12884867091368	0.21877565211001	0.79031252687442	0.11967843030901	0.0036327543228049	9.2157620509071	
29.0	6.9993252977426	0.0	0.023430194224192	0.16353754953761	0.42311192297871	0.12111054867379	8.7783501292832E-4	3.8222019218162E-5	0.22295294179869	0.12882591385415	0.21873267410605	0.79017296157641	0.11965613961394	0.0036370132068799	9.2154092143452	
29.2	6.9994356134364	0.0	0.023243502889224	0.16349154458777	0.42308661474335	0.12109024889039	8.8049371298442E-4	3.834918699828E-5	0.22291524772754	0.12879040959427	0.21866556548012	0.78995509540815	0.11962133706982	0.0036432240415989	9.2148572467686	
29.48	6.9995885815862	0.0	0.022984634037441	0.16342661779743	0.42305090778176	0.12106181311909	8.8287911033013E-4	3.8468056259171E-5	0.22286244479793	0.12874079749143	0.21857169327599	0.78965042468302	0.11957265932061	0.0036513196983886	9.2140832407559	
29.872	6.9997998796667	0.0	0.022627060967682	0.16333488821112	0.42300047210508	0.12102196859763	8.8391872420133E-4	3.853254388205E-5	0.22278845372715	0.12867148428106	0.21844040061223	0.78922436390484	0.11950457835982	0.003661378607561	9.2129973803089	
30.0	6.9998681640945	0.0	0.022511507295997	0.16330477190918	0.42298385590468	0.12100894757918	8.8376574886604E-4	3.8531781635794E-5	0.2227642729014	0.1286488766305	0.2183975542941	0.78908531065681	0.11948235902843	0.0036643814630554	9.2126422992884	
30.2	6.9999741614245	0.0	0.02233213605365	0.16325754797276	0.42295774543956	0.12098858803356	8.8307248072484E-4	3.8510532146119E-5	0.22272646305955	0.12861357317924	0.2183306286078	0.7888680891626	0.11944765023957	0.0036688326635321	9.2120869988492	
30.48	7.0001211408447	0.0	0.022083417351337	0.16319111513645	0.42292068664024	0.12096005135877	8.8125544367644E-4	3.8443000774792E-5	0.22267346538006	0.12856418097047	0.21823696987517	0.78856403090466	0.1193990706071	0.003674804937336	9.2113086324508	
30.872	7.0003241653448	0.0	0.021739864596419	0.16309759701163	0.42286792825301	0.12092003198123	8.772623616238E-4	3.8283637201117E-5	0.22259913804908	0.12849506989782	0.21810590275869	0.7881383295835	0.11933107009974	0.0036825143972491	9.210217157972	
31.0	7.0003897759308	0.0	0.021628841730557	0.1630669592172	0.42285045438857	0.12090694590312	8.7565039872764E-4	3.8217797133544E-5	0.22257483235029	0.12847250557505	0.21806311441437	0.78799928742687	0.1193088648894	0.003684888914194	9.2098603389363	
31.2	7.0004916224226	0.0	0.021456503553355	0.16301898404353	0.42282291868726	0.12088647821429	8.7284842045095E-4	3.8102314865629E-5	0.22253681510029	0.12843724886334	0.21799626485919	0.78778198534936	0.11927416697089	0.0036884670824929	9.2093024058819	
31.48	7.0006328456796	0.0	0.021217537001733	0.16295162072823	0.42278371312357	0.1208577783332	8.6840037169187E-4	3.7916940889106E-5	0.22248350467796	0.12838788297096	0.21790268578869	0.78747763219301	0.11922558173403	0.0036933981368246	9.2085204976804	
31.872	7.000827918307	0.0	0.020887454804653	0.16285699194052	0.42272766746334	0.12081750798743	8.6128086788495E-4	3.7617060357872E-5	0.22240869697397	0.12831874169533	0.21777168415724	0.78705120733227	0.11915753783524	0.0036999843774716	9.2074242908027	
32.0	7.0008909590488	0.0	0.020780785090601	0.16282602874985	0.4227090562503	0.12080433473251	8.5876864843136E-4	3.7510629943854E-5	0.222384224537	0.12829615324709	0.21772890742565	0.78691186320205	0.1191353109334	0.0037020663030321	9.2070659687986	
32.2	7.000988816234	0.0	0.020615204209452	0.16277758262058	0.4226796877573	0.12078372646019	8.5467184546259E-4	3.7336635530404E-5	0.22234593849645	0.12826084569976	0.2176620670382	0.78669402900276	0.11910057221904	0.003705245220952	9.2065057234397	
32.48	7.0011245074935	0.0	0.020385607421666	0.16270963082352	0.42263781820609	0.12075482181293	8.4862103933331E-4	3.7078631861758E-5	0.22229223674627	0.12821138424021	0.21756848416938	0.78638881946578	0.11905191710537	0.0037097112087393	9.2057206383646	
32.872	7.0013119381979	0.0	0.020068467592165	0.16261428972303	0.42257786291147	0.12071425006151	8.396216012539E-4	3.6693205179677E-5	0.22221685339548	0.12814206769558	0.21743744901567	0.78596100750412	0.11898375380743	0.0037158191911916	9.204620073902	
33.0	7.0013725092825	0.0	0.019965980343117	0.16258311547303	0.42255793523483	0.12070097505278	8.3657425605767E-4	3.6562333936793E-5	0.22219218671142	0.12811941329325	0.21739465542802	0.78582117124102	0.11896148341936	0.0037177824881875	9.2042603445575	
33.2	7.0014665327444	0.0	0.019806891804361	0.16253436112653	0.42252647483538	0.1206802049764	8.3171428051512E-4	3.6353389057049E-5	0.22215359186531	0.12808399469616	0.21732778330417	0.78560253237449	0.11892667265802	0.0037208046944985	9.2036979127493	
33.48	7.0015969078606	0.0	0.01958629739103	0.16246601841391	0.42248161688795	0.12065106874307	8.2473195626259E-4	3.6052579537048E-5	0.22209944827933	0.12803436303577	0.21723414609179	0.78529613103787	0.11887790917923	0.0037250943912837	9.2029097858476	
33.872	7.0017769950055	0.0	0.019281592455847	0.16237019368285	0.42241736998891	0.12061016369003	8.1466543914452E-4	3.561786037899E-5	0.22202342934059	0.12796478348843	0.21710301829661	0.78486654231811	0.11880958171605	0.0037310347592189	9.2018049880417	
34.0	7.0018351928688	0.0	0.019183123678462	0.16233887375251	0.42239601804972	0.12059677787001	8.1132086728614E-4	3.547319450781E-5	0.22199855142226	0.12794203810739	0.21706019106641	0.78472610396538	0.11878725519526	0.0037329598714877	9.2014438799095	
34.2	7.0019255323452	0.0	0.019030272918764	0.16228990409927	0.42236231224346	0.1205758330051	8.0604389953229E-4	3.5244827204448E-5	0.22195962345545	0.12790647272193	0.21699326331035	0.78450650463224	0.11875235445286	0.0037359341365394	9.2008792960479	
34.48	7.0020507990257	0.0	0.018818327898246	0.16222128316491	0.42231427892759	0.12054644920038	7.985666984649E-4	3.4920856373491E-5	0.22190500817567	0.12785662714069	0.21689954267912	0.78419872340769	0.11870346092727	0.0037401705355649	9.2000881586377	
34.872	7.0022238296513	0.0	0.018525570286187	0.16212510529146	0.42224553047453	0.12050519264609	7.8796104646923E-4	3.4460699492745E-5	0.22182831981084	0.12778673431186	0.21676828911645	0.78376714656037	0.11863494487229	0.0037460626838623	9.1989791474512	
35.0	7.0022797470656	0.0	0.018430962417786	0.16209367704802	0.42222269770083	0.12049169105656	7.8447355949734E-4	3.4309236856521E-5	0.2218032214837	0.12776388389467	0.21672541906356	0.78362604831056	0.11861255552206	0.0037479770684346	9.1986166634281	
35.2	7.0023665465926	0.0	0.018284104856118	0.16204454529502	0.42218666882471	0.12047056452597	7.790039386502E-4	3.4071644846543E-5	0.22176394771875	0.12772815194554	0.21665842284707	0.78340540856612	0.11857755551938	0.0037509371104998	9.1980499293853	
35.48	7.0024869046122	0.0	0.018080470088604	0.16197571095841	0.42213537153221	0.12044092515954	7.7131440510691E-4	3.373739564871E-5	0.22170884611728	0.12767806886604	0.21656460367956	0.78309615497886	0.1185285211756	0.0037551519062955	9.1972557808753	
35.872	7.0026531547555	0.0	0.017799191348537	0.16187925565235	0.42206203430854	0.12039930897099	7.6051044840132E-4	3.3267407936963E-5	0.22163147365848	0.12760783684812	0.21643320809673	0.78266249412216	0.11845980528223	0.0037610130855108	9.1961425539855	
36.0	7.0027068809341	0.0	0.017708293004736	0.16184774096172	0.42203770062487	0.12038568966252	7.5697946988675E-4	3.3113717450389E-5	0.22160615147638	0.12758487446541	0.21639029097229	0.78252071189435	0.11843735025533	0.0037629166695697	9.1957786941087	
36.2	7.0027902790144	0.0	0.017567193650579	0.16179847843755	0.42199932488445	0.12036437905229	7.5146153564346E-4	3.287354779364E-5	0.221566527731	0.12754896654441	0.21632322063584	0.78229900079604	0.11840224730669	0.0037658580523742	9.1952098111891	
36.48	7.0029059204577	0.0	0.017371543294746	0.16172946926807	0.42194474444492	0.12033448193038	7.4374105175512E-4	3.2537395750946E-5	0.22151093620801	0.12749863545393	0.21622929684203	0.78198824402678	0.11835306841226	0.0037700382068595	9.1944126569932	
36.872	7.0030656555041	0.0	0.017101293344876	0.16163278238591	0.42186681722073	0.1202925052082	7.3295681338673E-4	3.2067681358772E-5	0.22143287874156	0.12742805411532	0.21609775387377	0.78155247753795	0.11828414991358	0.0037758386958289	9.1932952310366	
37.0	7.0031172762161	0.0	0.0170139590772	0.16160119469617	0.42184098799213	0.12027876838158	7.2944575013746E-4	3.1914710646251E-5	0.22140733334473	0.12740497744418	0.21605478860442	0.78141000888488	0.1182616288336	0.0037777195045754	9.1929300034404	
37.2	7.0031974059997	0.0	0.016878392154258	0.16155182087211	0.4218002789743	0.12025727444966	7.2397135529522E-4	3.1676240258199E-5	0.22136736146231	0.12736889083438	0.2159876430979	0.78118722686772	0.11822642283751	0.0037806220516757	9.1923589871971	
37.48	7.0033085155182	0.0	0.01669041314542	0.1614826612418	0.42174244404148	0.12022712146164	7.1633494689041E-4	3.1343551846881E-5	0.2213112841696	0.12731830963594	0.21589361437882	0.78087497546767	0.11817710015811	0.0037847375151227	9.1915588552325	
37.872	7.0034619905659	0.0	0.016430759552394	0.1613857725093	0.42165998421521	0.12018478834565	7.0570792495217E-4	3.0880541926292E-5	0.22123255033927	0.12724737897512	0.215761925618	0.78043712893339	0.11810798168278	0.0037904325197956	9.1904372817236	
38.0	7.0035115882546	0.0	0.016346849615447	0.16135412071459	0.42163268202522	0.12017093568807	7.0225657466589E-4	3.0730156603435E-5	0.22120678518467	0.12722418864249	0.21571891315324	0.78029398510922	0.11808539573966	0.0037922755064051	9.1900707063649	
38.2	7.0035885777249	0.0	0.016216598200208	0.16130464864661	0.42158967848008	0.12014926137188	6.9688317405526E-4	3.0496081355557E-5	0.22116647113609	0.12718792490344	0.21565169435618	0.78007015242673	0.11805008886078	0.0037951157291564	9.1894975910915	
38.48	7.0036953327985	0.0	0.016035989749118	0.16123535524462	0.42152864963238	0.12011885718731	6.8940239425133E-4	3.0170217127044E-5	0.22110991748531	0.12713709686145	0.21555756407965	0.77975643970561	0.118000625994	0.0037991343319439	9.1886945356813	
38.872	7.0038427930269	0.0	0.015786517035634	0.16113828563133	0.42144175327253	0.12007617520661	6.790173596992E-4	2.9717897059325E-5	0.22103052233682	0.12706582329743	0.21542573549848	0.7793165681928	0.11793131354427	0.0038046803119561	9.1875689026115	
39.0	7.0038904469291	0.0	0.015705897163427	0.16110657614166	0.42141301195528	0.12006220939575	6.7565006792191E-4	2.9571242869798E-5	0.22100454274971	0.12704252179164	0.21538267805442	0.77917276895575	0.11790866490158	0.0038064716940731	9.1872010110432	
39.2	7.0039644190896	0.0	0.015580752837957	0.16105701538122	0.4213677689678	0.1200403590755	6.704126100286E-4	2.9343207704632E-5	0.22096389522457	0.12700608517274	0.21531538967372	0.77894791810816	0.11787326070705	0.0038092287105907	9.1866258487667	
39.48	7.0040669902877	0.0	0.015407225949365	0.1609876006952	0.42130362730482	0.12000971018655	6.6313058227648E-4	2.9026196584311E-5	0.22090687805608	0.12695501690642	0.21522116348097	0.77863279256634	0.11782366299095	0.0038131229050671	9.1858199481083	
39.872	7.0042086713221	0.0	0.015167534929086	0.16089036635976	0.42121241496615	0.11996668906064	6.530378513589E-4	2.8586931347227E-5	0.22082684074514	0.12688341084215	0.21508920374007	0.77819096902033	0.11775416461911	0.0038184843350639	9.1846903747223	
40.0	7.0042544575862	0.0	0.015090076120161	0.16085860421178	0.42118227539073	0.11995261340702	6.4976887305656E-4	2.844467780146E-5	0.22080065323536	0.12686000179811	0.21504610430369	0.77804653923333	0.11773145602613	0.0038202132363517	9.1843212080997	
40.2	7.0043255306444	0.0	0.014969838638536	0.16080896236992	0.4211348581714	0.11993059237731	6.4468761611231E-4	2.8223633291072E-5	0.22075968263197	0.12682339819688	0.21497875115142	0.77782071001717	0.11769595892073	0.0038228708620978	9.1837440652313	
40.48	7.0044240818831	0.0	0.014803115648611	0.16073943656015	0.4210676973428	0.11989970641719	6.3762892109048E-4	2.7916625965433E-5	0.2207022169125	0.12677209836321	0.21488443604435	0.77750422909386	0.1176462327204	0.0038266198218012	9.182935416355	
40.872	7.0045602101523	0.0	0.014572822787247	0.16064205098697	0.42097230423089	0.11985635721097	6.2785636367835E-4	2.7491714708502E-5	0.2206215590905	0.12670017258726	0.2147523553861	0.77706053676481	0.11757655766436	0.0038317707446226	9.1818020456845	
41.0	7.0046042019542	0.0	0.014498401098233	0.16061024045003	0.42094081139439	0.11984217540738	6.2469338651226E-4	2.7354218715582E-5	0.22059517087406	0.12667666031786	0.21470921739097	0.77691550417822	0.117553792203	0.0038334294196869	9.1814316522933	
41.2	7.0046724895021	0.0	0.014382878066089	0.16056052405276	0.42089129101209	0.11981998950868	6.1977903445468E-4	2.7140660352477E-5	0.22055388859584	0.12663989659726	0.21464180491222	0.77668874045915	0.11751820706072	0.0038359762970413	9.1808526057588	
41.48	7.004767178295	0.0	0.014222692198132	0.16049089597906	0.42082121176482	0.11978887477885	6.1295620622942E-4	2.6844233239932E-5	0.22049599051634	0.12658837502846	0.21454740865734	0.77637096646079	0.11746835930342	0.0038395657344213	9.1800413191562	
41.872	7.0048979713806	0.0	0.014001428999635	0.16039337115582	0.42072178104872	0.11974520932046	6.035171348468E-4	2.6434280536058E-5	0.22041473522021	0.12651614366951	0.21441521818399	0.77592549397812	0.11739851742422	0.003844488918998	9.1789043107156	
42.0	7.0049402390363	0.0	0.01392992534691	0.16036151606835	0.42068898210807	0.11973092527024	6.0046359358728E-4	2.630169583656E-5	0.22038815389187	0.12649253285931	0.21437204529903	0.77577988778944	0.11737569834455	0.0038460723643223	9.1785327436678	
42.2	7.0050058502261	0.0	0.013818931913558	0.16031173103184	0.42063743260842	0.11970858063684	5.9572066957888E-4	2.6095823904453E-5	0.22034657186729	0.12645561640185	0.21430457926447	0.77555223540775	0.11734003026937	0.0038485012781081	9.1779518773991	
42.48	7.0050968279289	0.0	0.013665026851017	0.16024200882258	0.42056453911567	0.11967724578496	5.8913846204569E-4	2.5810181967115E-5	0.22028825822974	0.12640388354275	0.21421011000516	0.77523323286884	0.11729006814303	0.0038519223810496	9.1771380723177	
42.872	7.0052224949031	0.0	0.013452439267882	0.16014435589211	0.42046121744424	0.11963327627082	5.8003681213451E-4	2.5415345049561E-5	0.2202064291309	0.12633136138873	0.21407782121026	0.77478607105565	0.11722006956087	0.003856607676423	9.1759975959582	
43.0	7.0052631059788	0.0	0.013383739237017	0.16011245984806	0.42042716040052	0.11961889397164	5.7709340816183E-4	2.5287695000926E-5	0.22017966244343	0.12630765689485	0.2140346172028	0.77463992097967	0.11719720017483	0.0038581130660135	9.1756249113008	
43.2	7.005326145693	0.0	0.013277097799649	0.1600626117409	0.42037365688274	0.11959639686153	5.7252246918839E-4	2.5089520793944E-5	0.22013779280296	0.12627059531303	0.21396710350973	0.77441142639995	0.11716145434637	0.0038604200563255	9.1750423133962	
43.48	7.0054135577401	0.0	0.013129227275987	0.15999280310386	0.42029805429939	0.11956485066438	5.6618065635535E-4	2.4814632096286E-5	0.22007908060874	0.12621866185616	0.21387256951581	0.77409126038512	0.11711138510551	0.0038636682609178	9.1742261141044	
43.872	7.0055342994943	0.0	0.012924975142694	0.15989503271503	0.42019098882423	0.11952058939378	5.5741438541072E-4	2.4434784575269E-5	0.21999670151052	0.12614586391388	0.21374019398239	0.77364250021531	0.1170412399662	0.0038681109145318	9.1730823452428	
44.0	7.0055733189119	0.0	0.012858968805373	0.15986309916321	0.42015572165078	0.11950611285964	5.545800835362E-4	2.4312010284403E-5	0.21996975722726	0.12612207063748	0.21369696263022	0.77349583588952	0.11701832357959	0.0038695370617544	9.1727086005105	
44.2	7.0056338879282	0.0	0.012756508724866	0.15981319334458	0.42010033899509	0.11948346954046	5.5017917298864E-4	2.4121426278365E-5	0.21992761208793	0.12608487158715	0.21362940717493	0.77326654533875	0.11698250515453	0.0038717206051212	9.1721243610809	
44.48	7.0057178740613	0.0	0.01261443612949	0.1597433057268	0.42002213184359	0.11945172075873	5.4407438524272E-4	2.385711075999E-5	0.21986851826395	0.12603274823826	0.21353481668247	0.77294528036252	0.11693233599668	0.0038747945051297	9.1713058940649	
44.872	7.0058338836225	0.0	0.01241819261818	0.15964542820848	0.41991146825875	0.11940717995652	5.3563770087509E-4	2.3491950434175E-5	0.21978561276808	0.1259596894515	0.21340236589085	0.77249501166758	0.11686205432357	0.0038789937361105	9.1701590101535	
45.0	7.0058713737622	0.0	0.012354774356299	0.1596134605005	0.41987503832825	0.11939261316577	5.3291038251501E-4	2.3373942411343E-5	0.21975849856524	0.1259358122557	0.21335911092642	0.77234786227734	0.11683909419317	0.0038803406505463	9.1697842633064	
45.2	7.0059295689129	0.0	0.012256331684171	0.15956350218497	0.41981785036124	0.11936982983882	5.286759817759E-4	2.3190768368331E-5	0.21971608988819	0.12589848331728	0.21329151952345	0.77211782120338	0.11680320824324	0.0038824009950702	9.1691984729029	
45.48	7.0060102634021	0.0	0.012119829683823	0.15949354284411	0.41973714147625	0.11933788712059	5.2280290836598E-4	2.2936756095733E-5	0.21965663110634	0.12584618064658	0.21319688063387	0.77179552055472	0.11675294623152	0.0038853014705246	9.1683778648349	
45.872	7.0061217262386	0.0	0.011931280781327	0.15939556827652	0.41962302274247	0.11929307881977	5.1468772648716E-4	2.2585875572516E-5	0.21957322239394	0.12577287571828	0.21306436584142	0.77134383122172	0.11668253783363	0.0038892593534829	9.1672280428232	
46.0	7.0061577470378	0.0	0.01187034911799	0.15936356968496	0.41958547645541	0.11927842568068	5.1206461692771E-4	2.2472494437E-5	0.21954594579673	0.12574891937681	0.21302109091709	0.77119622526947	0.1166595371407	0.0038905278993189	9.1668523514883	
46.2	7.0062136613626	0.0	0.01177576633406	0.1593135639656	0.41952655541051	0.11925550843087	5.0799226761952E-4	2.2296507536227E-5	0.21950328529426	0.125711467981	0.21295346924925	0.77096547800925	0.11662358861463	0.0038924665552558	9.1662650999824	
46.48	7.0062911932193	0.0	0.011644616509056	0.15924353999172	0.41944344526065	0.11922338024829	5.0234444252839E-4	2.205247672246E-5	0.21944347785428	0.12565899633073	0.21285878986723	0.7706422033412	0.1165732406307	0.0038951961087233	9.1654424762811	
46.872	7.0063982875349	0.0	0.01146346051443	0.15914547822186	0.41932601079231	0.11917831621343	4.9454133950066E-4	2.1715409423307E-5	0.21935958854493	0.12558545961361	0.21272622203526	0.77018917883195	0.11650271504742	0.0038989167312096	9.1642898908302	
47.0	7.0064328965831	0.0	0.011404917951577	0.15911345194276	0.41928739334191	0.11916358054191	4.9201928668224E-4	2.1606499370496E-5	0.21933215688658	0.12556142877931	0.21268293070244	0.77004114400049	0.11647967688202	0.0039001083712321	9.1639133117694	
47.2	7.0064866194775	0.0	0.011314043711915	0.1590634037923	0.41922680951994	0.11914053530534	4.8810399646329E-4	2.1437453785754E-5	0.21928925596307	0.12552386216208	0.21261528429088	0.76980973358515	0.1164436705831	0.0039019277300049	9.1633246875715	
47.48	7.0065611126594	0.0	0.011188036206645	0.15899332210475	0.41914139578553	0.11910822991407	4.8267431048565E-4	2.1203055454992E-5	0.2192291157187	0.12547123159096	0.21252057208773	0.76948554467734	0.11639324329978	0.0039044899907024	9.1625001714016	
47.872	7.0066640096768	0.0	0.011013983248415	0.15889518273546	0.4190207809527	0.11906292159281	4.7517314273949E-4	2.0879305390145E-5	0.21914476778295	0.1253974770228	0.21238796183916	0.76903126775704	0.11632260976962	0.0039079788256212	9.1613449936515	
48.0	7.00669282266	0.0	0.010964443844459	0.15886315733821	0.41897801125833	0.11904723066681	4.7025293624739E-4	2.0688528099085E-5	0.21911554887361	0.12537320800984	0.21234443692874	0.76888278008641	0.11629953559958	0.0039139027419352	9.1609660194723	
48.2	7.0067537910229	0.0	0.014916702774527	0.15881300405394	0.41892874168699	0.11902790884366	4.7332780797675E-4	2.0643285352495E-5	0.21907969343057	0.12533612803948	0.21227775465777	0.76865058478004	0.11626346263418	0.0038913985596559	9.164433141577	
48.48	7.0068703910381	0.0	0.020396956398229	0.15874268027419	0.41887760396222	0.11900577248523	4.9792955059546E-4	2.1433738057837E-5	0.21903887902109	0.1252854136658	0.21218577737297	0.76832615911227	0.11621301350733	0.0038367901884948	9.1692988003146	
48.872	7.007094135476	0.0	0.027966770074215	0.15864419331903	0.4188220082056	0.11897808823083	5.6716394022332E-4	2.4174420444645E-5	0.2189881667346	0.12521592226271	0.2120582114823	0.76787611772332	0.1161428073776	0.0037562028795349	9.1761339621264	
49.0	7.0071822480733	0.0	0.030413046919124	0.1586120722245	0.4188070733708	0.11896945209924	5.9717781784438E-4	2.5411377183737E-5	0.21897240083244	0.12519356659715	0.21201681041254	0.76773100388781	0.11612008006028	0.0037307225211314	9.1783710661933	
49.2	7.0073253938955	0.0	0.030170716107527	0.15856198552047	0.4187758194641	0.11895303391411	6.4427584821723E-4	2.7545795079049E-5	0.21894214375471	0.12515841519503	0.21195150977544	0.76750638579013	0.11608479471499	0.0037120485628196	9.1778140683381	
49.48	7.0075238714453	0.0	0.029834696629049	0.15849211682011	0.41871912974926	0.11892527710843	7.0259277808859E-4	3.0297024197162E-5	0.21889063639814	0.12510863680706	0.21185917443661	0.76719609953195	0.11603587295244	0.0037139626940486	9.1770323643747	
49.872	7.0077980282245	0.0	0.029370555942784	0.15839474958864	0.41863697936703	0.1188838615478	7.7103010991433E-4	3.3535774954906E-5	0.2188136564274	0.12503885688325	0.21172994223955	0.7667688063805	0.11596821007387	0.0037233438390755	9.1759315563993	
50.0	7.0078866260935	0.0	0.029220563992322	0.15836306811817	0.41861121122231	0.11887024914798	7.9051983099301E-4	3.4462865281558E-5	0.21878834910463	0.12501617282598	0.21168788476037	0.76663077164407	0.11594629029596	0.0037250885190046	9.1755712584206	
50.2	7.0080241580942	0.0	0.028987734988535	0.15831367491086	0.41857247989812	0.11884903681619	8.1832472185353E-4	3.5793814218742E-5	0.2187489121824	0.12498087142761	0.21162234049343	0.76641645297437	0.11591219991987	0.0037258628550039	9.1750078430966	
50.48	7.0082148700433	0.0	0.028664890950607	0.15824474767348	0.41852150260564	0.11881956960364	8.5228243699694E-4	3.7438916603114E-5	0.21869413306617	0.12493178754875	0.21153093192107	0.76611890735552	0.11586476666068	0.0037232349107211	9.1742190636932	
50.872	7.0084783145865	0.0	0.028218949493723	0.15814868062734	0.41845641904108	0.11877884455731	8.912201890894E-4	3.9364712984001E-5	0.21861844215894	0.12486376276261	0.21140360034715	0.76570653224498	0.11579885318003	0.0037136550386387	9.1731166389403	
51.0	7.0085634524073	0.0	0.028074838715461	0.1581174154756	0.41843654130972	0.11876567058556	9.020759881824E-4	3.9910536474942E-5	0.21859396173385	0.12484171183344	0.21136216092576	0.76557274190353	0.11577743262016	0.003709535881726	9.1727574499167	
51.2	7.0086956134162	0.0	0.02785113893735	0.15806866319517	0.41840679001254	0.11874520407092	9.1731688176317E-4	4.0687615148207E-5	0.21855593479259	0.12480741087393	0.21129753920413	0.76536447518214	0.11574405574265	0.0037022836084622	9.1721971135331	
51.48	7.0088788767145	0.0	0.027540953641709	0.15800060693914	0.41836742430942	0.11871677180774	9.354269016209E-4	4.1630763878909E-5	0.21850311715785	0.12475968097165	0.2112073042487	0.76507431657458	0.1156974970054	0.0036910779262679	9.1714146849625	
51.872	7.0091320287934	0.0	0.027112497634625	0.15790568883721	0.4183162556255	0.1186773398626	9.5520206069411E-4	4.2696869400251E-5	0.21842988393241	0.12469336022404	0.21108137157581	0.76467040656474	0.11563259311454	0.003674280676448	9.1703236057714	
52.0	7.00921384004	0.0	0.026974037409694	0.15787477748016	0.41830033474215	0.11866454054803	9.6045660920501E-4	4.2988750422445E-5	0.21840611699797	0.12467180878988	0.21104033267225	0.76453897530222	0.11561145588344	0.0036687601662416	9.1699684253917	
52.2	7.0093408362812	0.0	0.026759108860567	0.15782655791837	0.41827619691055	0.11864461083612	9.6755408760191E-4	4.3393338791296E-5	0.21836911356198	0.12463822945438	0.2109762836501	0.76433402000141	0.11557847886852	0.0036601525646785	9.1694145363342	
52.48	7.0095169360528	0.0	0.026461085887928	0.1577592060125	0.4182435789757	0.11861683354208	9.7540730460676E-4	4.3861201796604E-5	0.21831754685053	0.12459138999956	0.21088674988179	0.76404779528658	0.11553239966173	0.0036484725451587	9.1686412632028	
52.872	7.0097601895316	0.0	0.02604942960696	0.15766518806871	0.4181998718416	0.11857814324922	9.8280872072363E-4	4.4343176696851E-5	0.21824573338584	0.12452609307119	0.21076162383611	0.76364818021564	0.11546802846183	0.00363310274062	9.1675627359067	
53.0	7.0098388014739	0.0	0.025916398361163	0.15763454871102	0.4181859476077	0.11856554699462	9.8445346301921E-4	4.4462553576427E-5	0.21822235589106	0.1245048255803	0.21072081042625	0.76351789019916	0.11544703529006	0.003628411287916	9.1672114878397	
53.2	7.0099608307288	0.0	0.025709897092788	0.15758673455349	0.41816452254715	0.11854589843134	9.863100748466E-4	4.46140762572E-5	0.2181858922912	0.12447164254033	0.21065707871868	0.76331447689453	0.11541425577779	0.0036213877439896	9.1666635414711	
53.48	7.0101300417267	0.0	0.02542355951371	0.15751991234574	0.41813493238672	0.11851844639091	9.8757689073263E-4	4.4759567971855E-5	0.21813495124091	0.12442526774969	0.21056792355101	0.76302995947716	0.11536840141991	0.0036123703752096	9.1658981026363	
53.872	7.0103637771656	0.0	0.025028044168861	0.15742656262739	0.41809412028483	0.11848009140994	9.8706033562063E-4	4.4846952359796E-5	0.21806378474166	0.12436046326755	0.21044321419219	0.76263195686912	0.11530425598684	0.0036012792307585	9.1648294572328	
54.0	7.0104393128997	0.0	0.024900229022302	0.15739612378793	0.41808084879534	0.11846757841856	9.864020639743E-4	4.4850221192416E-5	0.21804056839153	0.12433932214021	0.21040251243438	0.76250202649998	0.1152833174211	0.0035980541847095	9.1644811462809	
54.2	7.0105565664839	0.0	0.02470182458424	0.15734860679426	0.41806017378243	0.1184480357883	9.8492219623048E-4	4.4831942662766E-5	0.21800431034142	0.1243063046104	0.21033893265666	0.76229902127862	0.11525060560584	0.0035933607024049	9.1639374967674	
54.48	7.0107191544434	0.0	0.024426714188245	0.15728216959346	0.41803112683189	0.11842068664191	9.8201024361108E-4	4.4762194369174E-5	0.217953570074	0.12426010153058	0.21024994806691	0.76201478795027	0.11520481311131	0.0035876257142523	9.1631774705842	
54.872	7.0109437397248	0.0	0.024046706850994	0.15718930091961	0.41799019730979	0.11838239671902	9.7649747628508E-4	4.4588154945752E-5	0.21788253316367	0.12419543363064	0.21012540503721	0.76161669040408	0.11514069779766	0.0035810473121624	9.1621152345009	
55.0	7.0110163182268	0.0	0.023923903275378	0.15715900566654	0.41797669810086	0.11836988787269	9.7439282971092E-4	4.4514942205165E-5	0.21785932629433	0.12417431475383	0.21008474207241	0.76148662401643	0.11511975701481	0.0035792512670558	9.161768736333	
55.2	7.0111289809969	0.0	0.023733278182021	0.15711169999481	0.41795549162678	0.11835033578975	9.7082459699528E-4	4.4385366134395E-5	0.21782305245511	0.1241413113261	0.21002120860541	0.76128330965432	0.11508703064484	0.0035767384619833	9.1612276477011	
55.48	7.0112852025672	0.0	0.023468954737211	0.15704553316209	0.4179253722678	0.11832294355599	9.6531128325851E-4	4.4175541276556E-5	0.21777223269486	0.12409508936634	0.20993226220497	0.76099846401882	0.11504119715687	0.003573931252945	9.1604706698097	
55.872	7.0115009927759	0.0	0.023103847315437	0.15695299679335	0.41788237654664	0.11828454194284	9.5671554558209E-4	4.3833184192759E-5	0.21770098567449	0.12403032872779	0.20980772706935	0.76059920349257	0.11497698930769	0.0035711702886496	9.1594117086644	
56.0	7.0115707288606	0.0	0.022985858805002	0.1569227996202	0.41786808216118	0.11827198563073	9.5372522522812E-4	4.3711126963456E-5	0.21767768902909	0.12400916543623	0.20976705701491	0.7604686928635	0.11495601088777	0.0035705450515198	9.1590660517129	
56.2	7.0116789791597	0.0	0.022802708024401	0.15687563652271	0.41784552053703	0.11825234900663	9.4888530865721E-4	4.3510944154091E-5	0.21764125495031	0.12397607957264	0.20970350358552	0.7602646252836	0.1149232189061	0.0035697882615861	9.1585260600631	
56.48	7.0118290818576	0.0	0.022548748568094	0.15680964801105	0.41781329470574	0.11822481901747	9.4180227179429E-4	4.321312474589E-5	0.21759017352631	0.12392971797735	0.20961451279096	0.75997861618727	0.11487728100729	0.0035692874212812	9.157770196467	
56.872	7.0120364192817	0.0	0.022197956825127	0.15671732370248	0.41776699312505	0.11818619161943	9.3137387080235E-4	4.2766617090897E-5	0.21751849679324	0.12386472065533	0.20948988765824	0.7595775434193	0.11481290582653	0.0035694546899339	9.1567120340843	
57.0	7.01210342361	0.0	0.022084594580991	0.15668718752523	0.41775154438247	0.11817355464101	9.2786405663678E-4	4.2614702075254E-5	0.21749504646947	0.12384347141966	0.20944918239892	0.75944640304095	0.11479186837716	0.0035697117688088	9.1563664669734	
57.2	7.0122074332955	0.0	0.021908625044705	0.15664011092862	0.41772710836131	0.11815378534215	9.2228556424879E-4	4.2371772261562E-5	0.21745835951483	0.12381024331508	0.20938556864528	0.75924131692832	0.11475898016548	0.0035702655118585	9.1558264543896	
57.48	7.0123516555726	0.0	0.021664623203403	0.1565742257433	0.41769212865971	0.11812605725781	9.1430573816574E-4	4.2021468836003E-5	0.21740690032953	0.12376366793982	0.20929648366112	0.75895381902906	0.11471290026483	0.0035714635835568	9.1550702524517	
57.872	7.0125508698534	0.0	0.021327585818107	0.15648201538712	0.41764175328555	0.11808713194992	9.0285930810272E-4	4.1514320770064E-5	0.21733465519369	0.12369834680426	0.20917171046798	0.75855055840372	0.11464831426671	0.0035737513147287	9.1540110663741	
58.0	7.012615248986	0.0	0.021218668445365	0.15645190984326	0.41762492967007	0.11807439345668	8.9906835232182E-4	4.1345381615054E-5	0.21731101112877	0.12367698679529	0.20913095356889	0.75841868289123	0.11462720556554	0.0035746393551073	9.1536650434401	
58.2	7.0127151835244	0.0	0.021049598578135	0.15640487392902	0.41759830277924	0.11805446144169	8.9309805429238E-4	4.1078474678644E-5	0.21727401359947	0.12364358102142	0.20906725615323	0.75821242957622	0.11459420385841	0.0035761237859709	9.1531242047761	
58.48	7.0128537549223	0.0	0.020815163915255	0.15633903112622	0.41756017952948	0.11802649798474	8.8465868496774E-4	4.069951767932E-5	0.21722210512006	0.12359674860405	0.20897804870533	0.757923264739	0.11454796122145	0.0035785161023427	9.1523666301729	
58.872	7.0130451633068	0.0	0.020491341580597	0.15624685539929	0.41750527731884	0.11798723089954	8.7272263574125E-4	4.0160778633652E-5	0.21714920753737	0.12353105408729	0.20885309549018	0.75751761876668	0.11448314132537	0.0035822731306157	9.1513051422569	
59.0	7.0131070197898	0.0	0.020386694797539	0.15621675598324	0.41748695101839	0.11797437837802	8.6880492030442E-4	3.9983357127356E-5	0.21712534579466	0.12350956950092	0.20881227816208	0.75738495482753	0.11446195511912	0.003583593302132	9.1509582849509	
59.2	7.0132030383982	0.0	0.020224254065859	0.15616972394054	0.41745795242895	0.11795426582107	8.6266719037307E-4	3.9704928518139E-5	0.21708800362981	0.12347596670398	0.20874848487934	0.75717746140802	0.11442883133468	0.0035857108666794	9.150416065596	
59.48	7.013336179759	0.0	0.019999011455635	0.15610387499276	0.41741646846195	0.11792604529833	8.5405072995708E-4	3.9313072710476E-5	0.2170356044844	0.12342885431101	0.20865914074616	0.75688654698272	0.11438241617348	0.0035889067585887	9.1496564132267	
59.872	7.0135200874186	0.0	0.019687886013641	0.15601167138727	0.41735679745171	0.1178864117025	8.4196552140364E-4	3.8761852176012E-5	0.21696200744394	0.12336276150924	0.20853399255219	0.75647843346085	0.11431735252062	0.003593636368684	9.1485917652028	
60.0	7.0135795198892	0.0	0.019587342372549	0.15598155890761	0.41733690288774	0.11787343829541	8.3802029752462E-4	3.8581548745422E-5	0.21693791503301	0.12334114576718	0.208493110978	0.75634496145701	0.11429608641679	0.0035952384960275	9.1482438223467	
