# Time [h]	All Liquid [L]	MS [g]	Butyric [g]	AA [g]	Propionic [g]	Valeric [g]	LCFA [g]	Acetic [g]
1.0	7.23213021361806	0.3050231728764161	0.15008019039589415	0.21109089662704197	0.5365060407312633	0.052962604506233975	1.3947561413705865	8.183955534745078	
2.0	8.566714507730891	0.23618763409465765	0.13705170445716625	0.16090927621549062	0.7067488656800544	0.04959353329597631	3.3316618621678504	4.271254298025182	
3.0	9.38960290705382	0.17251696673352315	0.0977279000802865	0.11277079851897165	0.5184872972978033	0.03564624575208586	4.7357066891394455	1.390398129751066	
4.0	9.643561954540782	0.12017977327444516	0.0666509366980192	0.0758441831542857	0.3257468839525097	0.024305417694523948	5.403890822054974	0.6951643427763411	
5.0	9.7474110046901	0.08454152738518471	0.04589986047737148	0.05150031595048635	0.20863807113023544	0.016614058513539077	5.542986966301597	0.5115588809065469	
6.0	9.80809682455293	0.06157523568950064	0.03259532816703149	0.036022393929916845	0.14160030383259753	0.011624954413801483	5.269717797479514	0.418668225171013	
7.0	9.844253755442672	0.04745164513820341	0.024288399825027337	0.02640875382102944	0.10245590421643559	0.008465242317414662	4.685096597019325	0.36773381219625834	
8.0	9.864103135955707	0.039616521825352975	0.01936292941782549	0.020704466479484054	0.07978449114973017	0.006534139694524193	3.9287754427400006	0.34242575781943	
9.0	9.87264355654256	0.03618188458666204	0.01666686861819585	0.017502205035642378	0.06718620904102364	0.00539297503610089	3.1565369084282717	0.3351353885961345	
10.0	9.874554655722216	0.03511701339401678	0.01520380662832933	0.015539013078014573	0.06021209474295468	0.0046764451885425145	2.492230065579225	0.33999508308707715	
11.0	9.875262162266472	0.034122930759418274	0.014087284255809797	0.013726023080777753	0.05543867802891213	0.00409151760076207	1.9961111725564715	0.3489772624564183	
12.0	9.878380899366329	0.031949504131682016	0.012803483235244667	0.01164816241347286	0.05078228431376343	0.003492317482671898	1.6690201471089472	0.35419649589971625	
13.0	9.88380698833942	0.028986398841874993	0.011344152062667942	0.009569051605190127	0.04571465461890273	0.0028925918153643246	1.4753168611285372	0.35303121110364805	
14.0	9.889954033754359	0.026020663062428	0.009931831687256754	0.007808481393251831	0.04064057940302816	0.0023630041911173075	1.3643624225892879	0.34734061697183405	
15.0	9.895915567315996	0.02340786142482945	0.008716527439245138	0.00644822483987543	0.03604452838894867	0.0019404390736998739	1.2860261172632295	0.3391522721853698	
16.0	9.901590231000835	0.021172113990298724	0.007721512150977395	0.005427398033363066	0.032125351249637356	0.0016198857586716274	1.2011927697215656	0.3289771904456704	
17.0	9.90718655578211	0.019237982757320693	0.006909322130072433	0.004656956569282118	0.02884964300153381	0.0013793419570280348	1.087443601546579	0.31642802382513374	
18.0	9.91290650687065	0.017535319528836392	0.006234275158314586	0.004063343308989868	0.02609691351300528	0.0011966541667905485	0.9401001001430156	0.3010520250527616	
19.0	9.918830114155366	0.016023010817909883	0.0056618615384835995	0.0035952213611435504	0.023750497081872365	0.0010549219635260965	0.7692770348476657	0.2827812568623619	
20.0	9.924890295704857	0.014682545449146945	0.005170452214348729	0.0032190081706178196	0.02172757398583993	9.425910163306066E-4	0.593844043215117	0.26214792093327866	
21.0	9.930884234126735	0.013504284030554188	0.004746969065425306	0.0029126243128564633	0.01997560038367595	8.520157115536517E-4	0.43370669033029996	0.24035923755917596	
22.0	9.936527755409717	0.012476031449964205	0.004381905930941174	0.0026603421642536367	0.018457540221101975	7.779471829641771E-4	0.3028017486630566	0.2191081258120894	
23.0	9.941561774230916	0.01157861479692308	0.0040661422284034715	0.0024497082028472994	0.017139353831875183	7.164571514707258E-4	0.20564284808773411	0.2000213520446751	
24.0	9.956454461152726	0.010791871690771813	0.0038135612140624236	0.0022715555501030887	0.01602025408546505	6.666354142531773E-4	0.13874267079265248	0.18470640648044084	
25.0	10.013010304141616	0.01210669065437388	0.007365535626890803	0.0024731461721490587	0.024241652635545435	9.358110403760304E-4	0.0961198869365083	0.26048255282503974	
26.0	9.929913435881073	0.017847196960236886	0.006465885355224678	0.003619136707751474	0.025693774813435388	9.96955364823199E-4	0.07022825487346959	0.204282700913006	
27.0	9.92628192431337	0.021975580673802356	0.007120453669442736	0.004507407870325971	0.02842674294768485	0.0012145545001320647	0.05509810627359506	0.1846987836364345	
28.0	9.921980557299472	0.02427151578049691	0.008070582409561811	0.005004097862590975	0.03239208960982079	0.0013890671127499117	0.045862659439947	0.18655463925291585	
29.0	9.919741400350686	0.025405134136970625	0.008604431441743799	0.005252501329576963	0.03509145470851365	0.001483702583164108	0.03991558373619733	0.18827610963045793	
30.0	9.91905035164237	0.025785309500735435	0.008830389529748735	0.005340175748760578	0.03645711547880534	0.0015240778522078568	0.03581863684818039	0.18864518529888558	
31.0	9.919385682634545	0.02568022012154655	0.00885595283503085	0.005324306738623911	0.036854023828000855	0.0015294042644528908	0.03283437139981886	0.18796166819330634	
32.0	9.920379953997392	0.025266969586939775	0.008753533668673583	0.005242607933956589	0.03661004146756513	0.0015123573713740031	0.030561531625665515	0.18656483176328087	
33.0	9.921785182445328	0.024662632712411404	0.0085709087526081	0.005119995609783285	0.03595815064011584	0.0014812785998639657	0.028756889012578005	0.18470930306289862	
34.0	9.92343581249913	0.023944630920835534	0.008339604804133517	0.004972941828838884	0.03505506838299179	0.0014416683659631995	0.027260201696512335	0.1825721869822752	
35.0	9.925221743518215	0.023164132318456952	0.008080432271893371	0.004812332262834706	0.03400467700036748	0.0013971566014852447	0.02596348193710972	0.1802745106922404	
36.0	9.927069909063363	0.02235483988684898	0.007807102293483477	0.004645338992399309	0.03287545054591186	0.0013501352065880274	0.024795991250749234	0.17789906083324586	
37.0	9.928932128060755	0.02153877572003617	0.007528597704430879	0.004476652108390606	0.03171226107910723	0.0013021720008887586	0.023714060368014097	0.17550265644181984	
38.0	9.930777003300374	0.020730123034205263	0.007250739058376346	0.0043092968670462835	0.030544231252248002	0.0012542838180149242	0.02269275308612426	0.17312414885153926	
39.0	9.932584504166643	0.019937805469225654	0.006977229222218762	0.0041451816501411175	0.02938996487524716	0.0012071185109338006	0.021719080206699624	0.17078968131034533	
40.0	9.934342327052056	0.019167232072496695	0.006710356068959321	0.003985468339036537	0.02826105119658609	0.0011610773179427407	0.020786932006394608	0.16851629325100703	
41.0	9.936043354292533	0.01842148067315785	0.0064514671827847776	0.003830823356996766	0.027164422472270466	0.0011163975095433024	0.0198936820883335	0.16631450346323873	
42.0	9.937683932521683	0.017702098576560618	0.00620129048954811	0.003681587511047109	0.02610394144329732	0.0010732082157250296	0.019038164640074646	0.16419021536822442	
43.0	9.93926268860766	0.01700964111802697	0.0059601499346223575	0.0035378902555709708	0.02508146731026377	0.0010315679913724244	0.01821962214477235	0.16214612940148931	
44.0	9.940779741864569	0.016344031209546764	0.005728109677190967	0.0033997260125417637	0.024097567906703945	9.914899432985707E-4	0.017437249715619184	0.16018277793748925	
45.0	9.942236120474835	0.01570479737487777	0.005505069779912533	0.003267004731706478	0.02315199231215923	9.529584149087423E-4	0.016690057023483078	0.158299266762378	
46.0	9.943633440425323	0.015091230320275609	0.005290829330390661	0.00313958517271931	0.022243982648059806	9.159399996544585E-4	0.015976872257400177	0.15649379565073018	
47.0	9.9449736231658	0.014502484980406013	0.0050851277355408	0.003017296618115586	0.021372478132994067	8.803907517989291E-4	0.015296393066345854	0.1547640139139731	
48.0	9.956851331368904	0.013943628022632378	0.004912573295155837	0.0029015593833112093	0.020575954266277015	8.486944909082454E-4	0.014660834833613738	0.15377139586830038	
49.0	10.011528576992031	0.015437295931140618	0.008464521312687955	0.0031512629112746974	0.02896421964406071	0.0011267734967379713	0.01452327482551535	0.23781137165990646	
50.0	9.92664464645921	0.021238467649767143	0.007622619943526869	0.00431746207631519	0.030532134778758126	0.0011971929797850408	0.016194289409038536	0.19080189522369137	
51.0	9.921129989368035	0.025590933692604602	0.008359766380886806	0.005252685397603524	0.03349460803636452	0.001425847090873713	0.01934752616270546	0.17927821629465776	
52.0	9.915366111273459	0.028172794550837918	0.009390847093577804	0.005809558420010727	0.03772594886160715	0.001614138244918694	0.022697367075314438	0.18633279987173143	
53.0	9.91200795027083	0.02954479003077014	0.010001542452754284	0.006108786556433983	0.04070636379590262	0.0017222301163605806	0.025588345661481937	0.19189492668425231	
54.0	9.910552512368907	0.030074026946972945	0.010281583814527333	0.006228891589013751	0.04229655689034633	0.0017721945339997478	0.027744938773485064	0.19505289735993891	
55.0	9.910447532427073	0.030026305690324107	0.010332828019087664	0.0062263145405682995	0.04281984504378047	0.0017822212467731382	0.02912531917729011	0.19626951930275388	
56.0	9.911262651991295	0.029594801625472334	0.010230463042765885	0.0061419772416205845	0.042600516281115906	0.0017654372435698831	0.029810938172564683	0.19606090169883908	
57.0	9.91268000161891	0.02891741950101658	0.01002821535451001	0.006005092174900814	0.04188871693615674	0.001731197549938896	0.029935244483119135	0.19486016626444957	
58.0	9.914472627224821	0.028090312155033045	0.009763732115774875	0.005836047335213661	0.04086419671117775	0.0016860560730294091	0.029639514563168917	0.19300150625929238	
59.0	9.91648295505901	0.027179031239688168	0.009462856594182664	0.005648760869630998	0.039651918073839595	0.0016345138463773124	0.029048868695951024	0.1907300737518131	
60.0	9.918604127632781	0.02622738463426278	0.0091429890750061	0.0054525483339822895	0.03833676909354503	0.0015796037497372727	0.02826300148271722	0.1882192343158998	
