# Time [h]	MS [1]	AA [1]	Butyric [1]	MO_AcidoLCFA [1]	MO_Acetic [1]	MO_hydroM [1]	Propionic [1]	Carbondioxide [1]	Carbondioxide_gas [1]	MO_Propionic [1]	MO_acetoM [1]	MO_ButyricValeric [1]	LCFA [1]	MO_AcidoMS [1]	Methane [1]	Methane_gas [1]	MO_AcidoAA [1]	Valeric [1]	Hydrogen [1]	Hydrogen_gas [1]	Acetic [1]	Phi [1]
0.2	2.1458100318787e-06	2.8378404620653e-06	3.386752051753e-06	0.015451096064646	0.01162885342837	0.036074365651818	1.3278242766019e-05	0.63800665696222	0.5169199259953	0.012782289565108	0.00058243344852228	0.022076916204897	4.0557161777231e-05	0.078995625681658	0.040185245596899	0.90976981660006	0.011503009428669	1.1530309497315e-06	1.3327648045401e-07	9.3662350080985e-06	0.0014501953663922	0.90939383713365
0.48	2.0557429687018e-06	3.2079475871974e-06	3.7484146736328e-06	0.015458932484507	0.011642831898484	0.036175375844898	1.9797252821653e-05	0.4824796563479	0.78433462801942	0.01278997221762	0.00058451520038865	0.022080790886022	8.7701413709256e-05	0.078976448040137	0.026998501390097	0.54015820608355	0.011505476118448	1.3765410712256e-06	1.4581082358635e-07	1.946478363805e-05	0.0013354740564029	0.90938200811208
0.872	2.055514412014e-06	3.2413521678564e-06	3.8427797625501e-06	0.015477982740783	0.011661805560067	0.036336283339592	2.2703661134686e-05	0.33470939479692	0.79291897435978	0.012804346317876	0.00058739463658037	0.022086492163397	0.00013195051942548	0.078946762233589	0.018785949277407	0.41528007651794	0.011508943932173	1.4257229831525e-06	1.6156547192848e-07	2.2014497096743e-05	0.0012334094569377	0.90936266869904
1	2.0551047203732e-06	3.2396255410946e-06	3.8461145241288e-06	0.015485576786125	0.011667926730682	0.036390862369636	2.3012945221808e-05	0.29717295342564	0.72831080704757	0.012809354798293	0.00058833143822403	0.022088313495907	0.00014112090501526	0.078936752047005	0.01731399906854	0.38597143882868	0.011510038197751	1.4273601084542e-06	1.6375620301714e-07	2.1834954050699e-05	0.0012127212457882	0.90935602919035
1.2	1.3388420319489e-06	2.2695664371332e-06	3.1514637721318e-06	0.015498835743923	0.011677372010081	0.036475548422119	2.4227653466255e-05	0.24937872002637	0.63029773877721	0.012817527945045	0.00058977962246413	0.022090272880939	0.00019112943890226	0.078919318125756	0.016901111820783	0.55446965627048	0.011510773476109	1.1894250628048e-06	1.5928999545135e-07	1.8557592262953e-05	0.001056454327894	0.90934591362002
1.48	1.326429113978e-06	2.0637620888531e-06	2.8608077944383e-06	0.015520713376631	0.011690105389668	0.03659465285205	2.4759551159982e-05	0.18933908840137	0.47635991698674	0.012829380914989	0.00059175012954933	0.022091490143841	0.00025144443363269	0.078894010751668	0.015788167967811	0.44856190191715	0.011510818294601	1.0756492087261e-06	1.6024297793196e-07	1.8570668209497e-05	0.00085994732577361	0.90933171538725
1.872	1.3267468089306e-06	2.0421301305486e-06	2.8061514478056e-06	0.015555855531814	0.011707055528408	0.036762989943138	2.4888920166332e-05	0.13193343538704	0.35723745976521	0.012846182401078	0.0005944106032545	0.022092441614076	0.00030632483020472	0.078858190911205	0.015237277204072	0.46485077752043	0.011510599874588	1.0525220700534e-06	1.6042816903184e-07	1.8409499466318e-05	0.00067653000586935	0.90931143933127
2	1.3267673101821e-06	2.0411934244655e-06	2.8035878216959e-06	0.015567960307957	0.011712448259302	0.036818121314932	2.4887493092252e-05	0.11680755611955	0.32191715506521	0.012851677178234	0.00059526397113218	0.022092710862711	0.00031723048803545	0.078846443963605	0.015216651673021	0.47585415116864	0.01151051510089	1.0514688839982e-06	1.605104750605e-07	1.8354328851859e-05	0.0006397306134718	0.90930476223777
2.2	8.853375397592e-07	1.4262587344616e-06	2.0875862591817e-06	0.015587765908756	0.011720561630473	0.036900138841356	1.9920483868204e-05	0.091828463276867	0.23823675850032	0.012859575078277	0.0005965524477993	0.022092224261282	0.00034785802353464	0.078827435655299	0.015678619685126	0.57302865673513	0.011509807113081	7.941157892671e-07	1.4387063225278e-07	1.2965279322041e-05	0.00052709030231842	0.90929496326299
2.48	8.7883188836165e-07	1.3009099543228e-06	1.8307615632467e-06	0.015617345256835	0.011730981349204	0.037005580071277	1.6235698476329e-05	0.065103961102409	0.17881462116572	0.012868416423744	0.00059822732842653	0.022090394615553	0.00038108216406337	0.078801440755209	0.015387787318834	0.53558190953097	0.011508359915708	6.956773381465e-07	1.312899989552e-07	1.2832138626703e-05	0.00039851134105673	0.90928240996709
2.872	8.7958846363374e-07	1.2891831155666e-06	1.7879694594328e-06	0.01566096288376	0.011743945812753	0.037143604609334	1.4798967526834e-05	0.03727605781872	0.11125600705789	0.01287864087104	0.00060035929411355	0.022087571829564	0.0004092871828905	0.078766079841488	0.014975973301566	0.55164208883024	0.011506347020842	6.784002253331e-07	1.2381014597392e-07	1.2759544184089e-05	0.00028597881731811	0.90926587647489
3	8.7979563433039e-07	1.2890674612463e-06	1.7866481420637e-06	0.015675495420724	0.011747909321033	0.037187606848404	1.4668528253574e-05	0.029546722863284	0.091292755836127	0.012881806938254	0.00060102108121098	0.022086660151327	0.00041474480417318	0.078754644822584	0.01489886618285	0.55849333222241	0.01150570242481	6.7786965645281e-07	1.2274314333783e-07	1.2734458739399e-05	0.00026405156833647	0.90926058675849
3.2	5.9885979423103e-07	9.1935379918381e-07	1.3500653833014e-06	0.015698750550841	0.011753730970674	0.037252192559818	1.1111533781397e-05	0.016323773665209	0.044303773811547	0.012885971721697	0.00060200219556541	0.022084706190049	0.00042343807355543	0.078736536192855	0.014881229231343	0.58831641180071	0.011504369630844	5.1676797302239e-07	1.0960301570906e-07	9.0473342594231e-06	0.00022469097869947	0.90925290851821
3.48	5.9533754071208e-07	8.4596212021862e-07	1.1986092206258e-06	0.015732286991358	0.011761065540579	0.037334618898834	8.9182925965412e-06	0.0032750489204806	0.018289565516167	0.012889975143594	0.00060326222886727	0.022081335612135	0.00043111161602416	0.078711820788592	0.01456308508556	0.58619259108741	0.011502270147506	4.5685028226856e-07	1.0067131576719e-07	9.0038686651151e-06	0.00018504419414684	0.90924314883541
3.872	5.9642755928036e-07	8.401104519163e-07	1.1750452288005e-06	0.015780117311444	0.011770159919919	0.037443016506406	8.2067475593956e-06	-0.010772817910156	-0.017603373496683	0.012894217623271	0.00060487001023931	0.022076509259817	0.00043649962132689	0.078678011514218	0.014208833726858	0.59721703171391	0.011499365445536	4.4693593210877e-07	9.6089325788541e-08	8.9703611368818e-06	0.0001539691808107	0.90923028281364
4	5.967680328673e-07	8.4040325986795e-07	1.1747705660652e-06	0.015795828075939	0.011772957991024	0.037477702895933	8.1538418672244e-06	-0.014731916136035	-0.028161474805254	0.01289551308677	0.00060537285170118	0.02207494331182	0.00043745013091091	0.078667052146385	0.014140313873022	0.60094860624742	0.011498426609755	4.4680028459458e-07	9.5476153546902e-08	8.9592830093073e-06	0.00014823467256226	0.90922615976952
4.2	4.1747952430739e-07	6.1247618464337e-07	9.0404249768428e-07	0.015820596890211	0.011777156644649	0.037529199159746	6.2662707165074e-06	-0.021542804424185	-0.052916811104096	0.012896999130075	0.00060613259091227	0.022072162582007	0.00043187265146951	0.078649785055257	0.013963360751693	0.59513764867359	0.011496759546226	3.4516348425286e-07	8.7901823491145e-08	6.8120319209103e-06	0.00013732764136232	0.9092201041301
4.48	4.1574302900738e-07	5.6811568635212e-07	8.1215172579986e-07	0.015855524820112	0.01178263678497	0.037596522304784	5.2323978104073e-06	-0.028053201523149	-0.065756375555196	0.012898016988711	0.00060713937597004	0.02206787068552	0.00042362656268532	0.078626000146725	0.013803888110348	0.61301060917078	0.011494281790573	3.0802496916907e-07	8.3203255837182e-08	6.7789352560424e-06	0.00012521887952875	0.90921223952524
4.872	4.1725271956754e-07	5.6566684800127e-07	7.9936884997762e-07	0.015904341724859	0.011789713323188	0.037686765606233	4.9366895404525e-06	-0.034853830584385	-0.083304282551204	0.012898781410895	0.00060846876649769	0.02206179604967	0.00041521166214866	0.078593192504302	0.013630900797683	0.62039981781806	0.011490834832394	3.0242366335391e-07	8.0891369281756e-08	6.7635201833896e-06	0.00011508137512978	0.90920172007585
5	4.1774937585249e-07	5.6625777499638e-07	7.9977821714013e-07	0.015920232610502	0.011791934307448	0.037715794112486	4.9196482775269e-06	-0.036747132934361	-0.088443963349674	0.012898993699218	0.00060889119275866	0.022059820525679	0.00041347054028653	0.078582536427262	0.013594600002225	0.62227645295334	0.011489716247318	3.0255182660474e-07	8.0568669732541e-08	6.7586093700799e-06	0.00011315465433507	0.90919833946096
5.2	3.0447969875957e-07	4.2478114612633e-07	6.3124161709351e-07	0.015945055201794	0.011795306990209	0.037759365802901	3.9077782159874e-06	-0.039970864281729	-0.10041964341802	0.012898994162142	0.00060953617211745	0.022056527476101	0.00040284301766166	0.078565814611639	0.013366193368844	0.59825772553516	0.011487846825223	2.3846060793837e-07	7.6038337427089e-08	5.4451369147177e-06	0.00010839911495843	0.90919331912112
5.48	3.0403198617299e-07	3.9786801183041e-07	5.7511511076786e-07	0.01597961118338	0.011799767827339	0.037817216351563	3.3916207750699e-06	-0.043083961440236	-0.10735990160058	0.012898403739873	0.0006104015748969	0.022051677948264	0.000389775396715	0.078542686421384	0.013303968161152	0.62633029728927	0.011485146302892	2.1539425683922e-07	7.3238258939427e-08	5.4241712009329e-06	0.00010239824040502	0.90918671443872
5.872	3.062516648008e-07	3.9789478155898e-07	5.69305353625e-07	0.016027294169929	0.01180557737283	0.037895153500301	3.2617363095505e-06	-0.045910941403391	-0.11441150719677	0.012897257227149	0.00061155378033906	0.022044874890228	0.0003777288700985	0.078510716915272	0.013204004081413	0.63125706103908	0.011481393969487	2.1262448870093e-07	7.1756400333794e-08	5.4184686896122e-06	9.6915271543302e-05	0.9091778765729
6	3.0700454172093e-07	3.988441567516e-07	5.7038398294529e-07	0.016042705894265	0.011807400761391	0.037920178524	3.2589043781458e-06	-0.046645741444491	-0.1164585185333	0.012896868907394	0.00061192020603599	0.022042665288436	0.00037533540575766	0.078500338651787	0.013174132031441	0.63203577893665	0.011480176694435	2.1300493267748e-07	7.1536285658745e-08	5.416822763391e-06	9.5816771758941e-05	0.90917504964648
6.2	2.3823682230338e-07	3.1244633716375e-07	4.6760364471356e-07	0.016066607466972	0.01181016665752	0.037957965755396	2.6936554758111e-06	-0.047830010691256	-0.1211144087659	0.012896065519592	0.00061248011423217	0.022039095277179	0.0003655449184182	0.078484117827972	0.012909639018502	0.59938826772446	0.011478205911583	1.7330727557643e-07	6.8745967635362e-08	4.6165522144409e-06	9.3081770331978e-05	0.90917082906108
6.48	2.3909847940243e-07	2.9688046932367e-07	4.3454282346309e-07	0.016099542008611	0.011813820344285	0.03800846118597	2.4203725323389e-06	-0.049031535183154	-0.12493384423122	0.012894612029528	0.00061323247972935	0.022033970938729	0.00035414201065253	0.078461661560329	0.012877690060247	0.63175355294862	0.011475407006595	1.5940118042673e-07	6.6981762415029e-08	4.6051100694851e-06	8.9489201942798e-05	0.90916526007795
6.872	2.4276080764776e-07	2.9949769742332e-07	4.3455116208467e-07	0.016144378673614	0.011818530727829	0.038076175591274	2.3698319808025e-06	-0.049535930357356	-0.12591547879916	0.012892426695665	0.00061422953526368	0.022026834686085	0.00034408708815749	0.078430653000809	0.01278620264422	0.63503104996983	0.011471530966966	1.5891928571315e-07	6.6004361344237e-08	4.6059532475143e-06	8.5998641316692e-05	0.90915789412292
7	2.4403707753301e-07	3.0107631647849e-07	4.3663712496254e-07	0.016158730930506	0.011819989646988	0.038097757992532	2.3760490623297e-06	-0.049572814613123	-0.12613684883238	0.012891711576412	0.00061454420615498	0.022024523004728	0.00034215447700877	0.078420607712155	0.012749621865679	0.63514542195365	0.011470276291976	1.5966132784961e-07	6.5859281707227e-08	4.6065067918754e-06	8.5243686414962e-05	0.9091555678712
7.2	2.074352207412e-07	2.5153980853447e-07	3.7851633149319e-07	0.016180776824097	0.011822177847476	0.038130347497506	2.0664369628311e-06	-0.049492109200667	-0.12632429955801	0.012890487143494	0.00061502228590483	0.02202085866237	0.0003343699805124	0.078404976926158	0.012458971263087	0.59931746060593	0.011468284986145	1.363668438785e-07	6.419250069847e-08	4.13860754791e-06	8.3585114308443e-05	0.90915210629248
7.48	2.1045117553771e-07	2.4457039772994e-07	3.6236564548506e-07	0.01621069339533	0.011825016073378	0.038173721024638	1.9302467830412e-06	-0.049406345933923	-0.12798232243022	0.01288860410536	0.00061565893503057	0.022015690411256	0.00032546068856423	0.078383379459387	0.012414502719885	0.63228139727037	0.01146549293096	1.2901716826319e-07	6.3097339977863e-08	4.1353226701099e-06	8.1288790779214e-05	0.90914759585832
7.872	2.1762184479799e-07	2.5147069798926e-07	3.698789870414e-07	0.01625043616136	0.011828521946444	0.038230763482091	1.9382292129812e-06	-0.048240790655398	-0.1249358232319	0.012885920886282	0.00061648368257413	0.022008555301964	0.0003178925288865	0.078353700286993	0.012280483854332	0.63422889799991	0.011461651406536	1.3124769838526e-07	6.2488520038703e-08	4.1429483539125e-06	7.8728067518018e-05	0.90914184427826
8	2.2020084592658e-07	2.5446768363757e-07	3.7407126438764e-07	0.016262917710729	0.011829563049459	0.038248615216782	1.9561631661974e-06	-0.047744654969062	-0.12385167356199	0.012885052793626	0.00061673828145025	0.022006255346149	0.00031652401165157	0.078344128941375	0.012223654542256	0.63385411328098	0.011460413775675	1.3270829688116e-07	6.2408134419498e-08	4.1458226450019e-06	7.8076463720756e-05	0.90914008659961
8.2	2.0915183081224e-07	2.3063017287815e-07	3.482683517982e-07	0.016281747199816	0.011831069229116	0.038275276152025	1.8117419329518e-06	-0.046635024633556	-0.1205156054329	0.012883650682111	0.00061711830665678	0.022002660613054	0.00030974959868502	0.078329323226877	0.011903909851923	0.59830943164713	0.011458478269007	1.2081016768144e-07	6.1478677807136e-08	3.8929603610549e-06	7.6953745937938e-05	0.90913753332089
8.48	2.1743810176617e-07	2.3262906781268e-07	3.4826329833582e-07	0.016306542785828	0.011832901393388	0.038309976889762	1.7768399230959e-06	-0.04531889008189	-0.11988179850386	0.01288162329391	0.00061760982426247	0.021997665476361	0.00030199464076578	0.078308978479361	0.011802075467587	0.62892027475693	0.011455797262778	1.1918847371368e-07	6.0829494604223e-08	3.8988420574502e-06	7.5213170630459e-05	0.90913436831986
8.872	2.3438417092575e-07	2.4919328751746e-07	3.7034589830791e-07	0.016337924511552	0.011834873135222	0.03835355473888	1.8607451918718e-06	-0.042472423031086	-0.11303331651642	0.012878805915274	0.00061821178599018	0.021990843587007	0.00029568278490551	0.078281269617433	0.01157423691293	0.62930895415462	0.011452144853415	1.2618571470371e-07	6.0524125580225e-08	3.9172487692968e-06	7.2763525257812e-05	0.90913072697843
9	2.4059244133565e-07	2.556988331436e-07	3.7950209185427e-07	0.016347423326166	0.011835382069235	0.038366689547369	1.9011180191948e-06	-0.041423062546034	-0.11061315602589	0.012877900597786	0.00061838880996569	0.021988658638429	0.00029465236708809	0.078272392421623	0.011485081306698	0.62841578549819	0.0114509759402	1.2923955693213e-07	6.0515869912171e-08	3.9236569094199e-06	7.2012239151845e-05	0.90912971146409
9.2	2.5034191453727e-07	2.4901420825518e-07	3.7813861622291e-07	0.016361313718973	0.011836028677384	0.038385770895298	1.8749477173785e-06	-0.039212330615857	-0.10338186540079	0.012876474133288	0.00061864339046597	0.021985275354964	0.00028814224578044	0.078258739365652	0.011140280357142	0.59619170788145	0.011449165136224	1.2527550320612e-07	6.0050407220473e-08	3.7904551674997e-06	7.0967256707808e-05	0.90912835469796
9.48	2.7188898211514e-07	2.631678893497e-07	3.9785629055438e-07	0.01637875707751	0.011836628309814	0.038409533078872	1.9372279392616e-06	-0.036539060950089	-0.09978266078823	0.012874463673087	0.00061895449425565	0.021980616756366	0.00028067573819884	0.078240080944907	0.010964275228057	0.6212162964203	0.01144667646477	1.295863727882e-07	5.9746156569314e-08	3.8074987233502e-06	6.9241794160096e-05	0.90912692660209
9.872	3.1005888431236e-07	2.965580696628e-07	4.4337063718737e-07	0.01639953250309	0.011836890771972	0.03843757150561	2.1179945834572e-06	-0.03215779882074	-0.089119315215867	0.012871680334511	0.00061930501987857	0.021974274000091	0.00027464505243897	0.078214772886336	0.010673169315548	0.61974185198139	0.011443297398512	1.4327710174447e-07	5.9776413734928e-08	3.8371013248141e-06	6.6630296366993e-05	0.90912576354425
10	3.2282169975897e-07	3.0822855429852e-07	4.5944772810576e-07	0.016405597983737	0.011836858782237	0.038445702271805	2.1845596471925e-06	-0.030679549826492	-0.08548224231778	0.012870782579128	0.00061940220961687	0.021972241122358	0.00027367390394099	0.078206669724603	0.010574015957601	0.61836867587255	0.011442215880247	1.482793282221e-07	5.9859365962061e-08	3.8458170619266e-06	6.5813564992601e-05	0.90912554754299
10.2	3.3956713586716e-07	3.0541338200538e-07	4.6912687757848e-07	0.016414312437732	0.01183670022615	0.038457288440547	2.2161727196782e-06	-0.027722123459973	-0.075092106364323	0.012869373227454	0.0006195377820835	0.02196908903224	0.0002671583762199	0.078194174050472	0.010274852789088	0.59291624069199	0.011440536846398	1.4732232994478e-07	5.9569804306616e-08	3.7318346630742e-06	6.480434870584e-05	0.90912539042331
10.48	3.711792189215e-07	3.2175555716872e-07	4.9504452940166e-07	0.016425146654703	0.011836291060442	0.038471542140295	2.3067754651714e-06	-0.024369853931829	-0.069364181647953	0.012867387862329	0.00061969942665421	0.021964721524285	0.00025948253573607	0.078176983870763	0.010112714023701	0.6098074291246	0.011438211595802	1.5214238206199e-07	5.9382853844984e-08	3.7472662265615e-06	6.3355929203845e-05	0.90912548760101
10.872	4.1220001270453e-07	3.5141300984658e-07	5.3603962448786e-07	0.016438367553839	0.011835436753965	0.03848874699246	2.4587314107948e-06	-0.019892910395285	-0.058025061073398	0.012864613725783	0.00061988377967864	0.021958693220766	0.0002527670131092	0.078153354316278	0.0099107609392647	0.60742933303989	0.011435008484256	1.6273273429767e-07	5.9396503619642e-08	3.7660512748719e-06	6.156638240653e-05	0.90912606559194
11	4.2328324076364e-07	3.6022888970484e-07	5.4821981650944e-07	0.016442366726055	0.011835109221985	0.038493919049074	2.5053553024302e-06	-0.018517437792628	-0.054438946218961	0.012863711550051	0.00061993679366398	0.021956741186281	0.00025151793477471	0.078145710990035	0.0098502981744413	0.60608020599066	0.011433972302989	1.6611650615935e-07	5.9444486634841e-08	3.7705999135065e-06	6.1078087370675e-05	0.90912632570808
11.2	4.1500643219971e-07	3.4105942616295e-07	5.4134752145923e-07	0.01644832434997	0.011834561427602	0.038501550619797	2.4826082079529e-06	-0.015892337542363	-0.044743379519392	0.012862293669917	0.00062001405635408	0.02195369394544	0.00024489180577445	0.078133817708172	0.0096732902846651	0.58954256081466	0.011432350888365	1.6009289689868e-07	5.8901420483258e-08	3.605956290038e-06	6.0507941990717e-05	0.90912680594753
11.48	4.2569621075437e-07	3.3543419665181e-07	5.4039011147927e-07	0.016456178781875	0.011833740189566	0.038511494776953	2.473264722061e-06	-0.013084104572873	-0.039476017125093	0.012860289118979	0.00062011371419005	0.021949428070909	0.00023698649581366	0.078117266818387	0.0095909953108782	0.59885669752858	0.011430078315658	1.5615201191492e-07	5.8358950977066e-08	3.6067518159011e-06	5.976589971395e-05	0.90912759888096
11.872	4.3961908706065e-07	3.3908942545482e-07	5.4657298199406e-07	0.0164665798457	0.01183251922523	0.038524562459648	2.4870901965836e-06	-0.009730299730343	-0.03085365592702	0.012857470216978	0.00062024231538521	0.021943469476525	0.00022980902692911	0.078094234664346	0.0095003413327311	0.59680432647361	0.011426906050573	1.555936916639e-07	5.7923467924706e-08	3.610786540135e-06	5.898342705331e-05	0.90912884645926
12	4.4294019853023e-07	3.4082479295931e-07	5.4901935965379e-07	0.016469891961253	0.011832109515954	0.038528711966708	2.4944123850532e-06	-0.0087518218276134	-0.028245327595286	0.012856549484305	0.00062028264751093	0.021941527293521	0.00022839133256316	0.078086734484565	0.0094738857907079	0.59583440158438	0.011425872471395	1.5594057494549e-07	5.7849477161954e-08	3.6116360125684e-06	5.8796992025599e-05	0.90912927255546
12.2	4.1231042121591e-07	3.105062249284e-07	5.2436971151887e-07	0.016474976682156	0.011831462670022	0.038535016637959	2.4056951249276e-06	-0.006918032025117	-0.021341937358234	0.012855099850406	0.00062034444409131	0.021938485247188	0.0002220882950259	0.078075015099323	0.0093894138915525	0.587065356823	0.011424249987523	1.4550121717796e-07	5.7015670521916e-08	3.4088862918628e-06	5.8458080253284e-05	0.90912996859924
12.48	4.0553210124873e-07	2.9198383278304e-07	5.0352198802088e-07	0.01648192511327	0.011830547028885	0.038543514127526	2.3205488084799e-06	-0.0049769527544599	-0.017551089725813	0.012853044220488	0.00062042901895629	0.021934208673286	0.00021463048792999	0.078058631747813	0.0093490175983502	0.59100393428608	0.01142196656752	1.3639657000227e-07	5.6166039001388e-08	3.4024414664953e-06	5.795534448184e-05	0.90913099713572
12.872	4.0528015770473e-07	2.8406857973811e-07	4.9185523485907e-07	0.016491463339297	0.011829253253735	0.038555089157538	2.2640330286335e-06	-0.0027449471129486	-0.011829420540233	0.012850143084165	0.00062054527811546	0.021928210103563	0.00020786258275926	0.078035743112297	0.0093031564437434	0.58944651751613	0.011418765500363	1.3103376072489e-07	5.5461117586832e-08	3.4019910950127e-06	5.7416512088147e-05	0.9091324883068
13	4.0538257547333e-07	2.8319210488985e-07	4.9029113073128e-07	0.016494556619782	0.011828829459797	0.038558835279423	2.2552924397736e-06	-0.0021062648258083	-0.010123765782257	0.012849193755891	0.00062058300676213	0.021926250938675	0.00020651276481764	0.078028275715566	0.0092897398560666	0.58881215825277	0.01141772035232	1.302860796606e-07	5.5328754363872e-08	3.4018121102097e-06	5.7298981008108e-05	0.90913298038533
13.2	3.7212814588385e-07	2.5540004709363e-07	4.626791807448e-07	0.016499346824027	0.011828166818322	0.038564573868379	2.1501288331752e-06	-0.00091443245698297	-0.0056231317443055	0.012847698484471	0.00062064167447643	0.021923180788517	0.0002007581916349	0.078016598133839	0.009253541532713	0.58545491223722	0.011416080261805	1.2010475455979e-07	5.441816269757e-08	3.1962670434068e-06	5.6936356980904e-05	0.90913376883821
13.48	3.6172617988952e-07	2.3747111988243e-07	4.3897770574896e-07	0.016505955170638	0.011827237458103	0.03857237479302	2.0500122937105e-06	0.00036261363669426	-0.0030770818086249	0.012845578052423	0.00062072315611228	0.021918863535232	0.00019396790407822	0.078000258029681	0.0092247212509116	0.58588281153446	0.011413773187086	1.1121407007125e-07	5.3488746679684e-08	3.1881523682884e-06	5.6396076650628e-05	0.90913491067428
13.872	3.5826638338259e-07	2.2883272590492e-07	4.2466006754301e-07	0.016515109258555	0.011825936132284	0.038583096273484	1.9812051945327e-06	0.0018225467238774	0.00063963669739272	0.012842584764296	0.00062083684460281	0.021912804988302	0.00018780957004075	0.077977409343568	0.0091914034750533	0.58464685334581	0.011410537972514	1.0577538861633e-07	5.2716971217491e-08	3.1869195686614e-06	5.582884689568e-05	0.90913654044342
14	3.5765072540168e-07	2.2765167153879e-07	4.2244076718182e-07	0.016518091500611	0.011825511901557	0.038586582953529	1.9696500218341e-06	0.0022373992479969	0.0017423345514839	0.012841605065803	0.00062087403621829	0.021910825587835	0.00018657849065193	0.077969951733379	0.0091823164062376	0.58423019444696	0.011409481332273	1.0495180266976e-07	5.2570546210259e-08	3.1865688504078e-06	5.5710377083262e-05	0.90913707464345
14.2	3.2913216505344e-07	2.0631726186524e-07	3.9873564842105e-07	0.016522715201948	0.011824849498067	0.038591935460315	1.8744552219491e-06	0.0030117914821069	0.0046560471198483	0.012840063550485	0.00062093202471701	0.02190772551245	0.00018118718230481	0.077958290810164	0.0091724070245105	0.58441233682925	0.011407825211834	9.6859182877141e-08	5.1688237941818e-08	2.9940348859698e-06	5.5306611327508e-05	0.90913792556275
14.48	3.196537963743e-07	1.92466142034e-07	3.7851339943228e-07	0.016529097425365	0.011823921710378	0.038599226523273	1.7851042818578e-06	0.0038620208202326	0.0063714697796829	0.012837881976942	0.00062101277648515	0.021903370757064	0.00017480174925877	0.077941974140984	0.0091460585516386	0.58255301701212	0.011405499114662	8.9856905205619e-08	5.0769583283731e-08	2.9859980091909e-06	5.4728117482221e-05	0.90913914980451
14.872	3.1589976437695e-07	1.8558068755088e-07	3.6610501511746e-07	0.016537945590908	0.01182262520553	0.038609269405734	1.7235816934637e-06	0.0048464810644409	0.0088586649069076	0.012834806825012	0.00062112584936911	0.021897263256652	0.00016899542346908	0.077919154324474	0.0091161810957612	0.5814869065869	0.011402239182805	8.5551213282595e-08	4.9992639746485e-08	2.9847254832646e-06	5.4133956725021e-05	0.90914088954192
15	3.1516483439048e-07	1.8458271082296e-07	3.6410662421105e-07	0.016540830267636	0.011822203121161	0.038612539990805	1.713045820081e-06	0.0051258715359759	0.0095950884960224	0.012833800752289	0.00062116292482396	0.021895268098685	0.00016783275846004	0.077911705341676	0.0091087702447033	0.58120016951696	0.011401174547202	8.4883796887674e-08	4.9843562396019e-08	2.9843717026173e-06	5.4011653850851e-05	0.90914145881841
15.2	2.9186376039401e-07	1.6894688189301e-07	3.4525061393745e-07	0.016545296577559	0.011821544194656	0.038617562619806	1.6344097466798e-06	0.005649220830491	0.011547776734867	0.012832220105174	0.00062122076268096	0.021892145706684	0.00016254863120355	0.077900061219917	0.0091147856932381	0.58371432164246	0.011399507758004	7.8881679449878e-08	4.8995429117377e-08	2.8037267645211e-06	5.3588139816582e-05	0.90914236329471
15.48	2.8390232670551e-07	1.587869566834e-07	3.2920543892098e-07	0.016551443015131	0.011820621587712	0.038624402282529	1.5611896308564e-06	0.0062460463556195	0.01275894605964	0.012829988869577	0.00062130135931961	0.021887764966921	0.00015626558247889	0.077883771835355	0.0090883737835041	0.58030369975955	0.011397169963758	7.3711766214367e-08	4.8084023495344e-08	2.7960574383594e-06	5.2990103058302e-05	0.90914366124115
15.872	2.803518667822e-07	1.5359084935226e-07	3.1918079937068e-07	0.016559943408072	0.011819333675095	0.038633821553813	1.5104371098776e-06	0.0069584599248557	0.014541972433077	0.012826849439208	0.0006214143973178	0.021881625761384	0.00015053977881872	0.077860991194778	0.0090589080492055	0.57930399454623	0.011393895823631	7.0504372201712e-08	4.7290852395083e-08	2.7948336245145e-06	5.2377338097142e-05	0.90914550362936
16	2.7960500599296e-07	1.5279505839788e-07	3.1750279839345e-07	0.016562712926205	0.011818914752574	0.038636890075761	1.5015519574938e-06	0.0071613407019891	0.015069785445918	0.012825822908498	0.00062145150996921	0.021879620647892	0.00014939225948732	0.077853554912931	0.0090521214032892	0.57908987504778	0.011392826694169	6.9994195978518e-08	4.7136512477296e-08	2.7944945656497e-06	5.2251168309562e-05	0.90914610628739
16.2	2.6040483508271e-07	1.4130507577061e-07	3.0259345074569e-07	0.016566989636224	0.011818260833845	0.03864159872983	1.4380618743601e-06	0.0075439125801135	0.016478450418182	0.012824212385114	0.00062150941639528	0.021876484772077	0.00014411501106538	0.077841934014179	0.0090685092041391	0.58321674878733	0.011391154323271	6.559345633902e-08	4.6296109399886e-08	2.6195817347248e-06	5.1809909407422e-05	0.90914706280602
16.48	2.5368725343978e-07	1.3382252336206e-07	2.8988636098196e-07	0.016572845207392	0.011817345444011	0.038647996597669	1.3790923432447e-06	0.0080028872960054	0.017409259778853	0.012821944232924	0.00062159012417697	0.021872089806849	0.00013783976689474	0.077825681999863	0.0090408097519261	0.57866676433599	0.011388811331746	6.1802459986175e-08	4.5363450002421e-08	2.6121624651159e-06	5.1187045588796e-05	0.90914843464071
16.872	2.503409647939e-07	1.2984987062497e-07	2.8174049921263e-07	0.016580907971848	0.011816068728014	0.038656790642556	1.337615376625e-06	0.0085760011807355	0.018827748682793	0.012818758115454	0.000621703437098	0.021865934987012	0.00013212443666921	0.077802956906158	0.0090100541454187	0.57766171898332	0.011385531831013	5.9410099702437e-08	4.4528918252716e-08	2.6109566050491e-06	5.0543927927256e-05	0.90915038259446
17	2.4959187607329e-07	1.292006928756e-07	2.8031227863538e-07	0.016583531332311	0.011815653790711	0.038659654735788	1.3301300237397e-06	0.0087404780057473	0.019248531532978	0.012817716849356	0.0006217406808853	0.02186392516084	0.00013097951092962	0.077795538976929	0.0090032785337965	0.57748334050077	0.011384461096099	5.9015632582423e-08	4.4364499558038e-08	2.6106222589268e-06	5.041058204119e-05	0.90915101990923
17.2	2.3336802214885e-07	1.2055589028409e-07	2.6825373144973e-07	0.016587568231489	0.011815006169298	0.038664041747176	1.2783622400531e-06	0.009053098587443	0.020380571439639	0.012816085067717	0.00062179879490722	0.021860783598616	0.00012577827967201	0.077783949815599	0.0090269413750813	0.58282666674848	0.011382787307885	5.5737058279797e-08	4.3508980973203e-08	2.4365766650049e-06	4.994484499649e-05	0.90915203117417
17.48	2.2757065886341e-07	1.1490182067765e-07	2.5794028546147e-07	0.016593058736256	0.011814099665385	0.03866997845657	1.2302418293145e-06	0.0094482833394291	0.021176331035421	0.012813791237499	0.00062187977368097	0.021856384470125	0.0001196143108423	0.07776774740811	0.0089970484150791	0.57734211123941	0.0113804443833	5.2903156114965e-08	4.2535287301417e-08	2.4292472639064e-06	4.9285646499673e-05	0.90915348213911
17.872	2.243851044704e-07	1.117605507028e-07	2.5112766024601e-07	0.01660057446509	0.011812836150321	0.038678110162023	1.1957131927864e-06	0.0099662794685637	0.022445832926052	0.012810573346686	0.00062199352275377	0.021850227486112	0.00011401717980598	0.077745096229359	0.0089637663268707	0.57628018960497	0.011377166609067	5.1071010133342e-08	4.1645847910281e-08	2.4280261429632e-06	4.8598430959779e-05	0.90915554462828
18	2.2363565018464e-07	1.1121036542515e-07	2.4987330225741e-07	0.016603015148796	0.011812425811754	0.03868075648803	1.1892573220346e-06	0.010116455266829	0.02282401526861	0.012809522135108	0.00062203094266273	0.021848217295623	0.00011289754050076	0.077737702831095	0.0089565814706847	0.57611395011996	0.011376096572621	5.0755287660084e-08	4.14690572525e-08	2.4276864620979e-06	4.8454657387074e-05	0.90915621972856
18.2	2.0953888589494e-07	1.0448168418594e-07	2.3979601147289e-07	0.01660675467572	0.0118117853922	0.03868479822239	1.1459773272885e-06	0.010403658935928	0.023847108744444	0.012807876201266	0.00062208932210894	0.02184507649332	0.00010790364542782	0.077726154728188	0.0089858893557461	0.58248446662373	0.011374424704973	4.823771953165e-08	4.0586610006512e-08	2.2517397309211e-06	4.7957594941624e-05	0.90915729109495
18.48	2.0443150203387e-07	1.0005914498536e-07	2.3115203102369e-07	0.016611798353535	0.011810888756984	0.03869023455891	1.1056778036128e-06	0.010781288630711	0.02459876762613	0.012805565766118	0.00062217060439812	0.02184068149976	0.00010201276365043	0.077710015056756	0.0089530328136104	0.57614044417162	0.01137208609708	4.6050440792428e-08	3.9564780669644e-08	2.2443722977527e-06	4.7252428954e-05	0.90915882963957
18.872	2.013949051028e-07	9.7482095439219e-08	2.2527479053572e-07	0.016618650027612	0.01180963923651	0.038697641382527	1.0761453474968e-06	0.011296749593206	0.025855201530903	0.012802327972849	0.00062228474493653	0.02183453343826	9.668522508288e-05	0.077687457019783	0.0089162140741887	0.57498281733263	0.011368815791987	4.4596020757234e-08	3.8618803671614e-08	2.243119014294e-06	4.6510797292488e-05	0.90916101964315
19	2.0065299509118e-07	9.7000212335704e-08	2.2414281555597e-07	0.016620869299361	0.011809233666656	0.038700048439017	1.0704260272662e-06	0.011447742734033	0.026231478626614	0.012801270613811	0.00062232231270318	0.021832526471899	9.5621593492878e-05	0.07768009458005	0.0089083013071753	0.57481352881888	0.01136774832476	4.4333336091732e-08	3.8429686627101e-08	2.2427685522141e-06	4.6354201173763e-05	0.90916173693267
19.2	1.8809310336467e-07	9.1557902049111e-08	2.1543170279652e-07	0.016624250580931	0.011808600588754	0.038703708892586	1.0331275041492e-06	0.011737422937296	0.02725031004758	0.012799616143705	0.00062238089241422	0.021829391791022	9.0936168858631e-05	0.077668597376991	0.0089425132015323	0.58215209415989	0.011366081125854	4.2326059380792e-08	3.7515070535195e-08	2.063230212997e-06	4.581965729809e-05	0.90916287566394
19.48	1.8353008932964e-07	8.7969529170274e-08	2.0795795984193e-07	0.01662876122489	0.011807713582689	0.038708588999716	9.9837767490106e-07	0.012126419874939	0.028014182958507	0.012797296262777	0.00062246231994128	0.021825007945942	8.5433817727202e-05	0.07765253440646	0.0089059541917887	0.57494273871059	0.0113637504117	4.0573256005906e-08	3.64438649172e-08	2.0557285085708e-06	4.505996598592e-05	0.90916451277319
19.872	1.8065186824824e-07	8.5784919125967e-08	2.0275474866797e-07	0.016634825604405	0.011806476901637	0.038715185256682	9.7243698690134e-07	0.01267307772373	0.029345907281771	0.012794047958752	0.00062257650891975	0.021818878319972	8.0478861215896e-05	0.077630089938274	0.0088646419926717	0.57365746797495	0.0113604924861	3.9374627475374e-08	3.5444042186512e-08	2.0544380800682e-06	4.4254784943656e-05	0.90916684677361
20	1.7992800147686e-07	8.5352867023562e-08	2.0171419836975e-07	0.016636782628789	0.011806075591092	0.038717323879832	9.6725440728876e-07	0.012834726235205	0.02974689534141	0.012792987464602	0.00062261409293556	0.021816877677652	7.9491854213772e-05	0.077622765292844	0.0088557207960857	0.5734748811806	0.011359429197835	3.91482867482e-08	3.5243404914218e-08	2.0540749095009e-06	4.4083211661642e-05	0.90916761181451
20.2	1.6852365544613e-07	8.0783863669292e-08	1.93958329612e-07	0.016639741337352	0.01180544887769	0.038720555235372	9.3416308427255e-07	0.013144990816357	0.030828677148916	0.012791328933076	0.00062267263925398	0.021813753811895	7.5168600871353e-05	0.077611329620853	0.0088946263384322	0.58180459915031	0.01135776907732	3.7483877287665e-08	3.4294918166386e-08	1.8700039311793e-06	4.3505619560655e-05	0.90916882695117
20.48	1.6441997008459e-07	7.7774059636876e-08	1.8733018806386e-07	0.016643627578838	0.011804569577549	0.038724807010825	9.0339834532626e-07	0.013564038387827	0.031639928959115	0.012789005374674	0.00062275380234709	0.021809387399886	7.0113396979534e-05	0.077595358571282	0.0088536097279044	0.5736719118288	0.011355449479795	3.6026083123543e-08	3.3176040557123e-08	1.8623043364199e-06	4.2683931627636e-05	0.90917057604591
20.872	1.6171887989217e-07	7.5875845386891e-08	1.8264084620436e-07	0.016648773769228	0.011803342017842	0.03873048410011	8.8012334175764e-07	0.014164734549726	0.033108135239391	0.01278575422279	0.00062286731681083	0.021803284897536	6.5582047897675e-05	0.077573049938036	0.0088068369913096	0.57223011526897	0.011352208436231	3.5005105470764e-08	3.2127048689725e-08	1.8609803716464e-06	4.1807348415622e-05	0.90917307395959
21	1.6102377383913e-07	7.548326089683e-08	1.8167525131092e-07	0.016650425111728	0.011802943580367	0.038732317515384	8.753549055041e-07	0.014343853786414	0.033552418128617	0.012784693066002	0.00062290465579849	0.021801293431895	6.4681901926786e-05	0.07756577054342	0.0087966382296721	0.5720267458988	0.011351150812521	3.4804810375938e-08	3.1916044873288e-08	1.8606053002333e-06	4.1618915473931e-05	0.90917389345466
21.2	1.5056304295828e-07	7.1529109380589e-08	1.7462125792539e-07	0.016652893333969	0.011802320850242	0.038735060801739	8.4532087682463e-07	0.014686838910538	0.034740756933578	0.012783034169154	0.00062296272939627	0.0217981847344	6.075663761669e-05	0.077554408034512	0.00884037626917	0.58142480886361	0.01134950002139	3.3375963106233e-08	3.0938436435066e-08	1.6726381716568e-06	4.0995837315028e-05	0.90917519568384
21.48	1.4688019352792e-07	6.8942235201254e-08	1.6864729526439e-07	0.016656060426413	0.011801445300389	0.03873859857587	8.1756554397991e-07	0.015147434109368	0.035619250703376	0.012780711743091	0.00062304292556988	0.021793841633451	5.6189674412841e-05	0.0775385453383	0.0087941986712344	0.5722766738467	0.011347194581442	3.2125851970103e-08	2.9781342221257e-08	1.6647275541011e-06	4.0110243994929e-05	0.90917707212356
21.872	1.4438520954263e-07	6.7271699470626e-08	1.6439074818031e-07	0.016660155084684	0.011800220131912	0.038743231071545	7.9643336815683e-07	0.015816539327003	0.03726556790391	0.012777464175342	0.00062315461475	0.021787774403179	5.2118875394637e-05	0.077516396156262	0.0087411087232012	0.57065195448209	0.011343974670027	3.1236140139201e-08	2.869531008326e-08	1.6633851925155e-06	3.9161244563859e-05	0.90917975617626
22	1.4373115353064e-07	6.6914551410112e-08	1.6349594291276e-07	0.01666145676007	0.011799822152439	0.038744717154278	7.9202524718638e-07	0.016017514145884	0.037765735937354	0.012776404437236	0.00062319130201107	0.021785794793498	5.1313124095782e-05	0.077509169879427	0.0087294021020496	0.57042238479279	0.011342924113709	3.1056420417077e-08	2.8476605237992e-08	1.6630027259292e-06	3.8955649275005e-05	0.90918063754997
22.2	1.3413438400278e-07	6.3426529236609e-08	1.5701313319146e-07	0.016663367429414	0.011799199406436	0.03874690686611	7.6441198888314e-07	0.016400010349951	0.03908302005448	0.012774748281577	0.00062324823864298	0.021782705321396	4.7829216139512e-05	0.077497892625467	0.0087784061395555	0.58100143825165	0.011341284766732	2.9799058729985e-08	2.7486775300948e-08	1.4744324789624e-06	3.8292321631325e-05	0.90918203835322
22.48	1.3086921972051e-07	6.1176918030716e-08	1.5160404080974e-07	0.01666572673498	0.01179832141879	0.038749640906798	7.3916668445009e-07	0.016905803442782	0.040032124962971	0.01277243098464	0.00062332646510884	0.021778390878139	4.3801813807318e-05	0.077482154611681	0.008726604264421	0.57072779663359	0.011338996272066	2.8706528051445e-08	2.631603793088e-08	1.4663757898886e-06	3.7353367198565e-05	0.90918405769877
22.872	1.286212158407e-07	5.970970332231e-08	1.47762244984e-07	0.016668651831245	0.01179708876785	0.03875310409278	7.1998958601196e-07	0.017646958579665	0.041874927354298	0.012769192244158	0.00062343476847239	0.021772366111063	4.0237581536154e-05	0.077460187265102	0.0086667393209932	0.56889942002042	0.011335801265935	2.7924795297008e-08	2.5219823688014e-08	1.4650463344086e-06	3.6345836285747e-05	0.90918694923747
23	1.2802332642544e-07	5.9389101313554e-08	1.4694501364894e-07	0.016669565710944	0.011796687771352	0.038754201646104	7.1594975760311e-07	0.017870940886662	0.042436095213189	0.012768135607354	0.0006234702605231	0.021770400695893	3.9535432842706e-05	0.077453021443751	0.0086534103190016	0.56864093598867	0.011334759008266	2.776391605889e-08	2.4999069838641e-08	1.4646660834491e-06	3.612624708704e-05	0.9091878994948
23.2	1.1922007607504e-07	5.6272951182563e-08	1.412443329242e-07	0.016670863571311	0.011796059554324	0.038755777137259	6.9076524450155e-07	0.018292653611792	0.043877772426899	0.012766484700948	0.00062352521504797	0.021767334017337	3.6541047413392e-05	0.077441840164358	0.008708423640036	0.58053038876373	0.011333132889973	2.6662921974534e-08	2.4031792667103e-08	1.282461318841e-06	3.5448738293601e-05	0.90918940912303
23.48	1.1637602235647e-07	5.4310667625687e-08	1.3652597232559e-07	0.016672350035528	0.011795171583028	0.038757633640692	6.6806346203647e-07	0.018836870246636	0.044879574954437	0.012764175679974	0.00062360032321358	0.021763052820609	3.3107242729564e-05	0.077426239788115	0.0086511014064237	0.56902417120375	0.011330863483518	2.5712650749059e-08	2.2892980763822e-08	1.2744659229162e-06	3.4496366579142e-05	0.9091915836954
23.872	1.1442222895256e-07	5.3041299185701e-08	1.331777094401e-07	0.016674030223026	0.011793920611641	0.038759837039855	6.5098883360545e-07	0.019639157166306	0.046905069049773	0.012760949686572	0.00062370362337104	0.021757076325905	3.0094898436053e-05	0.077404470026244	0.0085848673586132	0.56698290286523	0.011327695993126	2.5034049307519e-08	2.1832540114388e-08	1.2731968533794e-06	3.3475409789192e-05	0.90919469753902
24	1.1389764515123e-07	5.2761514387658e-08	1.3245702507631e-07	0.016674533423508	0.011793512908258	0.03876051754529	6.4738232115959e-07	0.019882855762806	0.047521929751396	0.012759897375909	0.00062373737437732	0.021755126939355	2.9504977236862e-05	0.077397369587519	0.0085700425796311	0.56669679249818	0.011326662851457	2.4893011445552e-08	2.1619161797218e-08	1.2728333511657e-06	3.3251858918867e-05	0.90919572129896
24.2	1.2311716294983e-07	5.4636755620613e-08	1.8231084251918e-07	0.016675183045622	0.011792904867034	0.038761657006329	7.7275005835205e-07	0.020312760343283	0.048928265683767	0.012758281419614	0.0006237939780936	0.021752110934088	2.7087336301338e-05	0.077386285546535	0.0086380527441859	0.58006324602054	0.0113250492936	2.850847574606e-08	2.1786426443882e-08	1.3906600515617e-06	3.4487689100036e-05	0.90919731666319
24.48	1.2399188106918e-07	5.5346600671577e-08	2.1140227928062e-07	0.016675744530507	0.011792136158927	0.038763389742741	8.6595995974855e-07	0.020830643774588	0.049826872462064	0.012756076247498	0.00062388416357749	0.021747940165835	2.4355360048307e-05	0.077370780478769	0.0086000069107837	0.56737931771729	0.01132279226831	3.0599607370612e-08	2.1791461233032e-08	1.3961596659967e-06	3.6127992737188e-05	0.90919954938379
24.872	1.2322155936995e-07	5.5287002045556e-08	2.221386322993e-07	0.016676096082468	0.011791167771463	0.03876589273621	9.114981269511e-07	0.0216116911788	0.051824040693438	0.012753036315044	0.0006240246031672	0.02174213731195	2.1998589363635e-05	0.077349092658672	0.0085645178054041	0.56525536753754	0.011319635849765	3.1316775553921e-08	2.1646897524824e-08	1.3951072754711e-06	3.7595654172444e-05	0.90920268775464
25	1.2296620442943e-07	5.5202354225702e-08	2.229907486186e-07	0.016676157329833	0.01179086619406	0.038766717238305	9.1651149656429e-07	0.021852828046667	0.052435572431018	0.012752048014815	0.00062407238868643	0.02174024553963	2.1543149595626e-05	0.077342014038976	0.0085576477050737	0.56497840464764	0.011318605687558	3.1354836639607e-08	2.1603844393269e-08	1.3947907934356e-06	3.7870320201784e-05	0.90920371432944
25.2	1.7153184110739e-07	7.0255302401047e-08	2.1546312523647e-07	0.016676136722156	0.011790381830123	0.038767931504937	9.5374147517703e-07	0.022279774216237	0.053823247948239	0.012750514645248	0.0006241452157316	0.021737289611785	1.9760870966444e-05	0.077331032239834	0.0086378425241636	0.57971391443506	0.011317005897146	3.3103823253242e-08	2.1074781358979e-08	1.2985358657417e-06	3.6843753367379e-05	0.90920532887571
25.48	1.7839691760424e-07	7.7191402258081e-08	2.1352973941668e-07	0.016675835478907	0.01178965412515	0.038769338227514	9.8480306916438e-07	0.022765956308695	0.054634030160643	0.012748395910001	0.00062424008358788	0.021733164350059	1.7767871565211e-05	0.077315758062896	0.0085804714386123	0.56577282868139	0.011314784824569	3.4956690090617e-08	2.0198742611765e-08	1.2905942804345e-06	3.5233478035712e-05	0.90920763510037
25.872	1.773184723056e-07	7.8847845834222e-08	2.119632736887e-07	0.016675089017248	0.011788571649093	0.03877089587986	9.9635002092947e-07	0.023485315066981	0.0565765913719	0.012745459455233	0.00062436368023379	0.021727411814184	1.6059281523088e-05	0.077294451692341	0.0085085691667586	0.56345854566268	0.011311691269835	3.579250219102e-08	1.9287519480693e-08	1.2890426419911e-06	3.3506785080849e-05	0.90921092938727
26	1.7678920374363e-07	7.8822271417452e-08	2.1143212265486e-07	0.01667480707736	0.011788211161088	0.038771355682093	9.9637631900784e-07	0.02370532115777	0.05715939292121	0.012744503874147	0.00062440301607252	0.021725536349809	1.5729460700406e-05	0.077287503404647	0.0084920602975314	0.56317055634354	0.011310682759016	3.5837364044676e-08	1.9096779231876e-08	1.288578031901e-06	3.3139171963948e-05	0.90921201277169
26.2	2.089792208224e-07	8.9784546891037e-08	2.2208347466767e-07	0.016674274223306	0.011787634001154	0.038772021875651	1.0415869256565e-06	0.024078163265583	0.058346697050238	0.012743023505479	0.00062446255898307	0.021722617088942	1.4418822830028e-05	0.077276701469594	0.0085703201840712	0.57925241716081	0.011309114428789	3.9331429283011e-08	1.8704290222514e-08	1.2596902773361e-06	3.2204396989865e-05	0.90921371287076
26.48	2.1269118698166e-07	9.4519987052593e-08	2.2955076769766e-07	0.016673306047822	0.011786797492777	0.038772782381765	1.0769563746235e-06	0.024476397226669	0.058959142749025	0.012740980558863	0.0006245418096527	0.021718556703068	1.2957323974824e-05	0.077261645339344	0.0085079866744512	0.56424378999293	0.011306932035607	4.1811047382326e-08	1.8110133532822e-08	1.254450413327e-06	3.1170304172024e-05	0.90921612178322
26.872	2.1117010440339e-07	9.535076070001e-08	2.3147449165588e-07	0.016671682441765	0.011785597573734	0.038773599194959	1.090652779256e-06	0.025095558662307	0.060710853495907	0.012738149160844	0.00062464843432577	0.02171289828898	1.1710899580445e-05	0.077240618631448	0.0084394723964915	0.56186685825545	0.011303887778414	4.2732459819545e-08	1.7511733586313e-08	1.2528452067151e-06	3.0233839829822e-05	0.90921953677456
27	2.1060836448312e-07	9.5238476313694e-08	2.3130459618201e-07	0.016671120198298	0.011785203419083	0.038773836907782	1.0909960648109e-06	0.02528761513944	0.06123144861691	0.012737227608655	0.00062468288079229	0.021711053379498	1.1471380393462e-05	0.077233758920695	0.0084247608590821	0.56159818074515	0.011302894875801	4.2771236375545e-08	1.7385711132818e-08	1.2523663923545e-06	3.004204957919e-05	0.9092206568342
27.2	2.268403470234e-07	1.0082352322275e-07	2.4479230384976e-07	0.016670168328394	0.011784585574394	0.038774204561014	1.151827576479e-06	0.025599082016478	0.062173139257868	0.012735803504627	0.00062473641892019	0.021708181915628	1.0537323361941e-05	0.077223068324603	0.0085137969068724	0.57886695013782	0.011301347295738	4.5308756986057e-08	1.7256459216259e-08	1.2679255530327e-06	2.9770114418729e-05	0.90922240891288
27.48	2.2823725755587e-07	1.0305527534025e-07	2.5272321511658e-07	0.016668660223327	0.01178371953769	0.038774671422012	1.1957340696638e-06	0.025909518137822	0.062580797622027	0.012733842436524	0.00062481108587241	0.02170418418747	9.503907532396e-06	0.07720813505162	0.008457985439596	0.5629873708007	0.011299187529593	4.6910413329635e-08	1.6988035549551e-08	1.2654509025961e-06	2.9498692768499e-05	0.9092248745151
27.872	2.2700353578349e-07	1.0325019356753e-07	2.5486433511826e-07	0.0166663367481	0.011782509937425	0.038775222541391	1.214066557679e-06	0.026428433689203	0.06412981789248	0.01273112526388	0.00062491573834832	0.021698606606095	8.6299442571683e-06	0.077187257930022	0.0083990629131446	0.56058324673389	0.011296170008338	4.7424580821842e-08	1.6680435678567e-08	1.2641223301869e-06	2.9239513231149e-05	0.90922834873133
28	2.2659733523734e-07	1.0313269114996e-07	2.5479859185071e-07	0.016665552318493	0.0117821161511	0.038775389429299	1.2152882224517e-06	0.026592128608488	0.064585626125069	0.01273024076361	0.00062495003696121	0.021696787300603	8.46303482267e-06	0.077180444846638	0.0083869970150847	0.56033736332646	0.011295185394805	4.7430203986963e-08	1.6611523669556e-08	1.2637209583976e-06	2.9181352885465e-05	0.90922948588852
28.2	2.3326507092877e-07	1.054833419143e-07	2.6153657327971e-07	0.016664271931474	0.011781501089285	0.03877564169272	1.254061842192e-06	0.026847655751035	0.065316645195253	0.012728869481718	0.00062500362827823	0.021693951167665	7.8139870514906e-06	0.077169814002584	0.008484805776755	0.57857902539336	0.01129364902927	4.8648099948777e-08	1.6497586689723e-08	1.2621264055435e-06	2.9049896823024e-05	0.90923126550794
28.48	2.3349568677328e-07	1.0630577275232e-07	2.6518844351442e-07	0.01666234982861	0.011780640040854	0.038775945610149	1.2806436830066e-06	0.027082334306352	0.065550191365816	0.012726971157297	0.00062507852789089	0.021689993688826	7.0988655838723e-06	0.077154952617419	0.0084301757597355	0.5619755523425	0.01129150221993	4.9358466294013e-08	1.6288629765516e-08	1.2597955605612e-06	2.8875268900037e-05	0.90923376859428
28.872	2.3255495586183e-07	1.0620114643955e-07	2.6585063345336e-07	0.016659502602573	0.011779435839844	0.038776282506631	1.2908060709792e-06	0.027514562574967	0.06692870490461	0.012724332118075	0.00062518334679199	0.021684465403822	6.496804193135e-06	0.077134170297677	0.0083720234092641	0.55953780473386	0.011288500972939	4.9524017861059e-08	1.6054975088249e-08	1.2587118661724e-06	2.8676668614954e-05	0.90923729096587
29	2.3226489723252e-07	1.0609619003348e-07	2.6570713939824e-07	0.016658553855826	0.011779043272014	0.038776381229309	1.2912418562384e-06	0.02765340477773	0.067329183016568	0.012723472240932	0.00062521763413999	0.021682661616914	6.3822254973419e-06	0.07712738760146	0.0083602756186099	0.55930839452765	0.011287521522448	4.9504534459238e-08	1.6002986976005e-08	1.2583770416052e-06	2.863009954955e-05	0.90923844328243
29.2	2.3314084087074e-07	1.0647898708903e-07	2.6766693969657e-07	0.01665703240239	0.011778429518065	0.038776515353132	1.3074449908358e-06	0.027860332084501	0.067881113337543	0.012722134149548	0.00062527111318993	0.021679846548703	5.9355314804097e-06	0.077116796858208	0.0084629777624993	0.57834257798665	0.011285992250751	4.9868125009761e-08	1.5863852970303e-08	1.2410371663081e-06	2.8497332265605e-05	0.90924024793394
29.48	2.3271607909321e-07	1.064687801394e-07	2.6842850292443e-07	0.016654810154319	0.011777568285702	0.038776641947341	1.3174565792169e-06	0.028029797720955	0.067965952271263	0.012720271587235	0.0006253455856239	0.021675912421911	5.4444516683746e-06	0.077101985223108	0.0084071422618966	0.56114753512279	0.011283853792775	5.0021053258435e-08	1.5671142359488e-08	1.2387053160834e-06	2.8315278727113e-05	0.90924278623276
29.872	2.3196903302655e-07	1.0620006864977e-07	2.6812874994175e-07	0.016651587816911	0.011776360447452	0.0387767338595	1.3199421826173e-06	0.028388228321539	0.069198993924556	0.012717673868034	0.00062544938712053	0.02167041218315	5.0320925151709e-06	0.077081269036975	0.0083479977116206	0.55868151893411	0.01128086310718	4.9977407808869e-08	1.5476547141666e-08	1.2377979274552e-06	2.8117047376972e-05	0.90924635526542
30	2.3175232066214e-07	1.0610585765412e-07	2.6793811126171e-07	0.016650522069204	0.01177596612081	0.038776753596516	1.319598688851e-06	0.028505973183345	0.06955225803768	0.012716826706478	0.00062548327102017	0.02166861716432	4.953781049371e-06	0.077074507521941	0.0083362082188317	0.55846573509429	0.011279887004415	4.9944233199783e-08	1.543472250999e-08	1.2375117380851e-06	2.8072289116063e-05	0.90924752240376
