# Time [h]	AA [g/L]	MO_AcidoLCFA [g/L]	MO_Acetic [g/L]	MO_hydroM [g/L]	MO_Propionic [g/L]	MO_acetoM [g/L]	MO_ButyricValeric [g/L]	MO_AcidoMS [g/L]	MO_AcidoAA [g/L]	Nitrogen [g/L]	SUM [g/L]
0.2	0.00032003083283501	0.15584118015206	0.1172896890899	0.36384939180752	0.12892335369445	0.0058744775679238	0.22266981613001	0.79675717267436	0.11602041621477	2.1246677180321	4.0322132461959
0.48	0.0003617559527864	0.15594326035329	0.11744802568024	0.36492221356295	0.1290199182699	0.0058963455416669	0.22274182057383	0.79668144243231	0.11606245635949	1.704577112314	3.6136543510404
0.872	0.00036550697167847	0.15617315223874	0.11766783354631	0.36663430309728	0.12919617595079	0.0059268239036783	0.22285321527246	0.79657436371898	0.11612553140926	1.2954494667761	3.2069663728853
1	0.00036530722109352	0.15626273150111	0.11773935499671	0.36721562653421	0.12925745486901	0.0059367687121568	0.22289010251353	0.79653940613011	0.11614622508698	1.1860187278916	3.0983717054565
1.2	0.00025591217621881	0.15641628477405	0.11784954579087	0.3681169685761	0.12935631565364	0.0059521343025227	0.2229380798897	0.79646407460181	0.11616834996476	1.0340336958396	2.9475513615693
1.48	0.00023269679708413	0.15666485588346	0.11799895980269	0.36938493579841	0.12949897500067	0.0059730801759205	0.22298996303959	0.79634981407574	0.11618944514058	0.85395642317669	2.7692391488908
1.872	0.00023024805889097	0.15705933429979	0.11819995352402	0.37117886019834	0.12970153866203	0.0060014545639911	0.22305614097927	0.79618973309438	0.11621673177799	0.6537765773774	2.5716105725361
2	0.00023013952570409	0.15719465054074	0.11826425249076	0.37176677423691	0.12976788618914	0.0060105718816113	0.2230774960625	0.7961374726127	0.11622559101816	0.59872233390267	2.5173971684609
2.2	0.00016080360730051	0.15741389086823	0.11836064210642	0.3726409122379	0.12986359300375	0.0060243191291383	0.2230999232675	0.79604286376238	0.11623269158777	0.52185657163477	2.4416962112052
2.48	0.00014666653132769	0.15773732423754	0.11848441041478	0.37376479201418	0.12997333942231	0.0060421793293355	0.22311646812019	0.79590499464416	0.11623632909828	0.43062063897936	2.3520271427915
2.872	0.00014533982578784	0.15821052603781	0.11863980160684	0.37523707144672	0.13010360448408	0.0060649631818892	0.22313409634542	0.79571194234994	0.11624004515327	0.32920461537301	2.2526920058048
3	0.00014532540489766	0.15836779545656	0.11868766677028	0.37570667482208	0.13014423466563	0.0060720493851291	0.22313965166234	0.79564891843417	0.11624122879885	0.30131775935947	2.2254713047594
3.2	0.00010364412874958	0.15861795064052	0.11875784552461	0.37639560782758	0.13019885737549	0.0060825438812186	0.22314133198343	0.79554213900497	0.11623892576105	0.26239996841121	2.1874788145388
3.48	9.5368111469329e-05	0.15897618344843	0.11884640294395	0.37727482612508	0.13025525543105	0.0060960165559332	0.22313449707471	0.79538920834053	0.11623189707967	0.21624094390699	2.1425405990178
3.872	9.4706262438438e-05	0.15948515340673	0.11895736600738	0.37843161274693	0.13031917274074	0.0061132435229622	0.22312161517471	0.79517511075704	0.1162212461397	0.16495350656912	2.0928727333278
4	9.4738610046266e-05	0.15965216395676	0.11899175625462	0.37880189791372	0.13033901461529	0.0061186400548674	0.2231172910754	0.79510521647417	0.11621775149008	0.15085202375043	2.0792904941954
4.2	6.9044158811721e-05	0.15991461617294	0.11904317211122	0.37935134732133	0.13036393950775	0.0061267813472326	0.2231060690872	0.79499069712711	0.1162096983839	0.13117644368541	2.0603518089029
4.48	6.4042252046728e-05	0.16028343571884	0.11911023132214	0.38006951658942	0.13038708700977	0.006137559368777	0.22308460556199	0.79482818376865	0.1161960729705	0.1078473322245	2.0380080667866
4.872	6.3765064436882e-05	0.1607980912052	0.11919738155309	0.3810323394877	0.13041202376369	0.0061518045134071	0.2230525134882	0.79460069320014	0.11617650171945	0.081933105732727	2.013418219728
5	6.3831333837738e-05	0.160965564296	0.1192248553245	0.38134209835053	0.13041970271821	0.0061563347480967	0.22304196211249	0.79452642657514	0.11617010130419	0.074809059981515	2.0067199367445
5.2	4.7883343738176e-05	0.16122667567793	0.11926641163804	0.38180680306452	0.13042791667502	0.0061632415710194	0.22302265007833	0.79440704303382	0.1161584842989	0.064872574222499	1.9973996836038
5.48	4.4848872589031e-05	0.16158945669259	0.11932132914901	0.38242357648291	0.13043274151179	0.0061724999320993	0.22299200343439	0.79423853228222	0.11614075754647	0.053099867892419	1.9864556137965
5.872	4.4851248340456e-05	0.16208959753313	0.11939321340975	0.38325440961659	0.13043559724477	0.0061848323865463	0.22294781262065	0.79400265739125	0.1161156298378	0.04003612940385	1.9745047306927
6	4.4958072852915e-05	0.16225121497802	0.11941585689204	0.38352117928978	0.1304362933396	0.0061887562174458	0.2229333360605	0.79392565336711	0.11610741885267	0.036447299615135	1.9712719666852
6.2	3.5219232607854e-05	0.16250155652555	0.11945010739929	0.38392378083237	0.13043506574262	0.006194744845963	0.22290897359753	0.79380332407573	0.11609360393046	0.031445984689706	1.9667923608718
6.48	3.346420118231e-05	0.16284605503176	0.11949534682995	0.38446150047798	0.13042946270389	0.0062027849976826	0.22287263484956	0.79363123265204	0.11607336359806	0.025530589556284	1.9615764348984
6.872	3.3758830851801e-05	0.16331470116892	0.11955395595905	0.38518224800035	0.13041939568166	0.0062134407644394	0.22282093772634	0.79339034922031	0.11604482842607	0.018985072609946	1.9559586883879
7	3.3936659593152e-05	0.16346467235523	0.11957217747862	0.38541190406613	0.13041596453049	0.0062168042975726	0.22280402292202	0.79331170951487	0.11603550639638	0.017190982145023	1.9544576803659
7.2	2.8353026209085e-05	0.16369482947229	0.11959946892562	0.38575845842593	0.13040923430715	0.0062219093212018	0.22277657757843	0.79318776729565	0.11602037456401	0.014696941381361	1.9523939142979
7.48	2.7567178382323e-05	0.16400681271727	0.11963490177249	0.38621927943362	0.13039755383518	0.0062287006405706	0.22273682919351	0.79301379934801	0.11599865829186	0.011761414415029	1.9500255168259
7.872	2.8344735402982e-05	0.16442084837899	0.11967894409242	0.38682458584957	0.130379810338	0.0062374927405076	0.22268062833832	0.79277028429713	0.11596811966789	0.0085433605379147	1.9475324189761
8	2.8682484612912e-05	0.16455079706642	0.11969209838206	0.38701384614479	0.13037390242846	0.0062402057950528	0.22266224372411	0.79269078387279	0.11595814250243	0.0076685400786351	1.9468792424794
8.2	2.599565455355e-05	0.1647466494692	0.11971114613467	0.38729617406514	0.13036389254738	0.0062442502778088	0.22263296821608	0.79256616256983	0.11594225501965	0.0064627380615532	1.9459922320159
8.48	2.6220822101872e-05	0.16500418106552	0.11973440718009	0.38766292516645	0.13034855884402	0.006249471203424	0.22259122194522	0.79239151487992	0.11591970934427	0.0050668366292077	1.9449950470802
8.872	2.8087801147537e-05	0.16532941906187	0.11975979508081	0.38812198807394	0.13032602036263	0.0062558478761244	0.22253231716348	0.79214702568928	0.11588802523639	0.0035854230861741	1.9439739494318
9	2.8821072074712e-05	0.16542769680773	0.11976646181699	0.38825998020695	0.13031852708101	0.0062577190026631	0.22251303230799	0.79206720296794	0.11587766844275	0.0031941679268031	1.9437112776329
9.2	2.8067725123375e-05	0.16557115582367	0.11977503259467	0.38845988934003	0.13030632329183	0.0062604020139318	0.22248257128165	0.79194241040881	0.1158613111091	0.0026695990180424	1.9433567626069
9.48	2.9663087993342e-05	0.16575075653639	0.11978323664474	0.38870760662536	0.13028833460477	0.0062636631029833	0.22243940679114	0.79176766221172	0.11583819960392	0.0020921427564466	1.9429606719655
9.872	3.3426862919518e-05	0.16596357899966	0.11978763578688	0.38899743481128	0.13026210678892	0.0062673030548808	0.22237847170449	0.79152300244024	0.11580569922951	0.0015306023836963	1.9425492620625
10	3.4742392487555e-05	0.16602546292628	0.11978763690713	0.38908090566969	0.1302533883855	0.0062683040778724	0.22235850732417	0.79144312542146	0.11579507154631	0.0013925942140275	1.9424397388649
10.2	3.4425366131489e-05	0.16611405944501	0.11978627103426	0.38919912733373	0.13023940468257	0.0062696892747586	0.22232705807441	0.79131821553782	0.11577831462388	0.0012177528843883	1.942284318257
10.48	3.6267555971669e-05	0.16622360636668	0.11978199148427	0.38934317455913	0.13021918633834	0.0062713187947565	0.22228260937027	0.79114329339698	0.11575465395424	0.001041610823449	1.9420977126441
10.872	3.9610725964162e-05	0.16635634199815	0.11977249215397	0.3895148369886	0.13019021572543	0.0062731409495688	0.22222002958358	0.79089847392956	0.11572142031831	0.00088962427415155	1.9418761866473
11	4.0604521054463e-05	0.16639631765747	0.11976879226904	0.3895660269926	0.13018067690668	0.0062736576468508	0.22219956369689	0.79081856442432	0.1157105641478	0.00085524662877988	1.9418100148915
11.2	3.8444155747558e-05	0.16645567799182	0.11976253676547	0.38964109280285	0.13016556852095	0.0062744028300303	0.22216740939296	0.79069348016349	0.11569347045068	0.00081392159936926	1.9417060046734
11.48	3.7810121448723e-05	0.16653360688736	0.11975304968604	0.38973809835759	0.1301440225918	0.0062753505166272	0.22212206210615	0.79051818729139	0.11566933907549	0.00077569068276081	1.9415672173167
11.872	3.8222155279622e-05	0.16663639443873	0.11973884216407	0.3898645851828	0.1301135085787	0.0062765559660641	0.22205833478801	0.79027283881211	0.11563545229894	0.00074611299627379	1.941380847381
12	3.8417782601606e-05	0.16666906651131	0.11973406354598	0.38990460578603	0.13010351182248	0.0062769313080654	0.22203750969862	0.79019275018355	0.11562438337176	0.00073984785680742	1.9413210878672
12.2	3.5000619556141e-05	0.16671913672221	0.11972648453833	0.38996517423089	0.13008773101811	0.0062775030457777	0.22200481176794	0.7900673113271	0.11560696821951	0.00073307070200514	1.9412231921914
12.48	3.2912700375301e-05	0.16678739779807	0.11971569186262	0.39004637010861	0.13006528524048	0.0062782796007259	0.22195870619651	0.78989140930631	0.11558238836372	0.00072873908397804	1.9410871802614
12.872	3.2020381745684e-05	0.16688093606933	0.11970038597976	0.39015653969548	0.13003354379074	0.0062793410234798	0.22189390380526	0.78964513674438	0.11554786063805	0.00072777236026513	1.9408974404885
13	3.1921572116786e-05	0.16691125311061	0.11969536703264	0.39019214937294	0.13002315075035	0.0062796848369948	0.22187272556896	0.78956473750953	0.11553658012949	0.00072788824153438	1.9408354581252
13.2	2.8789104218995e-05	0.16695814581204	0.11968749130801	0.39024652823367	0.13000675856262	0.0062802176479424	0.2218394897152	0.78943882348491	0.11551885466431	0.0007290712841734	1.9407341698171
13.48	2.6768059442431e-05	0.16702272312259	0.11967639216034	0.39032010894464	0.1299834739674	0.0062809539851529	0.22179266231205	0.78926226032612	0.11549387377381	0.00073287125087729	1.9405920879024
13.872	2.5794220948696e-05	0.1671120770028	0.11966080509311	0.39042094717061	0.12995057650766	0.0062819784803284	0.22172687445835	0.78901505142165	0.11545880318875	0.00073906711510492	1.9403919746593
14	2.5661076199666e-05	0.16714117996198	0.11965571954987	0.39045372035017	0.12993980830212	0.006282313541505	0.22170537657996	0.78893434444843	0.11544734650526	0.00074082061434765	1.9403262909298
14.2	2.3256442004565e-05	0.16718625330149	0.11964775406827	0.39050387908517	0.12992284770916	0.0062828345538561	0.22167166783654	0.7888079966985	0.11542937019953	0.00074421345246933	1.940220073347
14.48	2.1695064608307e-05	0.16724836449716	0.1196365493349	0.39057188674302	0.12989881214104	0.0062835570006164	0.22162423704412	0.78863087765186	0.11540408015144	0.00075061064884032	1.9400706702776
14.872	2.0918843993637e-05	0.16733438482842	0.1196208490447	0.39066530560803	0.1298649100336	0.0062845665801024	0.22155765552578	0.78838290438657	0.1153686040132	0.00075943519393719	1.9398595340583
15	2.0806339583931e-05	0.16736242457522	0.11961573356863	0.39069571577841	0.12985381876786	0.0062848976942189	0.22153590313185	0.78830194803802	0.11535701688774	0.00076183799275057	1.9397901027743
15.2	1.9043997252954e-05	0.16740578897972	0.1196077244265	0.39074226718171	0.12983637655067	0.0062854129468805	0.2215018236202	0.78817525686827	0.11533885711463	0.00076624918533289	1.9396788008712
15.48	1.7898711403705e-05	0.16746535377827	0.11959646364852	0.39080533638102	0.12981172076503	0.0062861279904059	0.22145393070761	0.78799770818938	0.11531334495088	0.00077416091281805	1.9395220460353
15.872	1.7312939963674e-05	0.16754763137078	0.11958069927445	0.39089192861587	0.12977700447544	0.0062871290880358	0.221386751207	0.7877491492616	0.11527758067322	0.00078486782131795	1.9393000547277
16	1.7223229824416e-05	0.1675744331046	0.11957556668763	0.39092012622613	0.1297656529746	0.0062874579342372	0.22136480799086	0.78766800222621	0.11526590115291	0.00078778358437485	1.9392269551114
16.2	1.5928171130204e-05	0.16761576529104	0.11956753166948	0.39096323874463	0.12974782555374	0.0062879697559503	0.22133045171755	0.78754104874514	0.11524761182148	0.00079308339480647	1.939110454865
16.48	1.5084694339644e-05	0.16767222515167	0.11955623523448	0.3910214657693	0.1297226786321	0.0062886800647304	0.22128221576431	0.78736317245378	0.11522194338846	0.00080250056120532	1.9389462017144
16.872	1.4636849867312e-05	0.16774984358863	0.11954042885805	0.39110120078555	0.12968732201885	0.0062896755696644	0.22121459390578	0.78711416742838	0.11518597679274	0.00081528304663312	1.9387131288441
17	1.4563668790697e-05	0.16777509063365	0.11953528561391	0.39112715569002	0.1296757663139	0.0062900029927184	0.22119250967951	0.787032875207	0.11517423243153	0.00081879112810218	1.9386362733591
17.2	1.358929416e-05	0.16781387635122	0.11952723377762	0.39116673844404	0.12965763679285	0.0062905125692927	0.2211579485011	0.78690572031375	0.11515585202811	0.00082511342724224	1.9385142214994
17.48	1.2951934904478e-05	0.16786646876978	0.11951591081729	0.39121990150143	0.12963210433808	0.0062912193366985	0.22110945743397	0.78672759061928	0.11513007337934	0.0008362641511612	1.9383419422819
17.872	1.2597817088292e-05	0.16793830126505	0.11950006943242	0.39129235962511	0.12959624431553	0.0062922101576113	0.22104150539381	0.78647823999709	0.11509396374965	0.00085148537763738	1.938096977131
18	1.2535796348957e-05	0.16796161725296	0.11949491710263	0.39131592148581	0.12958452798478	0.0062925363608833	0.2210193158001	0.7863968352892	0.11508217351787	0.00085570081765978	1.9380160814082
18.2	1.177739026976e-05	0.16799726240781	0.11948684966448	0.39135170895548	0.1295661598595	0.0062930438472586	0.22098460059074	0.78626952214094	0.11506372835416	0.00086321749229474	1.9378878707029
18.48	1.1278856591107e-05	0.16804514180844	0.11947549759578	0.39139936959002	0.12954032035628	0.0062937467246165	0.2209359156561	0.78609119099604	0.115037870675	0.00087634478322676	1.9377066770421
18.872	1.0988346666133e-05	0.16810997636708	0.11945960998571	0.39146385406387	0.12950405654306	0.0062947313692514	0.22086771066941	0.78584156492125	0.11500165794246	0.00089435333834711	1.9374485035471
19	1.09340262373e-05	0.16813095990162	0.11945444375938	0.39148478364043	0.12949221105925	0.0062950557139823	0.22084544015654	0.78576007054058	0.11498983459985	0.00089938603929846	1.9373631194372
19.2	1.0320608629274e-05	0.168162832997	0.11944635136193	0.39151637573156	0.12947364965515	0.006295559869346	0.22081060557509	0.78563262901286	0.11497134229028	0.00090826641678062	1.9372279335186
19.48	9.91610724136e-06	0.16820510365439	0.11943495146764	0.39155791460319	0.12944755811916	0.0062962563760934	0.22076176807275	0.78545413221974	0.11494542633854	0.00092361860959633	1.9370366455683
19.872	9.6698392561646e-06	0.16826165822345	0.11941898149707	0.39161347725269	0.12941095938425	0.0062972300554028	0.22069336186129	0.78520427902065	0.11490913701499	0.00094477998741265	1.9367635341365
20	9.621136679523e-06	0.16827988430652	0.11941378797072	0.39163145207944	0.12939900639826	0.0062975507652491	0.22067102676485	0.7851227106881	0.11489728902851	0.00095074739360599	1.9366730765319
20.2	9.1061504735715e-06	0.16830731528916	0.1194056473192	0.39165832043335	0.12938028262721	0.0062980485027871	0.22063609585723	0.78499516144907	0.1148787612324	0.00096117719509172	1.936529916056
20.48	8.7668688347367e-06	0.16834302432961	0.11939416023556	0.39169294188348	0.12935397607769	0.0062987334212637	0.22058713306576	0.78481652396542	0.11485280072062	0.0009790323770665	1.9363270929453
20.872	8.5528877634371e-06	0.16838993249263	0.11937804075222	0.39173838586512	0.12931708827179	0.0062996872296272	0.22051855964499	0.78456647741662	0.11481645231595	0.0010037577104597	1.9360369345872
21	8.5086346488976e-06	0.16840494753646	0.11937279596232	0.39175300089631	0.12930504213719	0.0063000011258409	0.22049617069092	0.78448484612265	0.11480458527755	0.0010107925587186	1.9359406909426
21.2	8.0629489694843e-06	0.16842722680318	0.11936456711998	0.39177449630751	0.12928617639062	0.0063004871471838	0.22046115858175	0.78435720410045	0.11478602971826	0.0010229683269528	1.9357883774449
21.48	7.7713424705958e-06	0.16845538341567	0.11935293005787	0.39180125809302	0.129259679052	0.006301152143341	0.22041208841652	0.78417844453548	0.11476003378478	0.0010435825366077	1.9355723233778
21.872	7.5830286766675e-06	0.16849124961045	0.11933656003767	0.39183520532016	0.12922253189164	0.0063020726638686	0.22034337011004	0.78392822998663	0.11472363800921	0.0010722209852979	1.9352626616436
22	7.5427705198375e-06	0.16850259310077	0.11933122855188	0.391845997945	0.12921040185488	0.0063023750393721	0.22032093432504	0.78384654398433	0.1147117556604	0.0010804367171964	1.9351598099494
22.2	7.1496226735575e-06	0.16851901825278	0.1193228540526	0.39186140146422	0.12919140730949	0.0063028417078031	0.22028585102774	0.78371882125411	0.11469317758186	0.0010944919669526	1.9349970142402
22.48	6.8960344368347e-06	0.16853869352758	0.11931098137096	0.39187931976078	0.12916473491082	0.0063034753937965	0.22023668557343	0.7835399555524	0.11466715256712	0.0011179418877595	1.9347658365791
22.872	6.7306418667502e-06	0.16856227973307	0.11929422934968	0.39190040437593	0.1291273475739	0.0063043451346889	0.22016783756379	0.7832895949443	0.11463071763024	0.0011505236476202	1.9344340105951
23	6.6945037242929e-06	0.16856955154151	0.1192887656561	0.3919069236629	0.1291151395458	0.0063046299322526	0.22014535972058	0.78320786138237	0.11461882259778	0.0011599343650716	1.9343236829081
23.2	6.3432699383165e-06	0.16857954271213	0.11928017516873	0.39191557204947	0.12909602535343	0.0063050678796951	0.22011021375548	0.78308006838174	0.11460022570048	0.0011757971098455	1.9341490313809
23.48	6.1220709817192e-06	0.16859005388433	0.11926797236541	0.39192384098105	0.12906919032278	0.0063056576519971	0.22006096643187	0.78290111025792	0.11457417610582	0.001201734416908	1.9339008244891
23.872	5.9789823049495e-06	0.16860056867631	0.11925070691757	0.39193107679883	0.12903157921231	0.0063064590675545	0.21999200796717	0.78265062244634	0.114537707845	0.0012376081312889	1.9335443160447
24	5.9474456430616e-06	0.16860352825943	0.11924506690759	0.39193301217703	0.12901929834357	0.0063067203965248	0.21996949432094	0.78256884746923	0.11452580199527	0.0012480171852739	1.9334257345005
24.2	6.1588144484984e-06	0.16860677736064	0.11923655487539	0.39193683195998	0.12900040393369	0.0063071682564882	0.21993463296068	0.78244122468985	0.11450721322831	0.0012618378477993	1.9332388039273
24.48	6.238847862242e-06	0.16860780520763	0.11922547540686	0.39194357785741	0.12897453329275	0.006307906057335	0.2198863544128	0.78226269540804	0.11448121107182	0.0012778565215585	1.9329736540841
24.872	6.2321507255143e-06	0.16860482419715	0.11921103640665	0.39195374220643	0.1289387750318	0.0063090813087118	0.21981910053554	0.78201284157947	0.11444482693128	0.0012965459327168	1.9325970062805
25	6.2226143916836e-06	0.16860330605675	0.1192064670032	0.3919571253166	0.12892714032747	0.0063094843843064	0.21979716688895	0.78193127433091	0.11443294949583	0.0013017789413955	1.9324729153598
25.2	7.9193192058045e-06	0.16859973365871	0.11919917824643	0.39196160795538	0.12890905440194	0.0063100946664882	0.219762867121	0.78180452286983	0.11441447613712	0.0013114518046878	1.9322809061808
25.48	8.7012601295162e-06	0.16859187819546	0.11918840383713	0.39196468714526	0.12888394427596	0.0063108735866731	0.21971485553403	0.78162764802771	0.11438873769695	0.0013301194480008	1.9320098490073
25.872	8.8880536921048e-06	0.16857745971998	0.11917257875593	0.39196451403919	0.12884898824464	0.0063118655836801	0.21964769508883	0.78138018381803	0.11435277412716	0.0013584326414653	1.9316233800726
26	8.8851835841456e-06	0.16857234979862	0.11916732914497	0.39196392714396	0.12883759528273	0.0063121785455029	0.21962577466972	0.78129939800657	0.11434103703295	0.0013669068671351	1.9314953816757
26.2	1.0120820884167e-05	0.16856341525304	0.11915897524139	0.39196244576391	0.1288199115376	0.0063126475178149	0.21959161802919	0.78117365788373	0.11432276363473	0.001380224756763	1.9312957804391
26.48	1.0654685794013e-05	0.16854859789473	0.1191469491854	0.39195848807819	0.12879540835765	0.0063132601822142	0.2195439910921	0.78099802369496	0.11429727532802	0.0014003954425979	1.9310130439417
26.872	1.0748397086091e-05	0.1685250543132	0.11912975915019	0.39195023456989	0.1287613285378	0.006314070745348	0.21947746571381	0.78075226243667	0.11426164574902	0.0014274929068327	1.9306100625199
27	1.0735752520675e-05	0.16851703244172	0.11912411526456	0.39194722284061	0.12875022327567	0.0063143312762809	0.21945575835262	0.78067203174425	0.11425001667295	0.0014353598738164	1.930476827495
27.2	1.1365295530014e-05	0.16850375152712	0.11911527395924	0.39194247027878	0.12873302907	0.0063147353048209	0.21942194984904	0.78054693662991	0.1142318828281	0.0014468439909315	1.9302682387335
27.48	1.1616916026236e-05	0.16848335641552	0.11910286709127	0.39193527094129	0.1287092686881	0.0063152970104548	0.21937481135071	0.78037202780298	0.11420654784466	0.0014623823806995	1.9299734464417
27.872	1.1638937547418e-05	0.16845261369581	0.11908549398422	0.39192404779364	0.12867625691402	0.006316082762061	0.21930895518543	0.78012725156089	0.11417111159785	0.0014820062881696	1.9295554587196
28	1.1625704252265e-05	0.168442310002	0.11907982931339	0.39192023817214	0.12866550146632	0.0063163403797291	0.21928746446519	0.78004734194675	0.11415954437587	0.0014876177270257	1.9294178135527
28.2	1.1890679833659e-05	0.16842565100454	0.1190709766243	0.39191418613999	0.1286488010094	0.0063167426622521	0.21925394475077	0.77992260765618	0.11414148835608	0.0014958974120748	1.9292021862954
28.48	1.1983423894012e-05	0.16840099393003	0.11905856643972	0.39190515808227	0.12862562005422	0.0063173036020009	0.21920712018438	0.77974809539193	0.11411623606855	0.0015072874492568	1.9288983646262
28.872	1.1971671785726e-05	0.1683648586226	0.11904117908858	0.39189153610725	0.12859332816842	0.0063180870065182	0.21914164402301	0.77950385754156	0.11408090289101	0.0015218149407389	1.9284691800615
29	1.1959852521335e-05	0.16835286309064	0.11903550510237	0.39188696393284	0.12858279968115	0.0063183432383244	0.21912027308514	0.77942412352155	0.11406936860255	0.0015259820983738	1.9283281822055
29.2	1.2003017673426e-05	0.16833371662793	0.1190266298489	0.39187959556499	0.12856639808396	0.0063187422920154	0.21908690455239	0.7792995757266	0.114051352235	0.0015322905283152	1.9281072084778
29.48	1.2001894912305e-05	0.16830595489944	0.11901416746357	0.39186860285686	0.12854352685882	0.0063192959667765	0.21904022903842	0.77912525833022	0.11402613922629	0.0015412033871097	1.9277963799224
29.872	1.1971641369703e-05	0.16826593480199	0.11899667681113	0.39185227628817	0.12851158435528	0.0063200651691026	0.21897492179847	0.77888128359078	0.11399085337458	0.0015526699891871	1.9273582378201
30	1.1961033178725e-05	0.1682527271147	0.11899096394293	0.39184683319221	0.12850116276086	0.0063203160761686	0.2189536032157	0.77880163538018	0.11397933411226	0.001555961682286	1.9272144985105
