# Time [h]	hydro_Methanogenesis [g/h]	aceto_Methanogenesis [g/h]	Valeric_Degradation [g/h]	Acidogenesis_MS [g/h]	Acetic_Degradation [g/h]	Propionic_Degradation [g/h]	Acidogenesis_LCFA [g/h]	Acidogenesis_AA [g/h]	Butyric_Degradation [g/h]
0.2	3.2357863601951	0.63487849313856	0.36629422179455	1.4709218736977	3.1689679527034	2.3549986113214	0.71213673290095	0.77347993655447	1.040380260231
0.48	3.5090862229098	0.63177376807313	0.43509550089978	1.4067798410895	3.1459831020265	3.2593174845512	1.3476355619111	0.86983076584874	1.1366943435792
0.872	3.862183723309	0.62917074193823	0.4511176879885	1.4071422820625	3.1226847003676	3.7177856184675	1.8252557155595	0.8807590047821	1.1663704068997
1	3.9212494218441	0.62881356237509	0.45181934188682	1.4069719536339	3.1175551521969	3.7734996059385	1.9094829953614	0.88085539382853	1.1679241477029
1.2	3.8678013706352	0.61781634236617	0.37888866987645	0.92247480855612	3.0579744548487	3.9022645445105	2.1694824987988	0.62603486469682	0.97224494143764
1.48	3.9072312878268	0.60076826468912	0.34314464285589	0.91366973434339	2.9669074095248	3.9771553649192	2.4569898164742	0.56997551748222	0.88476967771495
1.872	3.9343858019455	0.58079106856507	0.33593161618401	0.91368214858222	2.8594606935366	4.0060969745364	2.7027811767295	0.56441932400251	0.86813878509715
2	3.9433440608096	0.57569929908735	0.33564262872146	0.91360241913939	2.8315814288936	4.0088725211617	2.7471521981276	0.5642956053581	0.86746492496874
2.2	3.6339062194914	0.54691433970823	0.25512346128009	0.61188828166517	2.6860157795854	3.5233149052492	2.884121260588	0.39775066697403	0.65660531815172
2.48	3.371130473551	0.50576126151606	0.22371456092466	0.60705508715825	2.4791126009045	2.9947238108938	3.0206486146233	0.36301013557192	0.57693790438475
2.872	3.2086913349735	0.46064765675712	0.21808477054429	0.60707404279831	2.2523037524675	2.7378961100484	3.1289306815169	0.35966408633586	0.56316429251807
3	3.1860674863516	0.44943701296679	0.2178717066888	0.60701831980377	2.1957364573048	2.7123003101421	3.1485797916006	0.3595857265354	0.56263562348863
3.2	2.900479757156	0.41881839473214	0.1666284036895	0.41396421192592	2.043679833969	2.2281049951422	3.2222224692623	0.25761679518289	0.42919842714474
3.48	2.6919157134631	0.38442256503305	0.14730679023614	0.41109568523749	1.8729618787747	1.837307749107	3.279486555877	0.23701335599437	0.38124909038994
3.872	2.5807873919662	0.35419035722493	0.14389456714314	0.41111085578885	1.7222551483307	1.6897054931267	3.3106204899177	0.23504292820418	0.37315428688985
4	2.5652450705183	0.34788189349479	0.14375501774895	0.4110580314927	1.6905201564327	1.6773173800106	3.3140243472191	0.23498340430855	0.37281858647899
4.2	2.3832101724583	0.33259149582843	0.11112646748762	0.28765540670497	1.6146396187074	1.3554237190648	3.3356829172097	0.17151793552371	0.28823464196221
4.48	2.2632291284299	0.31533623855814	0.09903412108759	0.28587520818841	1.5289426213411	1.1452550093876	3.3350871563556	0.15888337530557	0.25866565064286
4.872	2.1971691653257	0.29999616243589	0.096887906661651	0.28588120893963	1.4521406387125	1.076849530518	3.3119769081022	0.15765578058885	0.25367318433924
5	2.1854753561039	0.29666129279419	0.096783062626863	0.28581745253805	1.4352287421649	1.0713972811714	3.3025557623351	0.15759795277944	0.25342303099986
5.2	2.0658406426768	0.28723772404323	0.076121537389833	0.2080007985794	1.3884509363227	0.87456549750241	3.289690009338	0.118072360282	0.20011897234178
5.48	1.9836535720758	0.2754093105502	0.068496787078837	0.20685124099139	1.3297927856743	0.76103177230258	3.2527615151021	0.1101983936421	0.18167014454632
5.872	1.9257269639801	0.26333462639093	0.067096859388875	0.20684375728006	1.2695986912456	0.72617100022387	3.1909742862778	0.10938946211115	0.17844934069975
6	1.9119345221205	0.26025927563418	0.067001862030429	0.20675292815427	1.2541689020919	0.72311336668283	3.1700408200609	0.10931925224079	0.17821936234262
6.2	1.8265730960742	0.25266934855088	0.054179488181698	0.15970892935481	1.2166537468386	0.60423936923593	3.1323222582454	0.085200229872767	0.14546253346889
6.48	1.758380118752	0.24242348911429	0.049391702841374	0.15893646175836	1.1661375412564	0.53973756133455	3.0666308671433	0.080288085216971	0.13400676180261
6.872	1.6932833671997	0.23012120448041	0.048423195046425	0.15890392836069	1.1054689189558	0.51938589792206	2.965544275285	0.079702720108555	0.13178438388585
7	1.673776017797	0.22641398860262	0.048312571892802	0.15875440712648	1.0871904392912	0.51698583986667	2.9303930727322	0.079598152803069	0.13150751265767
7.2	1.6045186330827	0.21899757268898	0.04069388325875	0.13349859204637	1.0508571807813	0.44751303397007	2.8652359787484	0.065691158752836	0.11258208173798
7.48	1.5338047192297	0.20816349448206	0.037723049795056	0.13295348521554	0.99797250911923	0.40986752854634	2.7619870422176	0.062662685054744	0.1056257091208
7.872	1.4455590844078	0.19291572881358	0.036944098546274	0.13285344201307	0.92379069438901	0.3956514235212	2.6028917474426	0.062133437343785	0.10381207165018
8	1.4154952695894	0.18776975560828	0.036772184079816	0.13256548625889	0.89882002773446	0.39283489327648	2.5462102286405	0.061942800430687	0.10336274478197
8.2	1.3458858546971	0.17898459736269	0.032460763320603	0.12281156233964	0.85628854016177	0.35424352212199	2.4420299308593	0.054593472850597	0.0934542168031
8.48	1.2574021784677	0.16563470059747	0.030538387353393	0.12237253210797	0.79184844021852	0.33092130905377	2.2846903730145	0.052652386575676	0.089150500517925
8.872	1.1341902777737	0.14588696841807	0.029657685118737	0.12206070894178	0.69681860460169	0.3170603635411	2.0516767909389	0.051923112448157	0.086994108171463
9	1.0919966638567	0.13921079646459	0.029341174372367	0.12145812912336	0.66475337803921	0.31261526478943	1.9716013177634	0.051538505312237	0.086127337841827
9.2	1.015334817258	0.12898122101097	0.026676838142598	0.11970662203747	0.6156723217838	0.28968774450274	1.8333251734891	0.047277646383522	0.080671211185693
9.48	0.91562735603055	0.11458361085507	0.025085657191512	0.11922800279451	0.54668167232919	0.27160480492548	1.6448441546632	0.045596638556397	0.077196100641471
9.872	0.79305161324179	0.096214429614634	0.023951702447045	0.11868038396161	0.45877548361937	0.25581126482987	1.4106381146434	0.044519498219312	0.074273962331688
10	0.75689379675559	0.090846502311736	0.023571663739713	0.11789482533873	0.43310619933059	0.25074946227258	1.3421436632118	0.044042728117043	0.07319072689793
10.2	0.70006537446954	0.083680690549063	0.021568474842644	0.11538551379862	0.39885122692723	0.23498788573013	1.2370465161803	0.040311669277702	0.06902255095955
10.48	0.63812716299495	0.07536547655245	0.020209623983041	0.11506303145813	0.35910487871129	0.22182564168109	1.1190569477268	0.038616284170518	0.066090090074662
10.872	0.5804728696971	0.067187753769742	0.019468202807205	0.11531793273622	0.32001120119224	0.21262337628639	1.008031695535	0.037970458189207	0.064342852844918
11	0.56683876908677	0.065203899603738	0.019329120594079	0.11524358158838	0.31052406756364	0.21066698326004	0.9818531368499	0.037849420610247	0.063979249496453
11.2	0.54333201950875	0.062826729202425	0.017823934220872	0.10897265371624	0.29914993926164	0.2007604861898	0.94179653427549	0.034311479726936	0.060636566024741
11.48	0.52170452256402	0.060418188925485	0.016749913350592	0.1079826950628	0.28761007563	0.19287994523242	0.90215766078875	0.03256455649487	0.058337657852428
11.872	0.50558397044988	0.058421691619426	0.016262936930802	0.10826353368429	0.27801244918423	0.18867545026898	0.87103560471844	0.032040734149903	0.057366472045711
12	0.50239550829004	0.057989915795845	0.016206702327628	0.1083558721954	0.27592785493892	0.18808606790578	0.86471600459906	0.032005603773892	0.057263065316543
12.2	0.49139937944794	0.057395348086652	0.014874407431505	0.099925046259361	0.27305145658591	0.17949517905062	0.85052555540846	0.028685311413192	0.053973632822419
12.48	0.48232009264197	0.056820264251469	0.013859177968575	0.097911078350815	0.27025288902368	0.17236445910462	0.83683077779482	0.026861846518939	0.0515487594608
12.872	0.47706222940957	0.056459580260389	0.013377883032264	0.097725762011692	0.26845189167094	0.16864086769988	0.82778895677015	0.026228372995571	0.050472405403963
13	0.47634629656737	0.056407867773589	0.013322587586053	0.097736630954796	0.26817799323012	0.16817369920153	0.82640051163496	0.02617252223521	0.050357192943231
13.2	0.46834795410851	0.056171165560215	0.01218351609847	0.089610544273233	0.26700534901335	0.15997841332753	0.81818319255401	0.023422779248073	0.047296518825469
13.48	0.46216249730867	0.055961395507089	0.011314345010782	0.087532385233278	0.26594771968561	0.15321063858827	0.8103905840456	0.021884442453902	0.045036540970766
13.872	0.45936454272166	0.05593859952375	0.010902058671913	0.087239160250878	0.26575646447904	0.14972172450788	0.80635125541116	0.021336044156549	0.044029718379375
14	0.45920806626278	0.055969104387691	0.010854765098616	0.087224200480337	0.26587396764385	0.14929477139661	0.8060854131693	0.021285119989314	0.043921032664271
14.2	0.45223590244047	0.055790188034121	0.0099674424082719	0.080370332772633	0.26497655970065	0.14208833240925	0.79852039205845	0.019203156401355	0.041374477108035
14.48	0.44692993012844	0.055654844364872	0.0092996443168114	0.078629876657006	0.26427411943201	0.13626343996933	0.79137656114531	0.0180485531087	0.039525263752955
14.872	0.4448190426641	0.055718968415416	0.0089882446108147	0.078370493096796	0.26449683265737	0.13333833743017	0.78803914254939	0.017641136309979	0.038718735020009
15	0.44482048521213	0.05577361020936	0.0089532038372624	0.078352190738046	0.26472907512495	0.13299153522007	0.78797760712874	0.017603453171071	0.038633674755798
15.2	0.43828038586241	0.055604430148478	0.008293676351766	0.072734783647313	0.26387849621104	0.12701970952427	0.7793116107097	0.016070527501218	0.036614750058229
15.48	0.43321781031475	0.055493005225897	0.0078051175269876	0.071346162805098	0.26329064670308	0.12231021407501	0.77098364827465	0.015234980784004	0.035178412252405
15.872	0.43125994906638	0.055599212907193	0.0075828396573063	0.071139735297509	0.26371350552303	0.12003058773874	0.76688104004572	0.014946963423517	0.03457244162932
16	0.43131175854291	0.055667784708246	0.0075586307396379	0.071122602641154	0.26401178438871	0.11977377556254	0.76673323435334	0.014920935841758	0.034511357109374
16.2	0.42481672410724	0.055496534767508	0.007072471314887	0.066456774102595	0.2631518653888	0.11492185388769	0.7561972965531	0.013785674512581	0.032913593549534
16.48	0.41961522407894	0.055392806523118	0.0067185642763652	0.065343325501391	0.26260138011759	0.11119585138317	0.74585062435799	0.013180539119043	0.031803010932746
16.872	0.41753371939853	0.055528070385092	0.0065627184702212	0.065180906446914	0.26316221176621	0.10947779217955	0.74033084890434	0.012978713301388	0.03135489606588
17	0.41759067229837	0.055608543208752	0.0065465726967971	0.065165251351263	0.26351677183632	0.10929922493565	0.73997669327769	0.012961147481315	0.031312811107035
17.2	0.41086995059246	0.055426927841128	0.0061828671178439	0.061179797147832	0.26260806228939	0.10532592621867	0.72727379542446	0.012100344025615	0.030019265023774
17.48	0.40527468183682	0.055317345075178	0.0059232679186	0.060266422764628	0.26203064581874	0.1023598251118	0.71456365194292	0.011653483838764	0.029143018880845
17.872	0.40288683512582	0.055469436249685	0.005813649294087	0.06013655930869	0.26267135968128	0.10107276492222	0.70732948029299	0.011510548541377	0.028808399927602
18	0.40291796004548	0.0555598064732	0.0058030967452197	0.06012199951846	0.26307263100527	0.10095434124475	0.70670921427071	0.011498735829698	0.028780011291048
18.2	0.39578113166624	0.055357525722506	0.0055228908255734	0.056606864454546	0.26206631410278	0.097618117892583	0.69175885355268	0.010822995169821	0.02769579688418
18.48	0.38960884230775	0.055225375695467	0.0053272073989495	0.055836385399211	0.26138295412561	0.095198922842017	0.67655811960173	0.010482482151089	0.026981018166729
18.872	0.38676634722474	0.055376851609354	0.0052487025449379	0.055730172361923	0.26202106794852	0.094220713742498	0.6674477340311	0.010378809757495	0.026724562803921
19	0.38674084120149	0.055473498630649	0.0052418882066383	0.055716407254301	0.26245190042478	0.094145334901599	0.66651800772919	0.010370785822062	0.026705566718204
19.2	0.3790248590656	0.055236321016183	0.0050174149591975	0.05251947734983	0.26128072855188	0.091246642955525	0.64925984820803	0.0098179313466795	0.025760595281625
19.48	0.37210695431467	0.055059879756488	0.0048642359193076	0.051851851204778	0.26038903097635	0.089203446438796	0.6314542216331	0.009548081141058	0.025154280896982
19.872	0.3686563890181	0.055187335413714	0.0048062752455246	0.051763221965811	0.26091426591288	0.088437273499646	0.62029669156298	0.0094702876523684	0.024950396648456
20	0.36853857009025	0.055285028854221	0.0048019001222921	0.051750102967651	0.26135000550749	0.088391298443573	0.61900714760535	0.0094647134919545	0.024937639541414
20.2	0.36009445095941	0.05499544194617	0.0046140615041496	0.048769105162828	0.25993146723201	0.085780192328469	0.59935357372644	0.0089928170286599	0.024082803761826
20.48	0.35226644985929	0.054748557515313	0.0044888235799434	0.048178256739382	0.25870851829328	0.083987135605377	0.57880353913039	0.0087698867994408	0.0235483852023
20.872	0.34804450548506	0.054823021488979	0.0044442595891812	0.048103297853559	0.25898479850622	0.083361892715288	0.56540049251403	0.008709130026034	0.023379410982694
21	0.34779381097245	0.054914977962277	0.0044414404543273	0.048090770226381	0.25939359244976	0.083335127968472	0.5636920841852	0.0087051183675286	0.023370671849279
21.2	0.33853427330595	0.054555194530241	0.0042775544424272	0.045266839043511	0.25764422496083	0.080907573191936	0.54166484300099	0.0082871618143366	0.022573866522096
21.48	0.3296919693624	0.054210498607757	0.0041706475419634	0.044737539254269	0.25596182278543	0.079277432981712	0.51837333355915	0.0080959433612971	0.022087503924275
21.872	0.32456929546155	0.054198949168296	0.0041347177636928	0.044673767871221	0.25583448710641	0.078742044134206	0.50263771139689	0.008046501532294	0.021941510505525
22	0.32414676582371	0.054276762068097	0.004132848484165	0.044661864571967	0.25617697124781	0.078726702342515	0.50046804781655	0.0080434653862288	0.021935192668662
22.2	0.31412913143196	0.053833530204754	0.0039849575066577	0.04197294343362	0.25403514114044	0.076418302441325	0.47643515741568	0.0076634179436521	0.021178119781043
22.48	0.30432657151347	0.053368953434178	0.0038903066284613	0.041497805327802	0.25179050586764	0.074894859130299	0.45082515730998	0.0074947159108363	0.020725688641287
22.872	0.29829030471884	0.053239661429427	0.0038598670813724	0.041443642301356	0.25111144630565	0.074412603885389	0.43301400583971	0.0074529592878378	0.020594747256146
23	0.29767307437007	0.053294070515917	0.0038585200792872	0.041432528516188	0.25134436650727	0.074402382288656	0.43040220564882	0.0074505119182485	0.020589658635038
23.2	0.28721247186955	0.052780044229078	0.0037250366783231	0.038858623349928	0.24887127344139	0.072210414067635	0.40524453619379	0.0070975998073138	0.01990386373843
23.48	0.27678892448158	0.052205515376561	0.0036404400080027	0.038430545227406	0.24611266128155	0.070780983897068	0.37834030644465	0.0069450788043266	0.019499237895353
23.872	0.27005237350873	0.051952036894756	0.0036138687498175	0.038384574287484	0.24485297195866	0.070334712341963	0.35921341850393	0.0069084045832998	0.019385564137173
24	0.26925629727604	0.051977703402936	0.0036127748085969	0.038374577996181	0.24495158116578	0.070325500972006	0.35627454869703	0.00690627628208	0.019381515569782
24.2	0.27484967554974	0.054569045055392	0.0042212256327608	0.041753691844383	0.25716678824283	0.085805766575471	0.33096037716114	0.0072150334670875	0.027495971341123
24.48	0.27769330321203	0.057419675768972	0.0045580007299144	0.042284351069511	0.27053131699141	0.096516911044036	0.30336965897877	0.0073548840544801	0.031926826154311
24.872	0.2785469718184	0.059667484249614	0.004678783311869	0.042315608262314	0.28101392846601	0.10139143773377	0.28266982705767	0.0073962919953654	0.033468521300102
25	0.27873876061793	0.060093883995506	0.0046905961123689	0.04231171433614	0.28298927400459	0.10196877021564	0.27918187998563	0.0073996789784707	0.03361183938284
25.2	0.27201145697748	0.058449374531768	0.0049916186133335	0.059481448096637	0.27516290779097	0.10666465059474	0.25810760098462	0.0095767111050594	0.032471124498704
25.48	0.26229254003308	0.056469559277909	0.0053017258498145	0.062157476822232	0.2657872542341	0.11080762539276	0.23619336217671	0.010551390882879	0.032406165408042
25.872	0.25475279623214	0.055003966675321	0.0054598669708743	0.062356770631166	0.25882302897033	0.11300700091389	0.22053077149708	0.01083049037568	0.032522882515052
26	0.25361314496069	0.054790848356926	0.0054789827030452	0.062352571867604	0.2577960778016	0.11331502670094	0.21800999405019	0.010852479459401	0.03254742996173
26.2	0.24988822110685	0.05368095464125	0.0060890758418647	0.074199240079121	0.25251874286044	0.11942052622938	0.20102727471731	0.01250524711057	0.034499138637827
26.48	0.24407509152935	0.0526272282632	0.0065121682646981	0.075959614777973	0.24751171793713	0.12429608585253	0.18320673504209	0.013229029401197	0.03589962346522
26.872	0.23952431840791	0.051993353295529	0.0066895845768052	0.076071064332014	0.2444652987838	0.12674223161481	0.17031014108584	0.013430697808616	0.036462579946553
27	0.23885184075267	0.051928228733254	0.0067088130088944	0.076063326350932	0.24413658120265	0.12706710969291	0.16820394492632	0.013446020514078	0.03652244337447
27.2	0.23855412716842	0.051794465500695	0.0071679605836944	0.082301434535363	0.2434693407415	0.13515054237508	0.15491229460633	0.014332776010865	0.038965174974987
27.48	0.23645681716385	0.051731708639893	0.0074559574438406	0.083179822153788	0.24312418941965	0.14090535257503	0.14099416527552	0.014712123243812	0.040409867876254
27.872	0.23441483701382	0.051779974016653	0.0075687528213762	0.083224297199862	0.24328152772291	0.14356785230157	0.13086223563596	0.0148153118402	0.040930782395657
28	0.2341014130225	0.051817808196064	0.0075805476845341	0.083218068560967	0.24343629831774	0.14389574705353	0.12918158532871	0.014822979758915	0.04098181809592
28.2	0.23332440032412	0.051769931694868	0.0078121071706441	0.085915751965643	0.24317325354255	0.14912733578885	0.11928688727611	0.0152200833974	0.042254390626719
28.48	0.23141143655586	0.051719079624569	0.0079535522789924	0.08628313993455	0.24288455565307	0.15275043364633	0.10898715727259	0.015388828379133	0.042987090436843
28.872	0.22967826122702	0.051722528572449	0.0080089142614573	0.086297115178046	0.2428314906725	0.15441381846978	0.10149967132252	0.015435163742697	0.04325133288885
29	0.22940492377188	0.051742273361898	0.0080149078898092	0.086292758156031	0.24290126977224	0.15462068917434	0.10025129751026	0.015438711880658	0.043278032870024
29.2	0.22787120153742	0.05163693464979	0.0080949985600781	0.086787685804919	0.24236842337611	0.15696403075773	0.09312559846749	0.015528930313028	0.043707510506041
29.48	0.225843651865	0.051511059793682	0.0081420745644583	0.086853939045377	0.24172830194915	0.15856791008521	0.085738017485635	0.015569066065441	0.043949860588676
29.872	0.2242589716295	0.051444589192271	0.0081614907958182	0.08685133933845	0.24134797082845	0.15932990434027	0.080377771919363	0.01558153077023	0.04404328565028
30	0.22401476304791	0.051447620788582	0.0081639123199894	0.086848011020347	0.24133953584361	0.15943171410457	0.079482751291309	0.015582648790208	0.044054116689123
