# Time [h]	MS [g/L]	AA [g/L]	Butyric [g/L]	MO_AcidoLCFA [g/L]	MO_Acetic [g/L]	MO_hydroM [g/L]	Propionic [g/L]	Carbondioxide [g/L]	MO_Propionic [g/L]	MO_acetoM [g/L]	MO_ButyricValeric [g/L]	LCFA [g/L]	MO_AcidoMS [g/L]	Methane [g/L]	MO_AcidoAA [g/L]	Valeric [g/L]	Hydrogen [g/L]	Acetic [g/L]	Nitrogen [g/L]	NH4N [g/L]
0.2	0.0019515219847258	0.0025808938131855	0.0030801084715721	1.3670278960707	1.0288569218412	3.1916613316449	0.012075997181136	0.63800665696222	1.1309066113548	0.051530504981788	1.9532440011404	0.036885020621646	6.9890980059155	0.040185245596899	1.0177229492523	0.0010486328153674	1.3327648045401e-07	1.3188980637237	2.1246677180321	2.0614957452526
0.48	0.0018695336620835	0.0029173867160193	0.0034089126412233	1.3679233364324	1.0302458393004	3.2010720487978	0.018004224503762	0.4824796563479	1.1317536690342	0.051722329312867	1.9538756190687	0.079758865773198	6.9884337055466	0.026998501390097	1.0180917224516	0.0012518654397197	1.4581082358635e-07	1.2145401784156	1.704577112314	1.6953660449859
0.872	0.0018692353740215	0.0029476368683747	0.0034945882206284	1.3699399319188	1.0321739784764	3.2160903780463	0.020646664934539	0.33470939479692	1.133299789042	0.051989683365599	1.9548527655479	0.11999749783915	6.9874944185876	0.018785949277407	1.0186450123619	0.0012965408750994	1.6156547192848e-07	1.1216871892827	1.2954494667761	1.2953642399512
1	0.0018688341423765	0.0029460259765607	0.0034975758581584	1.370725714922	1.0328013596203	3.2211897064404	0.020927691616845	0.29717295342564	1.1338373234123	0.052076918527692	1.955176337838	0.12833615017261	6.9871877730711	0.01731399906854	1.0188265358507	0.0012980132217946	1.6375620301714e-07	1.1028631509689	1.1860187278916	1.1860173469925
1.2	0.0012174384274619	0.0020638078727323	0.0028657809167051	1.3720726734565	1.0337679455339	3.2290962155799	0.022031622919837	0.24937872002637	1.1347045232775	0.052211704408094	1.9555971920149	0.17380881517617	6.9865269701913	0.016901111820783	1.019020613726	0.0010816047679712	1.5928999545135e-07	0.96073975649131	1.0340336958396	1.0340336817595
1.48	0.0012061041847643	0.0018765870732591	0.0026013743576869	1.3742531217847	1.0350785947605	3.2402187350738	0.022514565348223	0.18933908840137	1.1359559210585	0.052395440139654	1.9560523073648	0.22865211999707	6.9855246848749	0.015788167967811	1.0192056591279	0.0009781055643263	1.6024297793196e-07	0.78201881908254	0.85395642317669	0.85395641345447
1.872	0.0012063406901264	0.0018568391846046	0.0025515696152531	1.3777134587701	1.0368416975791	3.2559549140205	0.022631356024473	0.13193343538704	1.137732795281	0.052644338280624	1.9566328156076	0.27855060230238	6.9841204657402	0.015237277204072	1.0194450155964	0.00095703637130681	1.6042816903184e-07	0.61520086331904	0.6537765773774	0.65377657181579
2	0.0012063428314071	0.0018559639169684	0.0025492074989095	1.3789004433398	1.0374057236032	3.2611120547097	0.022629803110784	0.11680755611955	1.1383147911328	0.052724314750977	1.9568201408991	0.28846515500165	6.9836620404623	0.015216651673021	1.0195227282294	0.00095606715377909	1.605104750605e-07	0.58173090116221	0.59872233390267	0.5987223291278
2.2	0.00080495562993128	0.0012968032846815	0.0018981358680026	1.3808236041072	1.0382512465476	3.2687799319114	0.018113114358032	0.091828463276867	1.1391543245943	0.052844904641564	1.9570168707675	0.31630901173717	6.9828321382665	0.015678619685126	1.0195850139278	0.00072205088265962	1.4387063225278e-07	0.47930002298908	0.52185657163477	0.52185656780197
2.48	0.00079901757839176	0.0011827946074813	0.0016645663335391	1.3836607389258	1.039336933463	3.2786385264402	0.014762207615984	0.065103961102409	1.1401170124764	0.053001573064346	1.9571620010543	0.34651285883651	6.9816227600365	0.015387787318834	1.0196169219147	0.00063252596717593	1.312899989552e-07	0.36237376418167	0.43062063897936	0.43062063608348
2.872	0.0007996796211801	0.0011720953692568	0.0016256068070856	1.3878116319107	1.0407000140951	3.2915532583046	0.013455391082185	0.03727605781872	1.1412596884568	0.053201431420081	1.957316634609	0.37215123264633	6.9799293188591	0.014975973301566	1.0196495188884	0.00061679749232981	1.2381014597392e-07	0.26003826823987	0.32920461537301	0.3292046133459
3	0.0007998597886564	0.0011719790717553	0.0016243905221281	1.3891911882154	1.0411198839498	3.2956725861586	0.013336666553533	0.029546722863284	1.1416160935582	0.053263591097624	1.9573653654591	0.37711124075867	6.9793764774927	0.01489886618285	1.0196599017443	0.00061630946542819	1.2274314333783e-07	0.24009760644134	0.30131775935947	0.30131775754571
3.2	0.00054444069877159	0.00083583974798049	0.0012274488532399	1.3913855319344	1.041735487058	3.3017158581367	0.01010261607485	0.016323773665209	1.1420952401359	0.053355648080865	1.9573801051178	0.3850114745871	6.978439815833	0.014881229231343	1.0196396996583	0.00046983523798554	1.0960301570906e-07	0.20430656907277	0.26239996841121	0.26239996687942
3.48	0.00054122794975126	0.00076909767313975	0.0010897240236425	1.3945279249862	1.0425123065258	3.3094282993428	0.0081083359912393	0.0032750489204806	1.1425899599215	0.05347382943801	1.9573201497782	0.39198362487253	6.9770983187765	0.01456308508556	1.0195780445585	0.00041535001800928	1.0067131576719e-07	0.16825467696913	0.21624094390699	0.21624094268807
3.872	0.00054220626338108	0.00076376018095514	0.0010682756599634	1.3989925737432	1.0434856667314	3.3195755504117	0.0074612055359195	-0.010772817910156	1.1431506380767	0.053624943183879	1.9572071506553	0.39687631262297	6.9752202697986	0.014208833726858	1.0194846152605	0.00040632676532036	9.6089325788541e-08	0.13999631744548	0.16495350656912	0.1649535056733
4	0.00054251170159829	0.00076402104876021	0.0010680187358365	1.4004575785681	1.0437873355669	3.3228236659098	0.0074130524747527	-0.014731916136035	1.1433246896078	0.053672281183047	1.9571692199597	0.39773857318877	6.9746071620541	0.014140313873022	1.0194539604393	0.00040620071490513	9.5476153546902e-08	0.13478133548873	0.15085202375043	0.15085202293931
4.2	0.00037951987642074	0.00055680773235259	0.00082189070951593	1.4027597909907	1.0442383518528	3.3276433975555	0.0056969845943873	-0.021542804424185	1.1435433290154	0.053743696028356	1.9570707814667	0.39266511473972	6.9736026063781	0.013963360751693	1.019383319157	0.00031379912509358	8.7901823491145e-08	0.12486365377587	0.13117644368541	0.13117644298969
4.48	0.00037793564201498	0.00051646977457039	0.00073833675811132	1.4059950501653	1.0448265905451	3.3339431279773	0.0047569495067521	-0.028053201523149	1.1437463772787	0.053838240076991	1.9568825049297	0.3851640118622	6.9721770506022	0.013803888110348	1.0192637979869	0.0002800302058458	8.3203255837182e-08	0.11385292291531	0.1078473322245	0.10784733166157
4.872	0.0003793012936946	0.00051423439062002	0.0007267022510373	1.4105095719754	1.0455910662552	3.3423889428746	0.004488012393768	-0.034853830584385	1.1439651207341	0.053963197486028	1.9566009955105	0.37750793870909	6.9701815192994	0.013630900797683	1.0190921203461	0.00027493284869494	8.0891369281756e-08	0.10463406599419	0.081933105732727	0.081933105312445
5	0.00037975058296899	0.00051476882127208	0.00072707059177239	1.4119786341755	1.04583206425	3.3451061258818	0.0044724948868472	-0.036747132934361	1.1440324799843	0.054002936386813	1.9565084395832	0.37592328066652	6.9695300576767	0.013594600002225	1.0190359763525	0.00027504792611069	8.0568669732541e-08	0.10288177692101	0.074809059981515	0.074809059599584
5.2	0.00027678204580881	0.00038615599788851	0.00057385608295276	1.4142690848942	1.0461965933161	3.3491824830221	0.0035526091010231	-0.039970864281729	1.144104532237	0.054063522552801	1.9563390357748	0.36625943130799	6.96848283363	0.013366193368844	1.0189340727973	0.00021678334771757	7.6038337427089e-08	0.098557668574094	0.064872574222499	0.064872573893458
5.48	0.00027637173530769	0.00036168445636315	0.00052282386715799	1.4174513744964	1.0466783258685	3.3545927761659	0.0030833153914346	-0.043083961440236	1.1441468553666	0.054144736246485	1.9560702055648	0.35437572640526	6.9670046691423	0.013303968161152	1.018778574969	0.00019581076893113	7.3238258939427e-08	0.093100988378775	0.053099867892419	0.053099867625153
5.872	0.00027838555650363	0.00036170361564884	0.00051753455534959	1.4218385748521	1.0473088895592	3.3618807861105	0.002965185245847	-0.045910941403391	1.1441719056559	0.054252915671459	1.9556825668478	0.34341904126252	6.9649355911513	0.013204004081413	1.0185581564719	0.00019328987109658	7.1756400333794e-08	0.088114824113072	0.04003612940385	0.040036129204034
6	0.00027906865740572	0.00036256510365254	0.0005185129456449	1.423256271737	1.0475075165968	3.364220870963	0.002962597678527	-0.046645741444491	1.1441780117509	0.054287335240753	1.9555555794781	0.34124165283341	6.9642601172553	0.013174132031441	1.0184861302866	0.00019363491896061	7.1536285658745e-08	0.087115747331592	0.036447299615135	0.03644729943365
6.2	0.00021655728216546	0.00028402606941817	0.00042508022991499	1.4254522502241	1.0478079596429	3.3677524634418	0.0024487527920094	-0.047830010691256	1.1441672433563	0.054339867069851	1.9553418736625	0.33233945700956	6.9631870532959	0.012909639018502	1.0183649467584	0.00015754766450321	6.8745967635362e-08	0.084628857643461	0.031445984689706	0.031445984533625
6.48	0.00021733840263887	0.00026987259017992	0.00039502084610103	1.4284741669453	1.048204796754	3.3724693024384	0.002200287709518	-0.049031535183154	1.1441180938938	0.054410394716514	1.9550231127154	0.32197018966777	6.9616774794039	0.012877690060247	1.018187399983	0.00014490420398324	6.6981762415029e-08	0.08136207223965	0.025530589556284	0.025530589430042
6.872	0.00022066495598816	0.00027224863590162	0.00039502370289577	1.4325850979729	1.0487189119215	3.3787916491259	0.0021543128004355	-0.049535930357356	1.1440297866812	0.054503866354731	1.9545696291784	0.31282540050599	6.9595644668448	0.01278620264422	1.0179370914568	0.00014446436807903	6.6004361344237e-08	0.07818777253755	0.018985072609946	0.018985072516459
7	0.00022182426558361	0.00027368273865445	0.00039691866699554	1.433900634695	1.0488787498125	3.3808061760187	0.0021599571868459	-0.049572814613123	1.1439996888639	0.054533371031338	1.9544212537019	0.3110673538664	6.9588746448673	0.012749621865679	1.0178553192665	0.00014513845765137	6.5859281707227e-08	0.077501151378451	0.017190982145023	0.017190982060467
7.2	0.00018855318662501	0.00022865343717004	0.00034408541792372	1.4359195567745	1.0491181484703	3.3838461265433	0.0018785103068553	-0.049492109200667	1.1439406518171	0.054578151940366	1.9541805050739	0.30398941568715	6.957787432418	0.012458971263087	1.0177225838948	0.0001239632284909	6.419250069847e-08	0.075992996336108	0.014696941381361	0.014696941309186
7.48	0.00019129316921913	0.00022231595469615	0.00032940071404371	1.4386562519059	1.0494289629166	3.3878884160844	0.0017546887505349	-0.049406345933923	1.1438381915367	0.054637724917286	1.9538318350308	0.29588798989801	6.9562613977896	0.012414502719885	1.0175320902794	0.00011728089756858	6.3097339977863e-08	0.073904891303936	0.011761414415029	0.011761414357377
7.872	0.00019780943685042	0.0002285865758305	0.00033622783649024	1.4422881436753	1.0498152990563	3.3931981214875	0.001761928354988	-0.048240790655398	1.1436825468245	0.054714848600944	1.953338845073	0.28900505997706	6.954125300852	0.012280483854332	1.0172642076131	0.00011930752188367	6.2488520038703e-08	0.071576244197546	0.0085433605379147	0.0085433604961224
8	0.00020015313684704	0.00023131035978155	0.00034003805730467	1.4434280444423	1.049930687562	3.3948582995157	0.0017782273467967	-0.047744654969062	1.1436307230566	0.054738647325025	1.9531775765273	0.28776016567781	6.9534279287087	0.012223654542256	1.0171766886178	0.00012063501452306	6.2408134419498e-08	0.070983669994496	0.0076685400786351	0.007668540041143
8.2	0.0001901094949464	0.00020964237543186	0.00031658336308225	1.4451460479755	1.0500977731111	3.3973348602206	0.001646948998971	-0.046635024633556	1.1435429170822	0.054774125243937	1.9529207738253	0.28160107707619	6.9523347593845	0.011903909851923	1.0170373247338	0.00010981973253553	6.1478677807136e-08	0.069962742419927	0.0064627380615532	0.0064627380299803
8.48	0.00019764046751828	0.00021145824275703	0.00031657731477013	1.447405097066	1.0503018173692	3.4005519751443	0.0016152138629711	-0.04531889008189	1.1434084109125	0.054819922837053	1.9525545784669	0.27454981488068	6.9508027621045	0.011802075467587	1.0168395556515	0.00010834501301049	6.0829494604223e-08	0.068380037409054	0.0050668366292077	0.0050668366044761
8.872	0.0002130428241897	0.00022651452538336	0.0003366501462173	1.4502580619462	1.0505245182527	3.4045788427538	0.0016914815854811	-0.042472423031086	1.1432107049353	0.054875858562495	1.9520378698551	0.26880996562908	6.9486581200814	0.01157423691293	1.0165616248806	0.00011470540464183	6.0524125580225e-08	0.06615261953502	0.0035854230861741	0.0035854230686899
9	0.00021868563124441	0.00023242800060251	0.0003449733158688	1.4511201474362	1.0505829983946	3.405789300061	0.001728181701557	-0.041423062546034	1.1431449743948	0.054892271953185	1.9518687044561	0.26787274186921	6.9479579207714	0.011485081306698	1.0164707758136	0.00011748142524703	6.0515869912171e-08	0.065469497651656	0.0031941679268031	0.0031941679112307
9.2	0.00022754730928472	0.0002263526219627	0.00034373529786038	1.4523785598568	1.050658180655	3.4075428889476	0.0017044004722985	-0.039212330615857	1.1430379236125	0.054915807139752	1.9516015024706	0.26195450427522	6.9468632492001	0.011140280357142	1.0163272904307	0.0001138787076377	6.0050407220473e-08	0.064519307422595	0.0026695990180424	0.0026695990050317
9.48	0.00024713260988446	0.00023921845155921	0.00036165970993775	1.4539540047052	1.0507301460065	3.4097158475908	0.0017610177716775	-0.036539060950089	1.142880128112	0.054944413184064	1.9512228665889	0.25516618176694	6.9453303702783	0.010964275228057	1.0161245579291	0.00011779753747699	5.9746156569314e-08	0.062950479518008	0.0020921427564466	0.002092142746254
9.872	0.00028182803602182	0.0002695714751574	0.0004030355227918	1.455820868418	1.0507687349726	3.4122582000989	0.0019253496076311	-0.03215779882074	1.1426500595519	0.054976342586674	1.950688348285	0.24968279735816	6.9431842319319	0.010673169315548	1.0158394669256	0.00013024343115871	5.9776413734928e-08	0.0605761319667	0.0015306023836963	0.0015306023762421
10	0.00029342923413784	0.00028018058457706	0.00041765096794228	1.4563637098797	1.0507687447994	3.4129904006113	0.0019858637377289	-0.030679549826492	1.142573582329	0.054985123490109	1.9505132221419	0.24879971211144	6.9424835563286	0.010574015957601	1.0157462416343	0.00013479090416659	5.9859365962061e-08	0.059833577351436	0.0013925942140275	0.001392594207246
10.2	0.00030865106806457	0.00027762392041524	0.00042645255592474	1.4571408723246	1.0507567634584	3.414027432752	0.002014615053606	-0.027722123459973	1.1424509182681	0.054997274339988	1.9502373515299	0.24287698939731	6.9413878555949	0.010274852789088	1.0155992510867	0.00013392219102838	5.9569804306616e-08	0.058915981192827	0.0012177528843883	0.0012177528784589
10.48	0.00033738653482759	0.00029248029009411	0.0004500148354432	1.458101810234	1.0507192235462	3.4152910049046	0.0020969865203323	-0.024369853931829	1.1422735643714	0.055011568375057	1.9498474506164	0.23589884621624	6.9398534508507	0.010112714023701	1.015391701353	0.00013830440633887	5.9382853844984e-08	0.057599126924884	0.001041610823449	0.0010416108183778
10.872	0.00037467513281496	0.00031944133842066	0.00048728410382434	1.4592661578785	1.0506358960875	3.4167968156895	0.0022351339083794	-0.019892910395285	1.142019436188	0.0550275521892	1.9492985051191	0.22979334800171	6.9377059116628	0.0099107609392647	1.0151001782308	0.00014793227450934	5.9396503619642e-08	0.055972168272661	0.00088962427415155	0.00088962426982072
11	0.00038475008266627	0.00032745581495534	0.00049835743159118	1.4596168215567	1.0506034409565	3.4172458508123	0.0022775214221877	-0.018517437792628	1.1419357623393	0.055032084621498	1.9491189797973	0.22865771413447	6.9370049510906	0.0098502981744413	1.0150049486649	0.00015100855609145	5.9444486634841e-08	0.055528241459073	0.00085524662877988	0.0008552466246165
11.2	0.0003772284358391	0.00031003351409321	0.00049211375892243	1.460137526244	1.0505485681181	3.417904322832	0.0022568574082619	-0.015892337542363	1.1418032326399	0.055038621316056	1.9488369244996	0.22263455505306	6.9359077207323	0.0096732902846651	1.0148550039533	0.0001455341838276	5.8901420483258e-08	0.055009890202953	0.00081392159936926	0.00081392159540716
11.48	0.00038694578210509	0.00030492033426389	0.0004912446744443	1.460821113047	1.0504653481232	3.4187552487508	0.0022483692144729	-0.013084104572873	1.1416142332614	0.055046934356379	1.948439141282	0.21544793236819	6.9343700639595	0.0095909953108782	1.0146433252236	0.00014195198204262	5.8358950977066e-08	0.054335290600537	0.00077569068276081	0.0007756906789849
11.872	0.00039960227534112	0.00030824318773889	0.00049686593830168	1.4617227582345	1.0503407207375	3.4198647823053	0.0022609399669238	-0.009730299730343	1.1413465664798	0.055057508474246	1.9478801297194	0.20892259032165	6.9322178843167	0.0095003413327311	1.0143460727977	0.00014144441335255	5.7923467924706e-08	0.053623954961448	0.00074611299627379	0.00074611299264193
12	0.00040262134758524	0.00030982082743231	0.00049909009393388	1.4620093553623	1.0502988030349	3.4202158402283	0.0022675972392788	-0.0087518218276134	1.1412588756358	0.055060800947942	1.9476974534966	0.20763369022395	6.9315153524873	0.0094738857907079	1.0142489769452	0.0001417597801324	5.7849477161954e-08	0.053454475160482	0.00073984785680742	0.00073984785320606
12.2	0.00037478119385212	0.00028226306093662	0.00047668528328433	1.4624485677387	1.0502323205117	3.4207471423762	0.0021869593909674	-0.006918032025117	1.1411204475273	0.055065816191033	1.9474106295433	0.20190419780753	6.9304150116413	0.0093894138915525	1.0140962124518	0.00013227095393565	5.7015670521916e-08	0.053146402066227	0.00073307070200514	0.00073307069843679
12.48	0.00036861937453223	0.00026542500302662	0.00045773347872624	1.4630473491059	1.0501376479177	3.4214593869177	0.0021095563303544	-0.0049769527544599	1.1409235547411	0.055072628076543	1.9470061947062	0.1951243939397	6.9288720114588	0.0093490175983502	1.0138805996818	0.00012399418547399	5.6166039001388e-08	0.052689401753143	0.00072873908397804	0.00072873908043078
12.872	0.00036839031677257	0.00025822888504584	0.00044712685422083	1.4638678602573	1.0500033857874	3.4224257868025	0.002058176071594	-0.0027449471129486	1.1406451209714	0.055081938802455	1.9464377526777	0.18897141662835	6.9267117258279	0.0093031564437434	1.0135777248952	0.00011911860076528	5.5461117586832e-08	0.052199586966246	0.00072777236026513	0.00072777235672259
13	0.00036848345396538	0.00025743203319989	0.00044570487694637	1.4641337992159	1.0499593599355	3.4227381523942	0.0020502297011023	-0.0021062648258083	1.1405539539505	0.05508495471048	1.9462519786751	0.18774423201035	6.9260064693818	0.0092897398560666	1.0134787730657	0.00011843883450949	5.5328754363872e-08	0.052092754003531	0.00072788824153438	0.00072788823799127
13.2	0.00033825721049373	0.00023217019531448	0.00042060651764117	1.4645451387021	1.0498902746316	3.4232151599445	0.001954638819258	-0.00091443245698297	1.14041016283	0.055089628490722	1.9459604360983	0.18251328835071	6.924901960394	0.009253541532713	1.0133232865291	0.00010918428470601	5.441816269757e-08	0.0517631493089	0.0007290712841734	0.00072907128062453
13.48	0.00032880131617911	0.00021587144711638	0.00039906003633938	1.4651116063385	1.0497929136872	3.4238606047775	0.0018636248496532	0.00036261363669426	1.1402059119947	0.055096087589061	1.945549669404	0.17634031146445	6.9233531607555	0.0092247212509116	1.0131041559106	0.00010110190669704	5.3488746679684e-08	0.051272028511901	0.00073287125087729	0.00073287124730992
13.872	0.0003256561775953	0.00020801791087658	0.00038604329416044	1.4658954123053	1.0496561850273	3.4247451506194	0.0018010694370975	0.0018225467238774	1.1399173377865	0.055105074388845	1.944972582968	0.17074151565527	6.9211846615934	0.0091914034750533	1.0127965191995	9.6157314876894e-05	5.2716971217491e-08	0.050756397935887	0.00073906711510492	0.00073906711150738
14	0.00032509655557109	0.00020694416290054	0.00038402563643445	1.4661507014209	1.0496115749989	3.4250326346506	0.0017905640907675	0.0022373992479969	1.1398228798431	0.055108013521973	1.9447840050873	0.16962228297521	6.920476705688	0.0091823164062376	1.0126960219759	9.5408537469142e-05	5.2570546210259e-08	0.050648711416203	0.00074082061434765	0.00074082061074156
14.2	0.00029917483896929	0.00018755195164972	0.00036247825568835	1.466546081592	1.0495417023533	3.4254726235541	0.0017040336711132	0.0030117914821069	1.1396741027119	0.055112583805755	1.9444883143556	0.16472155303338	6.9193683920921	0.0091724070245105	1.0125383350836	8.8052507984645e-05	5.1688237941818e-08	0.050281711461136	0.00074421345246933	0.00074421344884671
14.48	0.0002905585623651	0.00017496019845409	0.00034409457437749	1.4670909166418	1.0494434152184	3.4260691819564	0.0016228060454106	0.0038620208202326	1.1394632643951	0.055118921058038	1.944072254773	0.15891661385322	6.9178147162444	0.0091460585516386	1.0123164925565	8.1686821967752e-05	5.0769583283731e-08	0.049755851737398	0.00075061064884032	0.00075061064518655
14.872	0.000287146001054	0.0001687003547874	0.00033281361661071	1.4678454809511	1.0493056933746	3.4268886456845	0.001566873190282	0.0048464810644409	1.1391658774877	0.055127777018442	1.9434882063665	0.15363782372558	6.9156395121629	0.0091161810957612	1.0120052983614	7.777228612907e-05	4.9992639746485e-08	0.049215735709239	0.00075943519393719	0.00075943519024045
15	0.00028647796429566	0.00016779306116073	0.00033099680744389	1.4680914436423	1.0492608207775	3.427155401565	0.0015572945546847	0.0051258715359759	1.1390685856829	0.055130681528236	1.9432973958934	0.15258078551167	6.9149293687545	0.0091087702447033	1.01190365691	7.7165495271944e-05	4.9843562396019e-08	0.049104564058347	0.00076183799275057	0.00076183798904213
15.2	0.00026529861320708	0.00015358062300769	0.00031385709690805	1.4684718331555	1.0491905651447	3.427563747208	0.0014858154909098	0.005649220830491	1.1389155837778	0.055135201288425	1.9429984528088	0.14777748012715	6.9138180427041	0.0091147856932381	1.0117443606547	7.1709675046754e-05	4.8995429117377e-08	0.048719612843295	0.00076624918533289	0.00076624918160297
15.48	0.00025806133141402	0.00014434444680407	0.0002992707015214	1.4689943313883	1.0490917863905	3.4281169857985	0.0014192520521524	0.0062460463556195	1.1386993049564	0.055141473600052	1.9425783395404	0.14206559438766	6.9122605981524	0.0090883737835041	1.0115205697445	6.7009760805523e-05	4.8084023495344e-08	0.04817598580811	0.00077416091281805	0.0007741609090496
15.872	0.00025483387591057	0.00013962048357802	0.00029015693711378	1.469716064656	1.0489535024075	3.4288765668058	0.0013731108248825	0.0069584599248557	1.1383947761003	0.055150255158209	1.9419890456754	0.13685997386813	6.9100802566807	0.0090589080492055	1.0112068480107	6.4093751029333e-05	4.7290852395083e-08	0.04761895386066	0.00078486782131795	0.00078486781749735
16	0.00025415500101888	0.00013889701471304	0.00028863142292811	1.4699511675842	1.0489084797161	3.4291239142643	0.0013650329956738	0.0071613407019891	1.1382952015316	0.05515313977401	1.9417965613233	0.13581669562571	6.9093684405808	0.0090521214032892	1.0111043960782	6.3629921071807e-05	4.7136512477296e-08	0.047504266153352	0.00078778358437485	0.00078778358054005
16.2	0.0002367031184359	0.00012845299298552	0.00027507912149776	1.4703137306232	1.0488379971007	3.4295020942511	0.0013073213313315	0.0075439125801135	1.1381388206469	0.055157629438161	1.9414951905048	0.1310196251575	6.9082548135539	0.0090685092041391	1.0109439633464	5.9629718513422e-05	4.6296109399886e-08	0.047103183860519	0.00079308339480647	0.00079308339094586
16.48	0.00023059658052492	0.00012165076080358	0.00026352732162655	1.4708089925585	1.0487389055656	3.4300128576254	0.0012537128937163	0.0080028872960054	1.1379182336149	0.055163860216933	1.941072068108	0.12531480087922	6.9066944952086	0.0090408097519261	1.0107188016531	5.6183360311659e-05	4.5363450002421e-08	0.046536984654665	0.00080250056120532	0.00080250055729884
16.872	0.0002275547642211	0.00011803911183316	0.00025612166423179	1.4714898560406	1.0486002531408	3.4307122875925	0.0012160046112508	0.0085760011807355	1.1376080878847	0.055172592716354	1.9404788939104	0.12011865694359	6.9045102405998	0.0090100541454187	1.0104033051995	5.4008348213979e-05	4.4528918252716e-08	0.045952354359592	0.00081528304663312	0.00081528304266439
17	0.00022687386957325	0.00011744894186046	0.00025482324827227	1.4717113213478	1.0485551369642	3.4309399621931	0.0012091994636632	0.0087404780057473	1.1375067220517	0.055175464848407	1.9402851726273	0.1190777246201	6.9037971509386	0.0090032785337965	1.0103002844871	5.3649720056299e-05	4.4364499558038e-08	0.045831141626808	0.00081879112810218	0.00081879112411636
17.2	0.00021212727265867	0.00010959108193548	0.00024386224840621	1.4720515469405	1.0484845068213	3.4312871793337	0.0011621431549242	0.009053098587443	1.1373476911653	0.055179934818357	1.9399820043957	0.11434972736508	6.9026817571382	0.0090269413750813	1.0101390528781	5.0669542937122e-05	4.3508980973203e-08	0.045407806322622	0.00082511342724224	0.00082511342322563
17.48	0.00020685727393379	0.00010445108793934	0.00023448647022675	1.4725128839454	1.0483851826078	3.4317535219424	0.0011183975149034	0.0094482833394291	1.1371237222639	0.055186134532443	1.9395566441576	0.10874602626137	6.9011192159586	0.0089970484150791	1.0099129243802	4.809326883068e-05	4.2535287301417e-08	0.044808572118987	0.0008362641511612	0.00083626414709028
17.872	0.00020396160104116	0.00010159529909913	0.00022829293774832	1.4731429935531	1.0482462230914	3.4323891195185	0.001087006379254	0.0099662794685637	1.1368091606626	0.055194825943959	1.93896057363	0.10365729931996	6.898931929799	0.0089637663268707	1.0095961732425	4.6427583723187e-05	4.1645847910281e-08	0.044183845566987	0.00085148537763738	0.00085148537349232
18	0.00020328037834084	0.00010109513184643	0.00022715259626952	1.4733475197628	1.0482010272161	3.4325958025071	0.0010811372276936	0.010116455266829	1.1367063858314	0.055197687376169	1.938765928071	0.10263934518386	6.8982178534141	0.0089565814706847	1.0094927501567	4.6140549751392e-05	4.14690572525e-08	0.044053151175958	0.00085570081765978	0.00085570081349419
18.2	0.0001904671686503	9.497895378839e-05	0.00021799250212192	1.4736601965597	1.0481302602147	3.4329097276796	0.0010417961550269	0.010403658935928	1.1365452619255	0.05520213901104	1.9384614086907	0.098099791169241	6.8971010714118	0.0089858893557461	1.0093309504751	4.3852111777405e-05	4.0586610006512e-08	0.0436013373631	0.00086321749229474	0.00086321748809255
18.48	0.00018582440600711	9.0958520896022e-05	0.00021013440549801	1.4740801913021	1.0480306806647	3.4333278034212	0.0010051603807138	0.010781288630711	1.1363185996165	0.055208304601899	1.9380343478605	0.09274431915262	6.8955367631231	0.0089530328136104	1.0091041287281	4.1863676678777e-05	3.9564780669644e-08	0.042960309703171	0.00087634478322676	0.00087634477896063
18.872	0.00018306416438301	8.8615698920424e-05	0.00020479128612715	1.4746489155007	1.0478913156641	3.4338934567006	0.00097831157470936	0.011296749593206	1.1360004959917	0.055216941835539	1.9374360585036	0.08790065592643	6.8933470607128	0.0089162140741887	1.0087864731795	4.0541407117057e-05	3.8618803671614e-08	0.042286104595718	0.00089435333834711	0.00089435333399326
19	0.00018238980335145	8.817763094597e-05	0.00020376221392817	1.4748329815932	1.0478459978893	3.4340770494775	0.00097311208782629	0.011447742734033	1.1358965882391	0.055219786964757	1.9372407031275	0.08693361288104	6.8926321977244	0.0089083013071753	1.0086827596478	4.0302594832266e-05	3.8429686627101e-08	0.042143750843355	0.00089938603929846	0.00089938603492009
19.2	0.00017097350811897	8.323071475221e-05	0.00019584393308713	1.4751125701491	1.0477750119467	3.4343541730839	0.00093920804302983	0.011737422937296	1.1357337689048	0.055224209380228	1.9369351366236	0.082674438936429	6.8915142895865	0.0089425132015323	1.008520546406	3.847800112813e-05	3.7515070535195e-08	0.041657861497619	0.00090826641678062	0.000908266412359
19.48	0.0001668256119835	7.9968606785162e-05	0.00018904967611282	1.4754833653894	1.0476750128741	3.4347185491508	0.00090761741197698	0.012126419874939	1.1355048957821	0.055230319088538	1.9365067374803	0.077672151326877	6.8899485282434	0.0089059541917887	1.0082932134959	3.6884543361781e-05	3.64438649172e-08	0.040967259123313	0.00092361860959633	0.00092361860509992
19.872	0.00016420935913178	7.7982574646489e-05	0.00018431935439342	1.4759794581004	1.0475349254129	3.435205940813	0.00088403409183855	0.01267307772373	1.1351838542478	0.055238860135113	1.9359066829938	0.073167192835051	6.8877568335145	0.0088646419926717	1.0079748860964	3.5794830706615e-05	3.5444042186512e-08	0.040235270331452	0.00094477998741265	0.00094477998281317
20	0.00016355140343058	7.7589811931637e-05	0.00018337340393455	1.4761393360221	1.0474893681642	3.4353636147319	0.0008793226023105	0.012834726235205	1.1350790034935	0.055241673379378	1.9357107610951	0.072269807136855	6.8870413218254	0.0088557207960857	1.0078709563904	3.5589062062615e-05	3.5243404914218e-08	0.040079297893037	0.00095074739360599	0.00095074738897744
20.2	0.00015318541873342	7.3436697367512e-05	0.00017632340675768	1.4763799586768	1.0474179589403	3.4355993020469	0.00084924279517703	0.013144990816357	1.1349147598878	0.055246039498132	1.9354043496248	0.068339832697083	6.8859224688515	0.0088946263384322	1.0077084318631	3.4076127147268e-05	3.4294918166386e-08	0.039554271505948	0.00096117719509172	0.00096117719041237
20.48	0.00014945508027702	7.0700555118844e-05	0.00017029786667687	1.4766931958738	1.0473171950488	3.4359029989779	0.00082127493546772	0.013564038387827	1.1346840006815	0.055252047554945	1.9349748514541	0.06374402305295	6.8843554733809	0.0088536097279044	1.0074807080756	3.2750859144445e-05	3.3176040557123e-08	0.038807300724681	0.0009790323770665	0.00097903237230017
20.872	0.00014699986256519	6.8974901318041e-05	0.00016603473023766	1.477104670988	1.0471757960721	3.4363016303958	0.00080011513421931	0.014164734549726	1.1343604234367	0.055260414294975	1.9343733302192	0.059624165599431	6.8821620826019	0.0088068369913096	1.0071618624206	3.1822660347621e-05	3.2127048689725e-08	0.03801038701888	0.0010037577104597	0.001003757705573
21	0.00014636805460747	6.8618021362077e-05	0.00016515692739132	1.4772363818988	1.0471297891432	3.4364298324238	0.00079578017579301	0.014343853786414	1.1342547555893	0.055263167770534	1.9341769358853	0.058805745504807	6.8814460186197	0.0087966382296721	1.0070577655925	3.1640572096655e-05	3.1916044873288e-08	0.037839083910715	0.0010107925587186	0.0010107925537975
21.2	0.00013685974786079	6.502378201197e-05	0.00015874490785618	1.477431814063	1.0470576063156	3.4366183886624	0.00076847935623799	0.014686838910538	1.1340892665844	0.055267431115647	1.9338698121206	0.055237532631956	6.8803263517583	0.00884037626917	1.0068949975286	3.0341757583095e-05	3.0938436435066e-08	0.037272703052861	0.0010229683269528	0.0010229683219724
21.48	0.00013351197379145	6.2672116698353e-05	0.00015331406514679	1.4776788018918	1.0469555268234	3.4368531411668	0.00074324727930591	0.015147434109368	1.1338568337895	0.055273264415272	1.9334393720747	0.051085563941249	6.8787582853989	0.0087941986712344	1.0066669630244	2.9205291707952e-05	2.9781342221257e-08	0.036467626981588	0.0010435825366077	0.0010435825315269
21.872	0.00013124412902687	6.1153457069899e-05	0.00014944440360923	1.4779934176355	1.046811930155	3.437150923861	0.00072403563103387	0.015816539327003	1.1335309815057	0.055281339156742	1.9328365799126	0.047384400582326	6.8765634209354	0.0087411087232012	1.0063477018352	2.8396434807327e-05	2.869531008326e-08	0.03560486470593	0.0010722209852979	0.0010722209800776
22	0.00013064964009509	6.0828794514819e-05	0.00014863096055752	1.4780929219366	1.0467651627358	3.4372455960088	0.00072002826223032	0.016017514145884	1.1334245776744	0.055283991573439	1.9326397747811	0.046651797066364	6.8758468770555	0.0087294021020496	1.0062434707053	2.8233053344801e-05	2.8476605237992e-08	0.03541795530393	0.0010804367171964	0.0010804367119361
22.2	0.00012192661138897	5.7658247367399e-05	0.00014273812437688	1.4782370022174	1.0466917022158	3.4373807145984	0.00069492784208488	0.016400010349951	1.1332579588551	0.055288085156167	1.9323320265591	0.043484770565277	6.874726502229	0.0087784061395555	1.006080505104	2.7090114896208e-05	2.7486775300948e-08	0.034814978854	0.0010944919669526	0.0010944919616238
22.48	0.0001189585364685	5.5613180942215e-05	0.00013782079124807	1.4784095923472	1.0465875558856	3.4375378926384	0.00067197757139975	0.016905803442782	1.1330239904458	0.055293643805233	1.9319007506442	0.039823304282011	6.8731575048456	0.008726604264421	1.005852215501	2.6096903378169e-05	2.631603793088e-08	0.033961382116642	0.0011179418877595	0.0011179418823164
22.872	0.0001169152189318	5.4279369893147e-05	0.0001343282003374	1.4786164888866	1.0464406083305	3.4377228454029	0.00065454338078615	0.017646958579665	1.13269603135	0.055301273111306	1.931296820735	0.036582679765619	6.8709613591605	0.0086667393209932	1.0055326107916	2.5386216746974e-05	2.5219823688014e-08	0.033045393811987	0.0011505236476202	0.0011505236420184
23	0.00011637179026989	5.3987933260427e-05	0.00013358528499231	1.4786802766799	1.0463926811938	3.4377800321307	0.00065087085349098	0.017870940886662	1.1325889433842	0.055303771335549	1.9310996466717	0.035944266515533	6.870244398091	0.0086534103190016	1.0054282684016	2.5239964658851e-05	2.4999069838641e-08	0.032845758601542	0.0011599343650716	0.001159934359424
23.2	0.00010837001241053	5.1155402728359e-05	0.00012840338243599	1.4787679185274	1.0463173260415	3.4378558951708	0.00062797809589521	0.018292653611792	1.1324212750301	0.055307612979782	1.9307913487323	0.033222215217698	6.8691234068574	0.008708423640036	1.0052651377235	2.4239160866406e-05	2.4031792667103e-08	0.032229882582826	0.0011757971098455	0.0011757971041206
23.48	0.00010578474879953	4.9371540175155e-05	0.00012411398708028	1.4788601217924	1.0462102839071	3.4379284296584	0.00060734010023854	0.018836870246636	1.1321858800244	0.055312786421027	1.9303593546655	0.030100384549102	6.8675535987537	0.0086511014064237	1.0050366325072	2.3375276227068e-05	2.2892980763822e-08	0.031364078771279	0.001201734416908	0.0012017344110567
23.872	0.0001040088901772	4.8217599233464e-05	0.00012107009831951	1.4789523568097	1.0460588326103	3.4379919017441	0.00059181738477147	0.019639157166306	1.1318559580027	0.055319816382057	1.9297544558523	0.02736151329519	6.8653563372486	0.0085848673586132	1.0047167354825	2.2758352818874e-05	2.1832540114388e-08	0.03043587446736	0.0012376081312889	0.0012376081252628
24	0.00010353210123494	4.7963271315013e-05	0.00012041496155867	1.4789783180651	1.0460093588385	3.4380088787459	0.00058853881883411	0.019882855762806	1.131748231084	0.055322108741446	1.9295569677275	0.026825134334076	6.8646390128879	0.0085700425796311	1.0046122982041	2.2630140120959e-05	2.1619161797218e-08	0.030232635093266	0.0012480171852739	0.001248017179197
24.2	0.00011191245533833	4.9667858455633e-05	0.00016573174263371	1.479006818953	1.0459346918894	3.4380423856139	0.00070249782485919	0.020312760343283	1.1315824906464	0.055326037337616	1.9292511663218	0.024627352468691	6.8635195148232	0.0086380527441859	1.0044492388448	2.5916571695966e-05	2.1786426443882e-08	0.031355996232186	0.0012618378477993	0.0012618378416551
24.48	0.00011270792751603	5.0313289211629e-05	0.00019217997348314	1.4790158351547	1.045837503569	3.4381015601527	0.00078723963597606	0.020830643774588	1.1313555551996	0.055332509274869	1.9288276702878	0.022143563989588	6.8619534684916	0.0086000069107837	1.0042211497528	2.7817729066295e-05	2.1791461233032e-08	0.032847328476504	0.0012778565215585	0.0012778565153363
24.872	0.00011200798714237	5.025928004447e-05	0.0002019425643762	1.4789896859399	1.0457108456724	3.4381907211091	0.00082864753421235	0.0216116911788	1.1310418862438	0.055342818497472	1.928237723996	0.020000728498383	6.859761768241	0.0085645178054041	1.0039019906252	2.8469901371316e-05	2.1646897524824e-08	0.034181906180572	0.0012965459327168	0.0012965459264034
25	0.00011177595153826	5.0182374126481e-05	0.00020271764930372	1.4789763689189	1.045670763186	3.438220397514	0.00083320718551809	0.021852828046667	1.130939827434	0.055346354248302	1.9280453235873	0.019586620035405	6.8590462660606	0.0085576477050737	1.003797802595	2.8504545262271e-05	2.1603844393269e-08	0.034431697156677	0.0013017789413955	0.0013017789350567
25.2	0.00015592101268726	6.3865477466165e-05	0.00019587568452818	1.478945032094	1.045606826723	3.4382597189068	0.00086705211611333	0.022279774216237	1.1307811789644	0.055351707600774	1.9277444484299	0.017966401156096	6.8579344111388	0.0086378425241636	1.0036357555887	3.0094457629562e-05	2.1074781358979e-08	0.033498670383841	0.0013114518046878	0.0013114517983018
25.48	0.00016216254269564	7.0171452657389e-05	0.00019411846441897	1.4788761245216	1.0455123143608	3.4382867293444	0.0008952938252674	0.022765956308695	1.1305609147014	0.055358540233975	1.9273232941581	0.01615443814787	6.8563828774361	0.0085804714386123	1.0034099797978	3.1779054266749e-05	2.0198742611765e-08	0.032034777351918	0.0013301194480008	0.0013301194415238
25.872	0.00016118276151236	7.1677852355684e-05	0.00019269488574795	1.4787496466665	1.045373497859	3.4382852108701	0.00090579619268734	0.023485315066981	1.1302542828478	0.055367241962106	1.9267341674458	0.014600930776172	6.8542121387547	0.0085085691667586	1.0030945098874	3.2539133024015e-05	1.9287519480693e-08	0.030464879983554	0.0013584326414653	0.0013584326348503
26	0.0001607017737455	7.1654706323755e-05	0.00019221217093086	1.4787048227949	1.0453274486401	3.4382800626664	0.00090582130730852	0.02370532115777	1.1301543445853	0.055369987241254	1.9265418830677	0.014301039048524	6.8535034912857	0.0084920602975314	1.0029915529206	3.2579970342238e-05	1.9096779231876e-08	0.03013064317092	0.0013669068671351	0.0013669068604788
26.2	0.00018996204159344	8.1619523259412e-05	0.00020189457445038	1.4786264495881	1.0452541687842	3.4382670681045	0.00094691980936061	0.024078163265583	1.129999224014	0.055374101033464	1.926242263414	0.013109568669534	6.852400507752	0.0085703201840712	1.0028312599538	3.5756176352178e-05	1.8704290222514e-08	0.029280852640351	0.001380224756763	0.0013802247500418
26.48	0.00019333715197468	8.592488543559e-05	0.00020868385783103	1.4784964727608	1.0451486770649	3.4382323515631	0.00097907812599046	0.024476397226669	1.1297842838391	0.055379475282581	1.925824483264	0.011780817437564	6.8508598569734	0.0085079866744512	1.0026076783159	3.8010601555195e-05	1.8110133532822e-08	0.028340716014561	0.0014003954425979	0.0014003954357784
26.872	0.00019195502850873	8.6680621662023e-05	0.00021043380894891	1.4782899501158	1.0449978872823	3.4381599523675	0.00099153535486162	0.025095558662307	1.1294853380509	0.055386585485508	1.9252409273141	0.010647517758954	6.848704056462	0.0084394723964915	1.0022951381493	3.8848545745998e-05	1.7511733586313e-08	0.027489309984263	0.0014274929068327	0.0014274928998812
27	0.0001914445515017	8.6578649360285e-05	0.00021027961399942	1.4782195828221	1.0449483795137	3.4381335336896	0.00099184884197652	0.02528761513944	1.1293879234708	0.055388870844569	1.9250505118651	0.010429731716384	6.8480002784584	0.0084247608590821	1.0021931287101	3.8883859372165e-05	1.7385711132818e-08	0.027314944890731	0.0014353598738164	0.0014353598668265
27.2	0.00020619942890953	9.1655609113017e-05	0.00022254043699871	1.4781030835712	1.0448708242038	3.4380918445507	0.001047147495738	0.025599082016478	1.1292370971053	0.05539241495457	1.9247539460442	0.0095805952772423	6.8469029528939	0.0085137969068724	1.0020340598956	4.1190576024662e-05	1.7256459216259e-08	0.027067739242967	0.0014468439909315	0.0014468439838857
27.48	0.00020746990369297	9.3684806663193e-05	0.00022975134514061	1.4779241790835	1.0447619920287	3.4380286924675	0.0010870679249991	0.025909518137822	1.1290286727026	0.055397342196972	1.9243404504449	0.0086410370440511	6.8453686649384	0.008457985439596	1.0018118231988	4.2646826333405e-05	1.6988035549551e-08	0.026821015696109	0.0014623823806995	0.0014623823735779
27.872	0.00020634900853842	9.3862399575955e-05	0.0002316990437326	1.4776545061036	1.0446095963528	3.4379302438039	0.001103741072053	0.026428433689203	1.128739095737	0.055404234754921	1.9237627647844	0.007846388206135	6.8432215049201	0.0083990629131446	1.0015009789285	4.3114498504849e-05	1.6680435678567e-08	0.026585444000598	0.0014820062881696	0.0014820062809523
28	0.00020597994049163	9.375567945375e-05	0.00023163956719703	1.4775641228246	1.0445599062578	3.4378968260714	0.0011048533896369	0.026592128608488	1.1286447497046	0.055406494559027	1.9235742496946	0.0076946226012459	6.8425205433925	0.0083869970150847	1.001399512069	4.3119668049146e-05	1.6611523669556e-08	0.026532590077777	0.0014876177270257	0.0014876177197811
28.2	0.00021204112898686	9.5892579303703e-05	0.00023776489615183	1.4774179912679	1.0444822510904	3.4378437380701	0.0011401017080848	0.026847655751035	1.1284982544685	0.055410023353088	1.9232802171121	0.0071045796187039	6.841426382949	0.008484805776755	1.0012411259305	4.4226833772885e-05	1.6497586689723e-08	0.026413123296225	0.0014958974120748	0.0014958974047898
28.48	0.00021225129273627	9.6640515274293e-05	0.00024108558398048	1.4772017011406	1.0443733898221	3.4377645445813	0.001164271832619	0.027082334306352	1.1282949127563	0.055414943877201	1.9228694753016	0.0064544028806007	6.8398955736134	0.0084301757597355	1.0010196146364	4.4872776215561e-05	1.6288629765516e-08	0.026254416410051	0.0015072874492568	0.0015072874419163
28.872	0.00021139674263331	9.6545740207471e-05	0.00024168857730419	1.4768847247596	1.0442208691981	3.4376450535723	0.0011735165272449	0.027514562574967	1.1280116506002	0.055421815846651	1.9222951230089	0.0059069767011412	6.8377531363294	0.0083720234092641	1.0007096744825	4.5023471555794e-05	1.6054975088249e-08	0.026073929718032	0.0015218149407389	0.0015218149333277
29	0.00021113326219416	9.6450423559153e-05	0.00024155839908339	1.4767795007951	1.0441710973892	3.4376049467793	0.0011739142797058	0.02765340477773	1.1279192954487	0.055424063494074	1.9221076586416	0.005802793416938	6.8370537151013	0.0083602756186099	1.0006084965136	4.5005811342154e-05	1.6002986976005e-08	0.026031615726991	0.0015259820983738	0.0015259820909422
29.2	0.00021192978243602	9.6798529624406e-05	0.00024334027836977	1.4766115493678	1.0440932442886	3.4375403119736	0.0011886455415454	0.027860332084501	1.1277754217892	0.055427563965047	1.921814952214	0.0053967059981779	6.8359611905842	0.0084629777624993	1.0004504582018	4.5336395606639e-05	1.5863852970303e-08	0.025910959512657	0.0015322905283152	0.0015322905208529
29.48	0.00021154411044979	9.6789475099231e-05	0.00024403324106431	1.4763680254337	1.043983925119	3.4374438847093	0.0011977507551711	0.028029797720955	1.1275747970072	0.055432420761197	1.9214055178809	0.0049502216449095	6.834432090616	0.0084071422618966	1.0002292914587	4.5475540889587e-05	1.5671142359488e-08	0.025745501418198	0.0015412033871097	0.0015412033796039
29.872	0.00021086562765849	9.6545494916956e-05	0.00024376157010681	1.4760169719472	1.0438304983433	3.4373006691945	0.0012000152798493	0.028388228321539	1.1272945996077	0.055439168150023	1.920832647355	0.0045752811478984	6.8322919613226	0.0083479977116206	0.99991976644364	4.543602045303e-05	1.5476547141666e-08	0.025565348496583	0.0015526699891871	0.0015526699816253
30	0.00021066882687411	9.6459944989719e-05	0.00024358851680954	1.4759011150412	1.0437803854643	3.4372529227387	0.0011997044209231	0.028505973183345	1.1272031821128	0.055441369089198	1.920645642243	0.0045040746225904	6.8315932928086	0.0083362082188317	0.99981872028301	4.5405909705969e-05	1.543472250999e-08	0.025524680536249	0.001555961682286	0.0015559616747083
