# Time [h]	All Liquid [L]	MS [g]	AA [g]	Butyric [g]	Propionic [g]	LCFA [g]	Valeric [g]	Acetic [g]
0.2	5.8137547740684	5.033987360180516E-4	0.0012288824487439625	0.005038108247064356	0.01129847008686263	0.02598845316266416	0.0013624649994650876	9.526436524778951	
0.48	13.962992092687438	5.056679935215566E-4	0.0018346610613499009	0.007178064852113937	0.02584990002038652	0.21630999714869192	0.0021318179063582582	22.37418681125811	
0.872	25.403055661778353	5.325491212928716E-4	0.0028046164530628657	0.01001347597685749	0.0628751316583391	1.1356639888353341	0.0033358973010707447	38.815169098797185	
1.0	29.141618852372403	5.410737807020859E-4	0.003126295450142587	0.010960226148561226	0.07622809286943186	1.5031262176763165	0.0037399981499310667	44.03238831330727	
1.2	5.847555865100799	1.1814493210141757E-5	4.887142622259885E-4	0.0014765436102455792	0.02268149894423754	0.7080083195660446	6.311738141245908E-4	7.8609042779511435	
1.48	14.0522147223124	2.4498373501976453E-5	0.0010393844745261672	0.00327602750997467	0.05623438064547456	2.031193007123443	0.001396858260959599	17.957495302693836	
1.872	25.599684345729347	4.157914090452252E-5	0.0016819257648049207	0.0054239150242102315	0.10493682561133008	4.861017941360162	0.0023027110548308237	29.001014287701977	
2.0	29.376399923876544	4.718384214637015E-5	0.0018888898215454987	0.0061122285843192735	0.12093317567945537	5.881252250587844	0.002592673659921774	32.29470468510674	
2.2	5.912888514415205	7.849709132429874E-6	3.1152431257742925E-4	0.0010452874872256086	0.024937383581416336	1.7773037569598886	4.4056751332463524E-4	4.549795898863339	
2.48	14.21032120717448	1.6439852268887513E-5	6.629293646434341E-4	0.002264804163804525	0.05474257320406686	4.553204018483543	9.56483274761809E-4	9.92125103585489	
2.872	25.868160735973998	2.8082151166269372E-5	0.001074712551109107	0.003654761550732327	0.08482078467881665	9.007015611612484	0.0015466215057443869	15.293344684412563	
3.0	29.678587034106354	3.190562134032885E-5	0.0012075040592601028	0.004097897016084116	0.09394850960392855	10.51237167152022	0.0017348980251758496	16.850383200187434	
3.2	5.960857218306805	5.394817583308087E-6	2.00593104942831E-4	6.726164412556719E-4	0.01332162690597878	2.447180926218242	2.8615425067730096E-4	2.0665597003684906	
3.48	14.315242983337559	1.1397992619738262E-5	4.304989506056556E-4	0.0014672772359794616	0.028622881883678706	5.990157627879491	6.247572979241737E-4	4.479948131374896	
3.872	26.02451740222424	1.960463759887301E-5	7.048194522933947E-4	0.0023914456400596744	0.04399856683192304	11.089253509434986	0.0010184013605174429	7.170327757923996	
4.0	29.848997781860596	2.230578415087173E-5	7.935411236786771E-4	0.002687229288646157	0.0486945532440223	12.76434188536033	0.0011443917606175765	7.994029641968533	
4.2	5.977610437541806	3.858543433702828E-6	1.3480240912837726E-4	4.51362048840676E-4	0.006924046379612699	2.6353079946921687	1.923907143201976E-4	1.190303256649349	
4.48	14.348731156651214	8.265456944697374E-6	2.9237837755037024E-4	9.940410934696625E-4	0.015107749336373178	6.315008895954708	4.2352631979291255E-4	2.72733112264344	
4.872	26.072334180997892	1.4405634630919673E-5	4.8495481072868265E-4	0.0016416574605023302	0.023941586575387412	11.336593464273031	6.983449401610333E-4	4.666911079253515	
5.0	29.900791264622985	1.6438111556936825E-5	5.475632447199701E-4	0.0018501266113709885	0.026695553051404742	12.961750102473081	7.867641645416286E-4	5.282254654881875	
5.2	5.982591318535805	2.9697654505161126E-6	9.617090900126273E-5	3.2116383968380585E-4	0.004149088668766305	2.5114232037585773	1.3622569942763486E-4	0.9289418947074288	
5.48	14.359192581824532	6.514489480937759E-6	2.120993592953496E-4	7.179693309915076E-4	0.009248426030538385	5.958238851114964	3.040066286406758E-4	2.1782216724325894	
5.872	26.08848293778901	1.1641883046110774E-5	3.5928728883345066E-4	0.0012102677919944315	0.01515915431106102	10.571732086189849	5.10757044762021E-4	3.8190966211746873	
6.0	29.918644922619094	1.3359086692640785E-5	4.0759263384961556E-4	0.0013702509155895074	0.0170359584469207	12.057260719589845	5.778761895976037E-4	4.344889245144231	
6.2	5.984992154312206	2.612489097076302E-6	7.570401867833585E-5	2.506973252325576E-4	0.0028899949546734843	2.282105437246051	1.0510557791005808E-4	0.802571364661694	
6.48	14.364582288081612	5.976421185353284E-6	1.7180442421433348E-4	5.747570855179452E-4	0.006608161211037199	5.40380904161418	2.401689889523349E-4	1.8943565149679462	
6.872	26.097332716814524	1.1209532871520649E-5	3.021400709688251E-4	0.0010034791345036541	0.01126249213325477	9.591579161459423	4.170433042156248E-4	3.352643418658337	
7.0	29.92856225396947	1.3003540683744934E-5	3.456667205883063E-4	0.001145137502784557	0.012770449692450952	10.941846749434188	4.7539001533919716E-4	3.82207211414211	
7.2	5.986554136201206	2.9277216415483848E-6	7.072998651729332E-5	2.2881180591478352E-4	0.00238936225656132	2.0787678126789038	9.407710885314498E-5	0.7198670832364917	
7.48	14.368177235914015	7.213172353504578E-6	1.6859791632531476E-4	5.473303428355027E-4	0.00566516169167601	4.933508209263548	2.2380999258240757E-4	1.7037819071454994	
7.872	26.103443120734013	1.4856421726001575E-5	3.171501079176905E-4	0.001015544472609057	0.01020736891457073	8.794678153250084	4.1175653292941657E-4	3.028144412663816	
8.0	29.935467650060737	1.7593874053672876E-5	3.682960086170687E-4	0.0011746401549459515	0.011720062955081392	10.043050993157888	4.754519615043844E-4	3.455201457792773	
8.2	5.987761613100579	4.984813158852919E-6	8.816549950516605E-5	2.698957375009237E-4	0.002499077397172243	1.9294026783764098	1.0766807877986006E-4	0.6552765542839638	
8.48	14.371044146628893	1.3827022042753858E-5	2.2637344856558375E-4	6.875091619111056E-4	0.006233177371428521	4.5904088346848955	2.7189241901532675E-4	1.5501682527177771	
8.872	26.108556114640415	3.3381262558026554E-5	4.7254164009802573E-4	0.0013967848490397175	0.012122971256611517	8.206173817715154	5.44858508171021E-4	2.7535902840150595	
9.0	29.941311562988833	4.0837670993047605E-5	5.608602574938579E-4	0.001646799120983264	0.01415109323371581	9.376817275003331	6.406480678080001E-4	3.1412611736114697	
9.2	5.988914988453579	1.5333414473083242E-5	1.6305102774640898E-4	4.4884212601946214E-4	0.0035131042395534742	1.8130982606275163	1.708326716355189E-4	0.5930011990773281	
9.48	14.373849353463612	4.7988027720119916E-5	4.494141141721614E-4	0.0012131785673034268	0.009193870838260433	4.318272750362559	4.55771925001993E-4	1.3986607805521962	
9.872	26.113673903255396	1.3218037597909838E-4	0.0010163540581089045	0.0026419741948201314	0.018976602360854956	7.720706167832927	9.71661893034075E-4	2.4772192495156506	
10.0	29.94718209033495	1.6505652621931572E-4	0.001223196814758836	0.00315350459661111	0.022398013660637858	8.821787756301884	0.0011550551164817438	2.8242650820009625	
10.2	5.990082753071778	6.8192194681229E-5	3.8523478706097453E-4	9.25254852973495E-4	0.005980535843339637	1.7040050554257304	3.2861807604405406E-4	0.5300550605717618	
10.48	14.376604735073892	2.0585262322339053E-4	0.001044974267489993	0.00247320109310234	0.015580538958892713	4.0535161148009	8.659989331642629E-4	1.2502689056484702	
10.872	26.118409415276957	4.991730193193367E-4	0.0022010948547892943	0.005112143536198828	0.031128172724162392	7.225296006372215	0.0017493629811141864	2.2222515968159064	
11.0	29.95252980841885	6.058633158973302E-4	0.002603472608032217	0.006021899492674243	0.036414375364614525	8.249323374061426	0.0020513600079606325	2.5363155647145135	
11.2	5.9909456194053785	1.924304242568194E-4	6.882391770327753E-4	0.0015350496993584402	0.00875804314212009	1.5788028124516502	5.048802763909275E-4	0.48356686722302594	
11.48	14.378481652730532	4.993520530829407E-4	0.0017145718167714688	0.0038306421203328687	0.021666562265417973	3.7443852608788175	0.0012463658882177929	1.1490694222188553	
11.872	26.121354001632866	9.818484370073977E-4	0.003179112691661973	0.007154490458512014	0.040134518940252786	6.647077137895559	0.002285141911539227	2.06320572252717	
12.0	29.955788754156135	0.0011440746114259174	0.0036600992222626592	0.008247988086134956	0.04618797200752139	7.582197320565456	0.0026240177151122656	2.360200539343081	
12.2	5.991358889057179	2.6208502578773995E-4	7.601466931377208E-4	0.001729132719444821	0.009523917828149452	1.4372970800312521	5.311408671931847E-4	0.46109267016845823	
12.48	14.379355412629053	6.265562121138563E-4	0.00179477573458996	0.004124584263264366	0.022727479556274115	3.4023096392949848	0.001255595788112347	1.1015230026289633	
12.872	26.122753762200652	0.001123091661516867	0.003126456981434286	0.007309241362777545	0.04037397042988655	6.0288703507826	0.0021890124779401763	1.987055989924184	
13.0	29.957352339331024	0.0012846006118853678	0.0035524180989081246	0.00833437940547991	0.046057361571764134	6.874488825614115	0.002486897559519602	2.2751455238516627	
13.2	5.991598492707179	2.507020173925648E-4	6.519452152706631E-4	0.001578040463593116	0.008746917379832108	1.2986485221973358	4.543730317596371E-4	0.44808382238058225	
13.48	14.379910979237135	5.851740484341505E-4	0.0015131250827506047	0.003706708863127497	0.02060201129894864	3.072615933609557	0.0010580812136075871	1.0713874674968935	
13.872	26.12375262616942	0.0010230813451634548	0.002591676855963329	0.00646597101400682	0.036093916604757206	5.4423168170004175	0.0018170085483259686	1.9329894497588427	
14.0	29.958496988453838	0.001164222292379377	0.0029343763162149416	0.007348767017489381	0.04105595681302304	6.205137152256702	0.002057750177273861	2.2132180612974977	
14.2	5.991827837927579	2.1676774080505053E-4	5.203382102684736E-4	0.0013490321739711795	0.007586432027712448	1.1713034262195265	3.645652649684569E-4	0.4357281027884451	
14.48	14.380463776636933	5.035875715202749E-4	0.0012046852846740188	0.00315899286193306	0.01781110733808205	2.7702291888610855	8.466785946818487E-4	1.0416182251719803	
14.872	26.124768104204477	8.763826035660553E-4	0.0020625346614433866	0.0055004508653017075	0.031125369898388766	4.901726802086413	0.0014527938242380758	1.878371721238783	
15.0	29.95966456509216	9.962745482604862E-4	0.002335178272420351	0.006249312909788529	0.035386886570175774	5.587397870415541	0.00164512267054649	2.150438671319608	
15.2	5.992067050811978	1.8360828849062343E-4	4.1388727466101376E-4	0.0011435797689233237	0.006509232616023603	1.0519378201697203	2.9128401325117625E-4	0.422892769626434	
15.48	14.381040207314971	4.264686089619148E-4	9.599909784247754E-4	0.002679632680073433	0.015284710510241266	2.4852206223761817	6.77539487579201E-4	1.0106884131443472	
15.872	26.125824140793576	7.42063977207643E-4	0.001650479357094004	0.00467605247663393	0.0267476899405249	4.3867444028433935	0.001167223487991758	1.8217468397374565	
16.0	29.96087804444593	8.434822621539056E-4	0.0018703740752298466	0.005315323807956683	0.030420054467408305	4.997474226521896	0.00132296988897489	2.085384048531835	
16.2	5.992314472517179	1.5509492072111438E-4	3.3435507601805973E-4	9.771664369328335E-4	0.005614130658101437	0.9351167936906262	2.3641479413570747E-4	0.4096420456700704	
16.48	14.381637074879734	3.603074176277312E-4	7.77525323890329E-4	0.0022927240728914844	0.01319725622159374	2.2051430428554646	5.513416776871001E-4	0.9787167541593462	
16.872	26.12692160794348	6.269270730090719E-4	0.0013429984452413186	0.0040113183923116726	0.023147444843656613	3.8784326732054057	9.545083228539884E-4	1.7629827215057392	
17.0	29.962140282047674	7.125367383713136E-4	0.0015234409140721936	0.004562283674023469	0.026338944093264222	4.414665584762794	0.0010830638427452822	2.017805276042225	
17.2	5.992574413919579	1.3070718157944636E-4	2.747850540565582E-4	8.42937733285172E-4	0.004884261227097758	0.818766620443821	1.9560841397848677E-4	0.39573095990761326	
17.48	14.382266034776173	3.035195554514737E-4	6.40372353596972E-4	0.0019797248388185515	0.011493262751066805	1.9263296313268272	4.572704331298708E-4	0.945047787124343	
17.872	26.12808345158387	5.276808194711835E-4	0.0011102532642879779	0.0034701568626854225	0.02019792284762587	3.3742001314214844	7.950725611792251E-4	1.7007973622742747	
18.0	29.96347793329024	5.995784734112485E-4	0.0012604138139918732	0.003948338357171206	0.022992516275771684	3.83704756613877	9.030112123664612E-4	1.946214725474923	
18.2	5.992852638000978	1.0954964980572224E-4	2.288821781636269E-4	7.31869272192017E-4	0.004280027166690809	0.7045280697563397	1.6454141931222376E-4	0.3808408663376845	
18.48	14.382940630054613	2.541004247637948E-4	5.341426395342944E-4	0.0017195846691712335	0.010077723088221073	1.6534900289174121	3.8532555479005943E-4	0.9089332674172923	
18.872	26.129332856064266	4.410574985445896E-4	9.284008320324586E-4	0.0030169322589821313	0.01773197422642324	2.8840720722457944	6.721184477961765E-4	1.6339103508822914	
19.0	29.964917180808975	5.009444341244333E-4	0.001054505218712646	0.0034332876740853415	0.020190657727210806	3.276459415198534	7.638922830721806E-4	1.869166345105161	
19.2	5.993153506173379	9.103868002264486E-5	1.9227176733306565E-4	6.37170450308774E-4	0.0037666896769865833	0.5953769979153413	1.400607835726642E-4	0.36473044632203494	
19.48	14.383670895853854	2.1080425014689873E-4	4.489875970813005E-4	0.0014969080973049444	0.00887058905619979	1.3937480299233989	3.2834242391641404E-4	0.8698175986460104	
19.872	26.130687219576686	3.6510813307495356E-4	7.813967297730156E-4	0.0026263976133825305	0.01561519968922927	2.4202335038007767	5.738549775264577E-4	1.5613592892706993	
20.0	29.966477779498355	4.144655233753067E-4	8.877539191247724E-4	0.002988843225438871	0.01778201408557445	2.746653015716774	6.524852639593593E-4	1.7855677618705033	
20.2	5.993480603713379	7.484565094018587E-5	1.6212212379506665E-4	5.543736039820092E-4	0.0033191222384302194	0.49359377262390053	1.2005996468894771E-4	0.3472019838208493	
20.48	14.384465270431772	1.7293847051114207E-4	3.7856588507009483E-4	0.0013016626225880725	0.007814746567434286	1.1522238234478244	2.815644388542287E-4	0.8272354765710281	
20.872	26.132161344620123	2.987565798637E-4	6.5899828383097E-4	0.002282354294005938	0.013753674056144121	1.9908254276586235	4.925304463569437E-4	1.4823296832407808	
21.0	29.968176563090655	3.389434402083051E-4	7.487154786311046E-4	0.00259691961975383	0.015661312750432872	2.2566630147795204	5.601174285916182E-4	1.6944931143714685	
21.2	5.9938370280543785	6.078275216492527E-5	1.3666414259066081E-4	4.8073047934808267E-4	0.002920721300984209	0.4003981809644199	1.031908292684698E-4	0.32808623155633915	
21.48	14.385330764434013	1.4011091551211494E-4	3.189413645040964E-4	0.0011277516171085671	0.006872931999725583	0.9316147044083423	2.4196705427670452E-4	0.7808049899553791	
21.872	26.133765519745403	2.41404785360387E-4	5.549347851680741E-4	0.0019752296916740173	0.012087722003575664	1.6002903026771436	4.232814698992205E-4	1.3962613635789227	
22.0	29.970024638571903	2.737147734813319E-4	6.304073029022901E-4	0.0022469057271838613	0.013762117496206197	1.8114755142707222	4.8136580692449433E-4	1.5953377304017742	
22.2	5.994223566365979	4.8749741756737586E-5	1.1486300748485807E-4	4.1477554509431375E-4	0.0025618794752303763	0.31659113724165716	8.864531620759443E-5	0.30734134239215716	
22.48	14.386267935485893	1.1211729761640305E-4	2.6784623128977105E-4	9.720435646346996E-4	0.006024231093553059	0.7338276526677104	2.0776311321789813E-4	0.7304994336722412	
22.872	26.135494970362956	1.9274732307834162E-4	4.656882263287703E-4	0.00170046804612269	0.01058582098535018	1.2522096851838254	3.6330954836117144E-4	1.303419065466298	
23.0	29.972014929535185	2.1844166495361687E-4	5.289376245492492E-4	0.00193385384739813	0.012049892267274799	1.4152329027727923	4.1313069470067594E-4	1.4884914445896575	
23.2	5.994635497273179	3.869344340682745E-5	9.618790764763338E-5	3.5603027961847016E-4	0.0022386930619922706	0.24307491697918204	7.600171449775306E-5	0.28522356352261996	
23.48	14.387262391838693	8.882279119056761E-5	2.2412490529058774E-4	8.340018248347126E-4	0.005261413366484662	0.5610573649208808	1.7806691790897374E-4	0.6771001333359632	
23.872	26.13731123355442	1.525133268677853E-4	3.894650497829036E-4	0.0014588786851793961	0.009241209630841948	0.9505836397373834	3.1135988871244477E-4	1.2058828587384351	
24.0	29.974100001437815	1.728059783378851E-4	4.423213316190629E-4	0.001659112457572586	0.010518446785409474	1.07252085649025	3.540579180338439E-4	1.376517735752949	
24.2	5.995054816679579	3.093464608650553E-5	8.055400358262423E-5	3.077901302504045E-4	0.0019576047581413973	0.1807472729026968	6.53228958247051E-5	0.262471248919694	
24.48	14.388113196770613	7.47922455642899E-5	1.9270047339542897E-4	7.98162959878132E-4	0.004891973701735561	0.41561341348276876	1.59981616589907E-4	0.6306787485369829	
24.872	26.137984929674293	1.3618998339750844E-4	3.50891967571371E-4	0.0016491178360307215	0.009699846841739312	0.7006203297154809	3.0342202481559914E-4	1.1677940791794708	
25.0	29.974633946221367	1.5609992801235778E-4	4.025124525301173E-4	0.0019377221553273016	0.011323165482449181	0.7895975837435784	3.5094503867364694E-4	1.3454966557524586	
25.2	5.994680405250379	3.185042486266811E-5	8.095907009086042E-5	4.635824530593199E-4	0.0026121646132136996	0.13147844790915775	7.502557982442084E-5	0.28206899064260793	
25.48	14.387255657610172	8.513792449174194E-5	2.083200052219286E-4	0.0011155220667422167	0.006393997537310745	0.3019830213709113	1.8521535201852522E-4	0.6756317833348188	
25.872	26.13737752187931	1.6689027559647245E-4	4.1627266852811717E-4	0.0020171237973846657	0.011913603856749161	0.5088518389324005	3.536424558641904E-4	1.1992087244737477	
26.0	29.974211495062544	1.935024072465758E-4	4.8567149954839936E-4	0.0023099168688766893	0.013728646889982469	0.5734458514858963	4.0955638451366716E-4	1.3670258126491681	
26.2	5.995170591867379	4.1619718851793076E-5	1.0999126378591012E-4	4.537730424670217E-4	0.0028466423371323974	0.09547322159506133	8.844091101879438E-5	0.2559475026311216	
26.48	14.388593564588213	1.0428130477505796E-4	2.734263509503636E-4	0.0011010306387933676	0.006913294825900147	0.21927207653525488	2.1836463730771113E-4	0.6044414902621456	
26.872	26.13974917388485	1.9458133247664464E-4	5.202962959052634E-4	0.00204361390337771	0.012842852848562474	0.36940398602809515	4.154253403320669E-4	1.073083076675332	
27.0	29.976894758378165	2.2385452026218978E-4	6.016723222955141E-4	0.0023531565924763986	0.014794024932247712	0.41627950877347103	4.8068843898785237E-4	1.224336480714068	
27.2	5.995602891977979	4.534487261050461E-5	1.2755423502283671E-4	4.8454119696530773E-4	0.003063978389893402	0.06928731293242293	1.0292618541215949E-4	0.23293779027118006	
27.48	14.389528614306453	1.1025770615105359E-4	3.0979233997027196E-4	0.0011779391419391994	0.007457800065250828	0.1592432486658903	2.506915756666614E-4	0.5546571054927931	
27.872	26.141144905929757	2.0133602068994649E-4	5.720045167861397E-4	0.0021862155633145643	0.013906547576466807	0.2688893327091752	4.661312217850035E-4	0.9986921305408272	
28.0	29.97841800830864	2.308868567154455E-4	6.578297252770231E-4	0.0025173904782430498	0.0160325290127298	0.3031922155817234	5.369551172257305E-4	1.14312218374424	
28.2	5.995759313059979	4.578080434448683E-5	1.3391506886173578E-4	5.18768700000606E-4	0.003346185866953623	0.05084433354619922	1.1105026207052369E-4	0.22456652262513127	
28.48	14.389856082438055	1.1003614180933656E-4	3.222222624209924E-4	0.0012514628114179262	0.008101238888937927	0.11715187372092403	2.6788711093348393E-4	0.5371215628220337	
28.872	26.14167031071619	1.9928170815062738E-4	5.874125230162137E-4	0.0022915474774278626	0.014929504227891988	0.1987657909549126	4.905544459957361E-4	0.9705112507835979	
29.0	29.979005434664867	2.2826955389624497E-4	6.739463468516976E-4	0.0026316861229761287	0.017170051083440045	0.2243848112938918	5.633899847324284E-4	1.1116012844531986	
29.2	5.995851990280379	4.49311288284354E-5	1.3477866129583206E-4	5.31099982205202E-4	0.003512179713445091	0.03814104066147755	1.137686997812063E-4	0.21958950058910862	
29.48	14.390074249517774	1.0731834742798852E-4	3.227367511144506E-4	0.001274264895348081	0.008452390565968616	0.08820051789563425	2.7298174010809476E-4	0.5254154212958142	
29.872	26.142060254556533	1.93499197138938E-4	5.843501612747005E-4	0.002313758403808716	0.01541895945978268	0.1506093013647004	4.957013909540141E-4	0.9495811429548378	
30.0	29.97945104815308	2.215112759004188E-4	6.69574203725799E-4	0.0026527989382087395	0.0176959907623161	0.17028330820544924	5.683503180866828E-4	1.087680027048395	
