# Time [h]	MS [g]	AA [g]	Butyric [g]	MO_AcidoLCFA [g]	MO_Acetic [g]	MO_hydroM [g]	Propionic [g]	Carbondioxide [g]	Carbondioxide_gas [g]	Carbondioxide_sum [g]	MO_Propionic [g]	MO_acetoM [g]	MO_ButyricValeric [g]	LCFA [g]	MO_AcidoMS [g]	Methane [g]	Methane_gas [g]	Methane_sum [g]	MO_AcidoAA [g]	Valeric [g]	Hydrogen [g]	Hydrogen_gas [g]	Hydrogen_sum [g]	Acetic [g]
0.2	0.062682886149391	0.082898309279519	0.098933084106897	43.90893602179	33.046884329539	102.51616197243	0.38788102945809	20.492773821627	1.6603468022969	22.153120623924	36.324720356717	1.655159820015	62.73819731663	1.1847468623673	224.48982795	1.2907500885724	2.9221806509194	4.2129307394918	32.689261129985	0.033682086029602	4.2808405521827e-06	3.0084346846012e-05	3.4365187398195e-05	42.363005806805
0.48	0.060049421226123	0.093706461318541	0.10949427403609	43.937697566208	33.091496358328	102.81843420739	0.57829569106084	15.497246561894	2.5192828251984	18.016529387093	36.351927849378	1.6613212175293	62.758484884485	2.5618547686351	224.46849062216	0.86719186464991	1.7349881579404	2.6021800225903	32.701106125146	0.040209917923798	4.6834436535935e-06	6.2520885045417e-05	6.7204328699011e-05	39.011030530708
0.872	0.060039840213569	0.094678096212196	0.11224617364658	44.002470613232	33.153428188662	103.30082294285	0.66317087769738	10.750865760877	2.5468557456436	13.297721506521	36.40158922403	1.6699086297031	62.789870829399	3.8543196305935	224.43832072503	0.60340469079031	1.3338796057756	1.9372842965659	32.718877797065	0.041644892908191	5.1894829583429e-06	7.0710564674738e-05	7.5900047633081e-05	36.02859251976
1	0.060026952653134	0.094626354367129	0.11234213656405	44.027709963294	33.173579671004	103.46461337087	0.67219745473305	9.5451952640317	2.3393343122368	11.884529576268	36.418854828004	1.6727106231095	62.800263971357	4.1221571435442	224.42847127105	0.5561256500815	1.2397402615177	1.7958659115992	32.724708331524	0.041692184684042	5.2598492409104e-06	7.0133872410845e-05	7.5393721651755e-05	35.42396440912
1.2	0.039104122290076	0.066289508872162	0.092048883044568	44.070974271424	33.20462641055	103.71857044442	0.70765572818515	8.0100444872469	2.0245163369524	10.034560824199	36.446709287674	1.677039945588	62.813781807519	5.5827391434586	224.40724628255	0.54286371168354	1.7809565359408	2.3238202476243	32.730942112878	0.034741145147234	5.1163946538974e-06	5.9606986348605e-05	6.4723381002503e-05	30.858960978501
1.48	0.03874006641463	0.060275976793083	0.083556144368903	44.141010271726	33.246724463706	104.07582577057	0.72316783898491	6.0815715194521	1.5300680533614	7.6116395728135	36.486904184399	1.6829415372857	62.828400112557	7.3443060943059	224.37505287818	0.50711595512609	1.4407808289579	1.947896784084	32.736885771188	0.031416750726161	5.1470044511746e-06	5.9648986288905e-05	6.4795990740079e-05	25.118444468931
1.872	0.038747662966859	0.0596416746095	0.081956416041929	44.252156295695	33.303355326241	104.58127183834	0.72691915550607	4.2377019446317	1.1474467207659	5.3851486653975	36.543977384426	1.6909361455736	62.847046037316	8.9470453459524	224.32994935957	0.4894213437948	1.4931006973956	1.9825220411904	32.744573900955	0.030740008246375	5.1529527893028e-06	5.9131312285812e-05	6.4284265075115e-05	19.760251729808
2	0.038747731744796	0.059613561013026	0.081880544864972	44.290282240075	33.321471842135	104.74691919728	0.72686927591839	3.75185870256	1.0339979020695	4.7858566046294	36.562671091184	1.6935049898014	62.853062925679	9.2655007786531	224.31522473965	0.48875885173744	1.5284435335537	2.0172023852911	32.74707003073	0.030708876979384	5.1555964589434e-06	5.895410427217e-05	6.4109700731113e-05	18.68519654533
2.2	0.025855174833393	0.041653321503971	0.060968124080245	44.352054163925	33.348630039107	104.99321141299	0.58179323317998	2.949530240453	0.76521646830303	3.714746708756	36.589636905969	1.697378337087	62.859381889053	10.159845456998	224.28856828112	0.50359726428625	1.8405680454332	2.3441653097195	32.74907064736	0.023192274351027	4.6211247079594e-06	4.1644477182396e-05	4.6265601890355e-05	15.395116738409
2.48	0.025664444617943	0.037991362792301	0.053465870633275	44.443182934296	33.383502302831	105.30986946926	0.4741621086254	2.0911392306094	0.5743525631843	2.6654917937937	36.620558440743	1.7024105268268	62.864043473865	11.129993025829	224.24972305237	0.49425572868094	1.7202890934135	2.2145448220944	32.750095531901	0.020316734065691	4.2170347664409e-06	4.1216829268971e-05	4.5433864035412e-05	11.639445305515
2.872	0.025685709432305	0.037647703260527	0.05221449064359	44.57650961697	33.427284452734	105.72469065674	0.43218716155979	1.1973069771373	0.35735429466995	1.5546612718072	36.657261193234	1.708829977213	62.86901030364	11.9534975926	224.19532972176	0.48102826244628	1.7718743893227	2.252902651769	32.751142546694	0.019811535453633	3.9767818886822e-06	4.0983655919293e-05	4.4960437807975e-05	8.3524291758646
3	0.025691496411644	0.037643967784781	0.052175423570753	44.62082096548	33.440770672469	105.85700346742	0.4283737296995	0.94904073836869	0.29323233174564	1.2422730701143	36.668708925088	1.7108265460557	62.870575538548	12.112813053168	224.17757245707	0.47855158179314	1.7938805830984	2.2724321648915	32.751476044028	0.019795860029553	3.9425097640112e-06	4.090308147095e-05	4.4845591234961e-05	7.7119351188957
3.2	0.017487435244543	0.026847172705133	0.039425657166064	44.691303285733	33.460543844304	106.05111336335	0.32449602832417	0.52431961012652	0.14230372148269	0.66662333160922	36.684099113165	1.7137834163574	62.871048976383	12.366568563738	224.14748688456	0.47798508291074	1.8896723147039	2.3676573976146	32.750827153024	0.015091107844095	3.520448864575e-06	2.9060037641267e-05	3.2580486505842e-05	6.5623269986172
3.48	0.01738424174601	0.024703417261249	0.035001935639398	44.792236950556	33.48549528561	106.29883697489	0.26043975203861	0.10519457132584	0.058746084437928	0.16394065576377	36.699989512679	1.7175794015489	62.869123210875	12.590514030906	224.1043979991	0.46776629294818	1.8828506025727	2.3506168955209	32.74884679122	0.013341042578458	3.233562662442e-06	2.892042615235e-05	3.2153988814792e-05	5.4043402242485
3.872	0.0174156651798	0.024531977012279	0.034313014198023	44.935641468632	33.516759615413	106.62476667922	0.23965392181373	-0.34602291127421	-0.056542035671344	-0.40256494694556	36.717998495024	1.7224331750662	62.865493679049	12.74766716145	224.04407506593	0.45638773930667	1.9182611058651	2.3746488451717	32.745845842168	0.01305121570209	3.0863891443279e-06	2.8812799971664e-05	3.1899189115992e-05	4.4966817163489
4	0.017425475855337	0.024540356086178	0.034304761795069	44.982697423606	33.526449218408	106.72909614902	0.23810724548906	-0.47318914628946	-0.090454657074476	-0.56364380336393	36.723589030204	1.7239536715995	62.864275345105	12.775362970823	224.02438204518	0.45418688160145	1.9302469232667	2.3844338048682	32.74486120931	0.013047166962753	3.0666940519265e-06	2.8777217025895e-05	3.1843911077822e-05	4.3291764958979
4.2	0.012190178430634	0.017884664363165	0.026399129589652	45.056644486622	33.540935861512	106.88390592948	0.18298714517172	-0.69195487810483	-0.16996879726636	-0.86192367537119	36.730611727973	1.7262475164308	62.861113500711	12.61240348544	223.99211571687	0.44850314734437	1.9115821275396	2.3600852748839	32.742592211322	0.010079227898006	2.8234065705356e-06	2.1880246529964e-05	2.4703653100499e-05	4.010620559281
4.48	0.012139292821521	0.016589009159201	0.023715376670536	45.160561011309	33.559830088308	107.08625327063	0.15279321815688	-0.90106883292355	-0.21120947828329	-1.1122783112068	36.737133638192	1.729284271273	62.855066058343	12.371468061014	223.94632686534	0.44338088610438	1.9689900766566	2.4123709627609	32.738753191339	0.008994570211767	2.6724885774903e-06	2.1773940042408e-05	2.4446428619899e-05	3.6569558840397
4.872	0.012183157553471	0.016517208626715	0.023341676303318	45.30556745185	33.584385048116	107.35753284513	0.14415495808783	-1.1195050383704	-0.26757335555447	-1.3870783939249	36.74415967798	1.7332979032512	62.846023975798	12.125554991336	223.8822303999	0.43782453362157	1.9927242148316	2.4305487484532	32.733238905516	0.0088308431000814	2.59823078133e-06	2.1724426829048e-05	2.4322657610378e-05	3.3608461997334
5	0.012197588724964	0.016534374539259	0.023353507407729	45.352753729716	33.592125903711	107.44480876332	0.14365653576553	-1.1803179098517	-0.28408201027915	-1.4643999201308	36.746323257095	1.7345743167444	62.843051079414	12.074655775009	223.86130545257	0.43665855207148	1.9987519668861	2.4354105189576	32.731435560444	0.0088345393866754	2.5878656718092e-06	2.1708653296697e-05	2.4296518968506e-05	3.3045626747029
5.2	0.0088902393113789	0.012403330652179	0.018432257384443	45.4263230068	33.603834577315	107.57574135467	0.11410980432486	-1.2838641607291	-0.32254789465869	-1.6064120553878	36.748637575454	1.736520344396	62.837609829088	11.764252933612	223.8276686162	0.42932213100728	1.9216038144189	2.3509259454262	32.72816241825	0.0069630811286882	2.4423513981581e-06	1.7489779770073e-05	1.9932131168232e-05	3.1656723145999
5.48	0.008877060138083	0.011617304738384	0.016793102613115	45.528538148824	33.619307826897	107.74951997045	0.099036090372879	-1.3838568414604	-0.34484000394107	-1.7286968454015	36.749996994376	1.7391289282371	62.828975002742	11.382548332137	223.78018997285	0.42732345733621	2.0117729148931	2.4390963722293	32.723167828005	0.0062894418980679	2.3524128771344e-06	1.7422437897396e-05	1.9774850774531e-05	2.9904037467263
5.872	0.0089417440748966	0.011617920134641	0.016623209917829	45.669455024248	33.639561532643	107.98361084987	0.095241750096604	-1.4746594378769	-0.36748976111603	-1.8421491989929	36.750801609667	1.7426036513673	62.816524047153	11.030619605352	223.71373118778	0.42411261109499	2.0275976800575	2.4517102911525	32.716087985878	0.0062084706596222	2.3048155787215e-06	1.7404121431034e-05	1.9708937009756e-05	2.8302481505119
6	0.0089636852758718	0.01164559112932	0.016654635814114	45.714991448192	33.64594143309	108.05877437533	0.095158637434287	-1.4982612151971	-0.37406476152896	-1.872325976726	36.750997737439	1.743709207933	62.812445212836	10.960681889009	223.69203496624	0.4231531208499	2.0300989219445	2.4532520427944	32.713774504805	0.0062195535970147	2.2977454953589e-06	1.7398834716012e-05	1.9696580211371e-05	2.7981578042907
6.2	0.0069558199031545	0.0091229173497118	0.01365357698487	45.785526277198	33.65559166373	108.17220912575	0.078653939679342	-1.5362999434031	-0.38901948095608	-1.9253194243592	36.750651856605	1.7453965302836	62.80558098204	10.674743359147	223.65756815186	0.41465760527429	1.925235115931	2.3398927212053	32.709882089881	0.0050604309838431	2.2081204804478e-06	1.4828365712784e-05	1.7036486193232e-05	2.718278907508
6.48	0.0069809094927607	0.008668307596579	0.012688069576765	45.882590242282	33.668338071737	108.32371399432	0.07067324122972	-1.5748929100829	-0.40128750767067	-1.9761804177536	36.749073175869	1.7476618782944	62.795342380419	10.341682492129	223.60908063845	0.41363140473514	2.029192412071	2.4428238168061	32.704179287455	0.0046543230319416	2.1514542087707e-06	1.4791613543186e-05	1.6943067751957e-05	2.6133497603375
6.872	0.0070877583863397	0.00874462618516	0.012688161337012	46.014633346891	33.684851450919	108.52678776992	0.069196527149988	-1.5910940830783	-0.40444051790292	-1.9955346009812	36.7462367482	1.750664187314	62.78077648921	10.047951864253	223.54121067506	0.41069282893233	2.0397197325031	2.4504125614354	32.696139377591	0.0046401955026984	2.1200600863769e-06	1.4794321831016e-05	1.6914381917393e-05	2.5113912539061
7	0.0071249954105456	0.0087906895655809	0.012749027583897	46.056888386402	33.689985443976	108.59149437372	0.069377824841491	-1.5922788053735	-0.40515155844962	-1.9974303638231	36.745270006309	1.7516118775266	62.776010668906	9.9914834061886	223.51905359314	0.40951785432562	2.0400870953151	2.4496049496408	32.69351285484	0.0046618472597621	2.1154001284361e-06	1.4796099815504e-05	1.691149994394e-05	2.4893369822759
7.2	0.0060563283543952	0.0073443484019018	0.01105202362371	46.121736163597	33.697674928866	108.68913758457	0.060337751056193	-1.5896865475254	-0.40575365018032	-1.9954401977057	36.743373736366	1.7530502403246	62.768277822975	9.7641400318713	223.48413232927	0.40018215697035	1.9250076834663	2.3251898404366	32.689249394701	0.0039816988991276	2.0618631224349e-06	1.3293207443887e-05	1.5355070566322e-05	2.4408950423158
7.48	0.0061443365953185	0.0071407884648405	0.010580350935084	46.209638811217	33.707658288881	108.81897592463	0.056360602667179	-1.5869318313976	-0.41107921964587	-1.9980110510435	36.740082712159	1.7549637243432	62.757078541189	9.5039222355241	223.435116097	0.39875382736271	2.0308878480324	2.4296416753951	32.683130739776	0.0037670624299027	2.026686560089e-06	1.3282656416393e-05	1.5309342976482e-05	2.3738251086824
7.872	0.0063536391116355	0.0073422008156757	0.010799638108067	46.326295174851	33.720067405689	108.98952366218	0.056593138762215	-1.5494941958514	-0.40129386422086	-1.9507880600722	36.735083404004	1.7574409370623	62.741243703745	9.2828425264633	223.36650466337	0.39444914140114	2.0371432203757	2.4315923617768	32.674526348532	0.0038321576029034	2.0071312636431e-06	1.3307150112767e-05	1.531428137641e-05	2.2990289636252
8	0.0064289187555268	0.0074296887561834	0.010922022400626	46.362908787485	33.72377368449	109.04284858044	0.057116662379112	-1.5335583176063	-0.39781157548112	-1.9313698930874	36.733418824579	1.7582053520798	62.736063758055	9.2428565215713	223.34410507012	0.39262378389725	2.0359394118585	2.4285631957558	32.671715238405	0.0038747966664806	2.0045492775543e-06	1.3316382335746e-05	1.53209316133e-05	2.2799954802232
8.2	0.0061063169776783	0.0067337130988712	0.010168657622202	46.418091060972	33.729140472329	109.12239571028	0.05290000184695	-1.4979169912298	-0.38709612465049	-1.8850131158803	36.730598496682	1.7593449028352	62.727815255268	9.0450265956871	223.30899247143	0.38235358444377	1.9217698944506	2.3041234788943	32.667238870448	0.0035274098090411	1.9746951311652e-06	1.2504188679708e-05	1.4478883810874e-05	2.2472032865281
8.48	0.006348211816687	0.0067920387573559	0.010168463350417	46.490651717759	33.735694373899	109.22572944164	0.051880669278632	-1.4556427494303	-0.3850603367944	-1.8407030862247	36.726278158509	1.7608159215261	62.716053060356	8.8185400539674	223.2597847188	0.37908266401891	2.0200919225193	2.3991745865382	32.660886527527	0.0034800418178971	1.9538433666877e-06	1.252308068853e-05	1.4476924055218e-05	2.1963668015788
8.872	0.0068429355129731	0.0072756465553136	0.0108132026965	46.582288949714	33.742847526278	109.35507242925	0.054330388525654	-1.3642142277585	-0.36306301265075	-1.7272772404092	36.719927842523	1.7626125770273	62.699456379747	8.634176096006	223.19089881701	0.37176448964332	2.0213403607447	2.393104850388	32.651959391165	0.0036843375970955	1.9440349136368e-06	1.2582203046981e-05	1.4526237960618e-05	2.1248221394648
9	0.0070241824755704	0.0074655873793527	0.011080542905706	46.609979135651	33.744725908436	109.39395231796	0.05550919625401	-1.3305087689786	-0.35528945715517	-1.6857982261338	36.717816577561	1.7631397751363	62.69402278713	8.6040724688389	223.16840841518	0.36890081157115	2.0184715030202	2.3873723145913	32.649041319131	0.0037735033789345	1.9437697415789e-06	1.2602785993057e-05	1.4546555734636e-05	2.1028802645712
9.2	0.0073088195742253	0.007270446217442	0.011040777767275	46.650399342599	33.747140762638	109.450277593	0.054745343170227	-1.2595000593813	-0.33206255166733	-1.5915626110487	36.714378106434	1.7638957253289	62.685440259357	8.41397867732	223.13324756431	0.35782580507139	1.9149677657152	2.2727935707866	32.644432568635	0.0036577840893229	1.9288190799216e-06	1.2174941998009e-05	1.4103761077931e-05	2.0723601544137
9.48	0.007937899429489	0.0076836966640819	0.0116165098832	46.701002631131	33.74945228973	109.52007302462	0.05656389082628	-1.1736346377168	-0.32050190645179	-1.4941365441686	36.709309714957	1.7648145514721	62.673278474836	8.195937758354	223.08401149334	0.35217252032518	1.995346744102	2.3475192644272	32.637920800683	0.0037836569037608	1.9190465490064e-06	1.2229685899401e-05	1.4148732448407e-05	2.0219694021184
9.872	0.0090523165170209	0.0086586357820557	0.012945500992073	46.760966293587	33.750691767321	109.60173338718	0.061842229397111	-1.0329084981222	-0.28625124047336	-1.3191597385955	36.701919912807	1.765840123884	62.656109746914	8.0198114511441	223.01507752965	0.34282219841542	1.9906108285642	2.3334330269796	32.628763677649	0.0041834190088179	1.9200184091659e-06	1.2324769455303e-05	1.4244787864469e-05	1.9457053587704
10	0.0094249470005075	0.008999400376615	0.013414949090306	46.778402361335	33.750692082955	109.62525166764	0.063785943255853	-0.98542714042691	-0.27456896232471	-1.2599961027516	36.699463464406	1.7661221665023	62.650484695196	7.9914467530194	222.99257182928	0.33963739255815	1.9862001869026	2.3258375794608	32.625769281292	0.0043294838418308	1.9226828347014e-06	1.2352764402908e-05	1.427544723761e-05	1.9218545045281
10.2	0.0099138723062341	0.0089172803237374	0.013697656096303	46.803364819068	33.750307242285	109.65856113999	0.064709435521823	-0.89043460553435	-0.2411958456422	-1.1316304511765	36.695523494772	1.7665124518004	62.64162373114	7.8012088994415	222.95737792171	0.33002827158552	1.9044469651027	2.2344752366882	32.621047944905	0.0043015807758316	1.9133821143285e-06	1.1986652937794e-05	1.3900035052123e-05	1.8923813159136
10.48	0.010836855498662	0.0093944669178227	0.014454476514436	46.834230144718	33.749101460305	109.69914707754	0.067355207033073	-0.78275970829036	-0.22279775145322	-1.0055574597436	36.689826887608	1.7669715762068	62.629100113799	7.5770709404657	222.90809284132	0.32482037444129	1.9587014623482	2.2835218367895	32.614381447457	0.0044423375316046	1.9073772655009e-06	1.2036219119715e-05	1.3943596385216e-05	1.8500839568273
10.872	0.012034565266016	0.010260455790072	0.015651565414838	46.871628991059	33.746424982329	109.74751371995	0.071792501137148	-0.63896028189656	-0.18637649616776	-0.82533677806431	36.681664290358	1.7674849763171	62.611467984427	7.3809623378148	222.83911388261	0.31833364136918	1.9510630177241	2.2693966590933	32.605017724772	0.0047515846572401	1.9078156962629e-06	1.2096556694889e-05	1.4004372391152e-05	1.7978260449179
11	0.012358172655241	0.010517880776366	0.016007240702709	46.882892308403	33.745382523521	109.76193672809	0.073153988080668	-0.59478010189922	-0.1748578952553	-0.76963799715452	36.678976686339	1.7676305580425	62.60570163109	7.344485777999	222.81659902903	0.31639157736305	1.946729621642	2.2631211990051	32.601958951118	0.0048503948216575	1.9093569107111e-06	1.2111166922183e-05	1.4020523832894e-05	1.7835671156654
11.2	0.012116577359152	0.0099582764726739	0.015806693936588	46.899617342958	33.743620007954	109.78308684936	0.072490259953371	-0.51046188186069	-0.14371573501629	-0.65417761687698	36.674719832393	1.7678405166717	62.596642014928	7.1510219083043	222.78135598992	0.31070608394344	1.8936107053367	2.2043167892801	32.59714272698	0.0046745579845426	1.8919136259222e-06	1.1582331603602e-05	1.3474245229524e-05	1.7669176733188
11.48	0.012428698521216	0.0097940411365562	0.015778778943151	46.921574151071	33.740946981716	109.81041858987	0.07221761916887	-0.42026143888069	-0.1267969670058	-0.54705840588649	36.668649172357	1.7681075315269	62.583865217979	6.9201875876661	222.73196645438	0.30806276938541	1.9235277124618	2.2315904818472	32.590343606182	0.004559497663209	1.8744895053834e-06	1.1584886832674e-05	1.3459376338058e-05	1.7452495340893
11.872	0.012835225083957	0.0099007711901731	0.01595933393825	46.950534994492	33.736943950088	109.84605680764	0.072621391737593	-0.31253722733862	-0.09910194283759	-0.41163917017621	36.660051715332	1.7684471721928	62.565909766586	6.7105936011313	222.66283844425	0.30515096360732	1.9169354966332	2.2220864602405	32.580795858263	0.0045431945568838	1.8605017897416e-06	1.1597846366914e-05	1.3458348156655e-05	1.7224014333617
12	0.012932197684438	0.0099514449771258	0.016030773817156	46.959740494238	33.735597553482	109.85733278813	0.072835223325636	-0.28110851710294	-0.090723992236059	-0.371832509339	36.657235085421	1.7685529264479	62.560042206312	6.6691941299933	222.64027312189	0.30430121159754	1.913820097889	2.2181213094866	32.577677139481	0.0045533241378526	1.858125206442e-06	1.160057487237e-05	1.3458700078812e-05	1.7169577421547
12.2	0.01203797194653	0.0090662895172843	0.015311131299093	46.973847995768	33.733462134836	109.87439821312	0.070245135637873	-0.22220718864676	-0.068550302794648	-0.29075749144141	36.652788774575	1.768714016056	62.550829420931	6.4851628335777	222.60493017392	0.30158797419667	1.8856539261155	2.1872419003121	32.572770343952	0.0042485430404132	1.831343337164e-06	1.0949342769463e-05	1.2780686106627e-05	1.7070624343672
12.48	0.011840054309975	0.0085254510972152	0.014702399336687	46.993080853282	33.730421251117	109.8972755078	0.067758949330984	-0.15985972247325	-0.05637410019931	-0.21623382267256	36.646464578284	1.7689328138186	62.537838973965	6.2673955333431	222.55536900806	0.30029044525901	1.8983046369269	2.1985950821859	32.565844861779	0.0039826932374245	1.8040531727246e-06	1.0928641990383e-05	1.2732695163108e-05	1.692383584311
12.872	0.011832696974735	0.0082943117876723	0.014361714557573	47.019435671465	33.726108751491	109.9283162721	0.066108615419601	-0.088167701267908	-0.037996098775228	-0.12616380004314	36.637521285601	1.7692318743348	62.519580616007	6.0697619021025	222.48598063359	0.29881738497304	1.8933022142618	2.1921195992349	32.556116523634	0.0038260894565809	1.7814110968891e-06	1.0927195397181e-05	1.270860649407e-05	1.6766507333558
13	0.011835688541368	0.0082687169063803	0.014316040647517	47.027977630814	33.724694641128	109.9383494549	0.065853377999406	-0.067653226204963	-0.03251753569261	-0.10017076189757	36.634593000889	1.7693287453006	62.513613555043	6.0303447321725	222.46332779654	0.29838644417686	1.8912646523079	2.1896510964847	32.55293819087	0.003804255364445	1.7771595901676e-06	1.0926620497993e-05	1.2703780088161e-05	1.6732192585934
13.2	0.010864821601059	0.0074573066735009	0.013509881346634	47.04118985511	33.722475621168	109.95367093742	0.062782998874566	-0.029371570518293	-0.018061499162709	-0.047433069681002	36.629974430099	1.769478867122	62.504249207476	5.8623268218247	222.42785096785	0.29722375403074	1.8804811781059	2.1777049321367	32.547943963314	0.0035069992247571	1.7479113858459e-06	1.0266409743423e-05	1.2014321129268e-05	1.6626323558019
13.48	0.010561098275673	0.0069337908813781	0.012817808367221	47.059384795594	33.719348387633	109.97440262545	0.059859630170862	0.01164715001062	-0.0098835867693032	0.0017635632413164	36.623413893271	1.7696863333606	62.491055381256	5.6640508042382	222.37810352347	0.29629804657928	1.8818555906487	2.178153637228	32.540905487849	0.0032473932431089	1.7180585433515e-06	1.0240345406942e-05	1.1958403950294e-05	1.6468575558023
13.872	0.010460076424361	0.0066815352973557	0.012399710608433	47.084560643246	33.714956663076	110.00281423789	0.057850350319573	0.058540200770942	0.0020545130720254	0.060594713842967	36.614144889703	1.7699749893697	62.472519364932	5.4842174828473	222.30845133038	0.29522787961871	1.8778856929468	2.1731135725655	32.531024196689	0.0030885729538458	1.6932691155058e-06	1.023638565454e-05	1.1929654770046e-05	1.6302955017007
14	0.010442101364943	0.0066470465123652	0.012334903442275	47.09276052964	33.713523788963	110.01204822498	0.057512918595452	0.07186526384566	0.0055963785793662	0.077461642425027	36.611110900561	1.7700693943258	62.466462243405	5.4482677291638	222.2857117867	0.29493600296835	1.8765473845637	2.171483387532	32.527796225867	0.0030645222235088	1.6885659442735e-06	1.023525914751e-05	1.1923825091783e-05	1.6268366106884
14.2	0.0096094958276936	0.0060241686869889	0.01164280157271	47.105460140734	33.711279479587	110.02618066856	0.054733561516155	0.096738742405274	0.014955223348953	0.11169396575423	36.606332179107	1.7702161918409	62.456964657102	5.2908562834322	222.250112754	0.29461771362728	1.8771324258956	2.1717501395228	32.522731322885	0.0028282465564668	1.6602262026912e-06	9.6168400537351e-06	1.1277066256426e-05	1.6150485721317
14.48	0.0093327410231671	0.0056197215743452	0.011052317729005	47.122960242533	33.708122496816	110.04534212444	0.052124530178588	0.12404810874587	0.020465160932341	0.14451326967821	36.599560052372	1.7704197443842	62.443600823309	5.1044016369655	222.20020868577	0.29377140067863	1.8711602906429	2.1649316913216	32.515605740915	0.0026237807216042	1.6307190150734e-06	9.5910256055211e-06	1.1221744620595e-05	1.5981579578052
14.872	0.0092231295538544	0.0054186553957712	0.010689973365536	47.147196848148	33.703698871192	110.07166329939	0.050327966871858	0.15566897178984	0.028454031680987	0.18412300347083	36.590007984906	1.7707041978324	62.424841188493	4.9348468980658	222.13034113067	0.29281173679585	1.8677359439571	2.160547680753	32.505610183367	0.0024980458304657	1.6057635886571e-06	9.5869382522458e-06	1.1192701840903e-05	1.5808094309808
15	0.0092016722131766	0.0053895131244827	0.010631617455098	47.15509716979	33.702257563372	110.08023149827	0.050020301096471	0.16464299373555	0.030819424249224	0.19546241798477	36.586882972136	1.7707974906869	62.418712356096	4.9008948306347	222.1075313244	0.29257370025987	1.8668149444885	2.1593886447483	32.502345459949	0.0024785557081348	1.6009752241601e-06	9.5858019088066e-06	1.1186777132967e-05	1.5772385975541
15.2	0.0085213914562115	0.0049330096110072	0.010081089952687	47.167315280954	33.700000952448	110.09334756032	0.047724393568023	0.18145297307537	0.037091458872394	0.21854443194776	36.581968550944	1.7709426653842	62.409110304218	4.746612661684	222.07183553166	0.29276691646681	1.8748904011156	2.1676573175824	32.497228864229	0.0023033147625017	1.5737331832501e-06	9.0055703676417e-06	1.0579303550892e-05	1.5648739645267
15.48	0.0082889299650183	0.0046363436313468	0.0096125749328674	47.184097924193	33.696828178864	110.11111758385	0.045586375915135	0.2006230089425	0.040981734743563	0.24160474368606	36.575021675199	1.7711441320337	62.395616266039	4.5631468917316	222.02181041266	0.29191856592615	1.8639354836277	2.1558540495538	32.490040700194	0.0021523535170734	1.5444588346704e-06	8.9809364920104e-06	1.0525395326681e-05	1.5474126641565
15.872	0.0081852640942475	0.0044846099325259	0.0093198408200947	47.207279996751	33.692386497329	110.1355153258	0.044104319695225	0.22350573278636	0.046708815455042	0.27021454824141	36.565240208342	1.7714261956817	62.376688147094	4.3959423606444	221.95177784458	0.29097212654048	1.8607244304825	2.151696557023	32.479963958104	0.0020586912830622	1.5189821789301e-06	8.9770056019405e-06	1.0495987780871e-05	1.5295207980044
16	0.0081634586327265	0.0044613721125827	0.0092708413044508	47.214831502805	33.69094036848	110.14346012617	0.043844859821044	0.23002226334789	0.048404150852288	0.27842641420018	36.562041873195	1.7715188495412	62.370505549705	4.3624322634979	221.92891431146	0.29075413947365	1.8600366786535	2.1507908181271	32.476673202031	0.0020437930648264	1.5140247807708e-06	8.9759165448669e-06	1.0489941325638e-05	1.5258370288457
16.2	0.0076029041641613	0.0041259101346949	0.0088355413825081	47.226477027617	33.688676466874	110.15560726735	0.041991161162368	0.24231047207324	0.052928782743201	0.29523925481645	36.557018919178	1.7716630575537	62.360825519014	4.2083503600588	221.89314461135	0.29128051563695	1.8732921971049	2.1645727127419	32.471520102685	0.0019153065586511	1.4870310339244e-06	8.4140965319362e-06	9.9011275658605e-06	1.5129542655999
16.48	0.0074067621664604	0.003907422437011	0.0084644975706447	47.24238484098	33.685493646768	110.17201298693	0.040269258146169	0.25705273994769	0.055918542409676	0.31297128235737	36.549933663712	1.7718631901679	62.347234827628	4.0251114042407	221.8430271861	0.29039080923187	1.8586776470472	2.1490684562791	32.464287909098	0.0018046095332105	1.4570740140778e-06	8.3902658379522e-06	9.84733985203e-06	1.4947679471078
16.872	0.0073090590267818	0.0037914162720811	0.0082266278551251	47.264254176024	33.681040130883	110.19447867747	0.039058068113374	0.27546115792523	0.06047472876913	0.33593588669436	36.539971782856	1.7721436780493	62.328182072401	3.8582112610281	221.77286892807	0.28940293915085	1.8554494413744	2.1448523805253	32.454154163007	0.001734748144633	1.4302688542772e-06	8.3863926154176e-06	9.8166614696949e-06	1.4759896220301
17	0.0072871886906927	0.0037724600125581	0.0081849227345053	47.271367641691	33.679590999289	110.20179158564	0.03883948677286	0.2807441535446	0.061826283283926	0.34257043682853	36.536715912302	1.7722359309308	62.321959744789	3.8247765147976	221.74996448815	0.28918530650554	1.8548764896885	2.144061796194	32.450845137726	0.0017232290082083	1.4249877258042e-06	8.3853186956728e-06	9.810306421477e-06	1.4720962690531
17.2	0.0068135279977964	0.0035200655517676	0.0078328554188076	47.28229568773	33.677322359099	110.2129442002	0.037328038136165	0.29078552662867	0.06546239546412	0.35624792209279	36.531607840231	1.7723795063656	62.312221981188	3.6729132429664	221.71413803928	0.28994535696761	1.8720392535961	2.1619846105637	32.445666378445	0.0016275057191403	1.3975084688593e-06	7.8262842479957e-06	9.223792716855e-06	1.4584987390826
17.48	0.0066442556387535	0.0033549689446116	0.0075317054236833	47.297113832327	33.674132065364	110.22792312479	0.035922928178699	0.30347886086246	0.068018375285773	0.37149723614823	36.524413959116	1.7725786411821	62.298559410342	3.4929223635151	221.66394921659	0.28898519509234	1.854422861301	2.1434080563933	32.438403131092	0.0015447557948414	1.3662334281215e-06	7.8027422116673e-06	9.1689756397889e-06	1.4392513364619
17.872	0.0065512466254422	0.0032632410070641	0.0073327691604762	47.317352952925	33.669668685696	110.24833851894	0.034914644901639	0.32011689653027	0.072096015358479	0.39221291188875	36.514310240482	1.77285780932	62.279413624994	3.3294724541572	221.59369358514	0.28791617441909	1.8510119690112	2.1389281434303	32.42822908455	0.0014912539891888	1.3376646348782e-06	7.7988199711978e-06	9.1364846060761e-06	1.4191851196116
18	0.0065293657523079	0.0032471756349073	0.0072961413921771	47.32392233478	33.66821699418	110.25497717653	0.034726127753517	0.32494054317055	0.073310737042776	0.39825128021333	36.511009112904	1.7729497185226	62.273161609642	3.2967757673057	221.57075745166	0.28768539683839	1.8504780077853	2.1381634046237	32.424907135034	0.0014820344580147	1.3319861189503e-06	7.7977289162584e-06	9.1297150352087e-06	1.4149872157718
18.2	0.0061178054570476	0.0030507239956831	0.0070019191681561	47.333965513498	33.665943958097	110.26506045307	0.033462492499464	0.33416552502199	0.076596913287154	0.41076243830915	36.505833813046	1.7730927050346	62.263380447147	3.150965292356	221.53488641375	0.28862676610657	1.8709401067954	2.159566872902	32.41971012926	0.0014085298302903	1.3036419134092e-06	7.2325880157187e-06	8.5362299291279e-06	1.4004749561028
18.48	0.0059686799209485	0.0029215876911802	0.0067495171045962	47.347455744624	33.662745462951	110.27848904589	0.032285751428526	0.34629499081845	0.079011241615129	0.42530623243358	36.498553419681	1.773290743813	62.24966325328	2.9789475311822	221.48464083151	0.28757141397316	1.8505631066792	2.1381345206524	32.412424614747	0.0013446612949223	1.270820755109e-06	7.2089238203817e-06	8.4797445754907e-06	1.3798851476659
18.872	0.0058800209599823	0.002846336249324	0.0065778961104042	47.365723165881	33.658269059131	110.29665782922	0.031423367779665	0.36285159693376	0.083046907317261	0.44589850425102	36.488335931254	1.7735681717575	62.230446199137	2.8233690683569	221.41430759009	0.28638879606294	1.8468448092724	2.1332336053354	32.402221518525	0.0013021899965999	1.2404359739322e-06	7.2048982739124e-06	8.4453342478446e-06	1.3582296796145
19	0.0058583604836487	0.0028322655059846	0.0065448423113729	47.371635368774	33.656813452205	110.30255482922	0.03125636026098	0.36770149661714	0.084255509348683	0.45195700596582	36.484998414239	1.773659557308	62.224171384456	2.792307645739	221.39134619091	0.28613463798647	1.8463010545662	2.1324356925527	32.398890239887	0.0012945193460124	1.2343615344625e-06	7.2037725897118e-06	8.4381341241743e-06	1.3536572770885
19.2	0.0054916690807814	0.002673370557841	0.0062905071307586	47.380615753188	33.654533383729	110.31145603945	0.030167362342118	0.37700602474595	0.087527995872826	0.46453402061877	36.479768657222	1.7738016052929	62.21435658835	2.6555029786381	221.35543898152	0.28723352403322	1.8698725264416	2.1571060504748	32.39367995056	0.0012359133962355	1.2049840655904e-06	6.6270954441465e-06	7.832079509737e-06	1.3380505113035
19.48	0.0053584386569099	0.0025685916499394	0.0060722755967437	47.392525696306	33.651321413515	110.32315979872	0.0291526712727	0.38950060638303	0.089981555662725	0.47948216204575	36.472417252521	1.7739978491238	62.200596407867	2.4948295006193	221.30514672718	0.28605924864025	1.8467160767384	2.1327753253787	32.386378017489	0.0011847315327804	1.1705769411405e-06	6.6029999695296e-06	7.77357691067e-06	1.3158683630408
19.872	0.0052744046153126	0.0025048002976452	0.0059203376631167	47.408460194185	33.646821804263	110.33881481892	0.028395175029854	0.40705925648621	0.094259054189049	0.50131831067526	36.46210539844	1.7742721875398	62.181322657759	2.3501302338618	221.23474949248	0.28473230080462	1.8425877871355	2.1273200879402	32.376153341416	0.0011497299622965	1.1384626350308e-06	6.598855113179e-06	7.7373177482097e-06	1.2923568830462
20	0.0052532710781901	0.0024921847592442	0.0058899537343778	47.41359547303	33.645358505433	110.34387930519	0.028243841986213	0.41225140667478	0.095547027836609	0.50779843451139	36.458737592212	1.7743625489456	62.175029646376	2.3213062052358	221.21176725703	0.28444575197027	1.8420013183521	2.1264470703224	32.37281511926	0.0011431206734512	1.1320181658447e-06	6.597688609317e-06	7.7297067751617e-06	1.2873470483243
20.2	0.0049203156497175	0.0023587867194445	0.0056635078250566	47.421324272699	33.643064841163	110.35144958175	0.027277678581086	0.42221710502139	0.099021711002319	0.52123881602371	36.453462087597	1.77450278868	62.165187709949	2.1950754262303	221.17582969951	0.28569539799044	1.8687563724708	2.1544517704612	32.367594831443	0.0010945252039702	1.1015527715043e-06	6.006452626948e-06	7.1080053984523e-06	1.270483200771
20.48	0.0048004971784978	0.0022709018304173	0.0054699674776609	47.431385451465	33.639828304967	110.36120432717	0.026379350927223	0.43567691301702	0.10162745181668	0.53730436483369	36.446050101889	1.7746957674648	62.151392228705	2.0474580204607	221.12549780499	0.28437794446029	1.8426341807941	2.1270121252544	32.360280343389	0.0010519575957196	1.0656144226948e-06	5.9817215285808e-06	7.0473359512756e-06	1.2464904992768
20.872	0.0047216355855937	0.0022154738303355	0.0053330355352336	47.444602032133	33.635286569835	110.37400836831	0.025699698111124	0.45497127373721	0.10634333038893	0.56131460412613	36.435656800787	1.7749645071546	62.132071366642	1.9151281990537	221.05504609317	0.28287560416086	1.8380031302439	2.1208787344048	32.35003902095	0.0010221438503656	1.031920803914e-06	5.9774689537282e-06	7.0093897576421e-06	1.2208936310464
21	0.0047013419139919	0.0022040108461499	0.0053048405078092	47.448832586588	33.633808827278	110.37812621745	0.025560459246472	0.46072458361962	0.10777036702912	0.56849495064873	36.43226274953	1.7750529487896	62.125763180635	1.8888405456144	221.03204611806	0.28254801993707	1.8373499078269	2.119897927764	32.346695430833	0.0010162951757445	1.02514336133e-06	5.9762642243494e-06	7.0014075856794e-06	1.2153913752122
21.2	0.0043959351012884	0.0020885638782245	0.0050988864403406	47.455109867703	33.631490314857	110.38418264384	0.024683556922364	0.47174126580649	0.11158731127065	0.58332857707715	36.42694724269	1.7751898874346	62.115898365314	1.7742295481384	220.99608241848	0.28395288576574	1.8675364860699	2.1514893718357	32.341467320618	0.00097457725356902	9.9374257829433e-07	5.3725138073616e-06	6.366256385656e-06	1.1971992220579
21.48	0.0042884045981814	0.0020130283883511	0.0049244477725149	47.463043116766	33.628211521568	110.39172289428	0.023873102611306	0.48653558359291	0.11440903325924	0.60094461685215	36.419481501319	1.7753772530185	62.10207263104	1.6408683137929	220.94571612701	0.28246966132005	1.8381526763956	2.1206223377156	32.334142852342	0.00093807396965942	9.5657671214677e-07	5.3471049037727e-06	6.3036816159194e-06	1.1713401786486
21.872	0.0042155614243431	0.0019642490410852	0.0048001542439283	47.473148574453	33.623599196579	110.40128767442	0.023256024468808	0.50802724318335	0.11969700410736	0.62772424729071	36.409015125962	1.7756366137146	62.082710946793	1.5219869467043	220.87521708044	0.28076441218922	1.8329340777965	2.1136984899857	32.323888182947	0.00091209348601134	9.216933598743e-07	5.3427932383596e-06	6.2644865982339e-06	1.1436282543545
22	0.0041964664398543	0.001953820879816	0.0047740264531076	47.476344652604	33.622097027074	110.4043285438	0.023127307782838	0.5144825543658	0.12130354383078	0.63578609819658	36.405597434902	1.7757218093389	62.076389565968	1.4984557217716	220.85220169102	0.28038839551783	1.8321966999545	2.1125850954723	32.320540279054	0.00090684567343502	9.146685602443e-07	5.3415647556846e-06	6.2562333159289e-06	1.1376247243622
22.2	0.0039162827578136	0.0018519829054409	0.0045847485549852	47.480972511221	33.61973747517	110.4086685529	0.022321082287766	0.52676833244044	0.12553466041499	0.65230299285543	36.400245638427	1.7758532952161	62.066504693079	1.3967308305567	220.8162152516	0.28196240520252	1.8661766196643	2.1481390248668	32.315305823941	0.00087013449046619	8.8287522266645e-07	4.7358771224272e-06	5.6187523450937e-06	1.1182571207905
22.48	0.0038209481913682	0.001786295371864	0.0044268038148879	47.486516106192	33.616392295045	110.41371711155	0.02158391959336	0.54301440658215	0.12858318538106	0.67159759196321	36.392730573119	1.7760318390241	62.05265211069	1.2791245335382	220.76581905564	0.2802985289732	1.8331776827871	2.1134762117603	32.307973161894	0.00083823253650678	8.4527113833988e-07	4.7099990371222e-06	5.5552701754621e-06	1.0908395935865
22.872	0.0037553168320895	0.0017434533609679	0.0043146217948373	47.493161623036	33.611672339576	110.41965779434	0.021023933390851	0.56682030957883	0.134502266662	0.70132257624084	36.382196526961	1.7762768923352	62.033253882009	1.1750356740717	220.69527885624	0.2783756669903	1.8273049371056	2.1056806040959	32.297707458626	0.0008154052819128	8.1006073685902e-07	4.7057288261203e-06	5.5157895629793e-06	1.061418049241
23	0.0037378619034687	0.0017340924163249	0.0042907593539529	47.49521048696	33.610132919946	110.42149463204	0.02090597181413	0.57401462127958	0.13630473782476	0.71031935910435	36.3787568615	1.7763571352978	62.026920651095	1.1545298404789	220.67225006668	0.27794753944633	1.8264746863956	2.1044222258419	32.294355981059	0.00081070766484228	8.0297012321713e-07	4.7045074600385e-06	5.5074775832556e-06	1.0550057662815
23.2	0.0034808447986263	0.0016431115356349	0.0041243166438441	47.498025543101	33.607712512452	110.42393135289	0.020170656440154	0.58756003401076	0.1409354050352	0.72849543904596	36.373371353967	1.7764805289106	62.017018121282	1.0670975527925	220.63624382826	0.27971456731796	1.8646636087091	2.1443781760271	32.28911622368	0.00077856184702896	7.7190118046735e-07	4.1192657561174e-06	4.8911669365848e-06	1.0352238285604
23.48	0.003397806131441	0.001585813870426	0.0039865412650185	47.500987111971	33.604274319096	110.42626116063	0.019507764019662	0.60504027232193	0.14415319475365	0.74919346707559	36.365810466382	1.7766466998434	62.003142471857	0.96682435171716	220.58582159197	0.27787337717433	1.8277056379064	2.1055790150808	32.28177663613	0.00075081387241342	7.3532254213397e-07	4.0935845444069e-06	4.8289070865409e-06	1.0074142101335
23.872	0.0033407655524917	0.0015487492873788	0.0038887715580228	47.503949700728	33.599409703442	110.42829988402	0.01900917439886	0.63080972818175	0.15065908178787	0.78146880996962	36.355213371048	1.7768725021917	61.983713121977	0.87885180704152	220.51524555243	0.27574593955866	1.8211490840031	2.0968950235618	32.271501543697	0.00073099829254224	7.0126118847413e-07	4.0895082930546e-06	4.7907694815287e-06	0.97760028789162
24	0.0033254510916664	0.0015405802746382	0.0038677285652644	47.504783576253	33.597820605894	110.42884518532	0.018903866860952	0.63863732710132	0.15264043836148	0.7912777654628	36.351753182417	1.7769461327752	61.977369803408	0.86162331481051	220.49220509396	0.27526976765775	1.8202300975042	2.0954998651619	32.268147018315	0.0007268801006852	6.9440747692663e-07	4.0883407239443e-06	4.7827482008709e-06	0.97107223919571
24.2	0.0035946280654672	0.0015953316135949	0.0053233035733948	47.50569902477	33.595422303488	110.42992142592	0.022564230134477	0.65244586222624	0.15715758937626	0.8096034516025	36.346429599563	1.7770723192842	61.967547462255	0.79103056129435	220.45624681612	0.27745425414325	1.863163146218	2.1406174003612	32.262909551695	0.00083244028287443	6.9978001737748e-07	4.4668000856161e-06	5.1665801029936e-06	1.0071545989778
24.48	0.003620178631815	0.0016160628494775	0.0061728207482783	47.505988625168	33.592300614636	110.4318221121	0.025286137107551	0.66908027803977	0.16004391434815	0.82912419238793	36.339140433011	1.7772801979088	61.953944769643	0.71125127534557	220.40594540795	0.27623222197437	1.8224223685079	2.0986545904823	32.255583330061	0.0008935054576094	6.9994173480499e-07	4.4844648471814e-06	5.1844065819864e-06	1.0550561906653
24.872	0.003597696547013	0.0016143280750284	0.0064863951677636	47.505148712391	33.588232362997	110.43468596202	0.026616158798901	0.69416752066305	0.16645881870732	0.86062633937037	36.329065386152	1.7776113301388	61.934995694752	0.64242339936806	220.3355479959	0.27509231190958	1.8156002405306	2.0906925524402	32.245331938883	0.00091445323204666	6.9529834849735e-07	4.4810845688132e-06	5.1763829173105e-06	1.09792282652
25	0.0035902435634088	0.0016118578569426	0.0065112908956355	47.504720969675	33.586944913534	110.43563916815	0.026762614798841	0.70191283685896	0.16842305864843	0.87033589550739	36.32578725718	1.7777248984555	61.928815793624	0.6291222355372	220.31256606587	0.27487164428697	1.8147106357282	2.0895822800152	32.241985419351	0.00091556599382413	6.9391548191181e-07	4.4800680285152e-06	5.173983510427e-06	1.1059461126725
25.2	0.0050081829275149	0.0020513591362132	0.0062915269870451	47.503714430858	33.584891274344	110.43690217129	0.02784971396956	0.71562634782552	0.17288027240974	0.88850662023526	36.320691468337	1.7778968481368	61.919151683567	0.57708080513381	220.27685328578	0.27744750187613	1.8620410931654	2.1394885950415	32.23678046951	0.00096663397906153	6.7692197725039e-07	4.1708972007623e-06	4.8478191780127e-06	1.075977292729
25.48	0.005208660871384	0.0022539070593553	0.0062350850771374	47.501501119633	33.58185553727	110.43776974654	0.028756837667589	0.7312425166353	0.17548450487599	0.90672702151128	36.313616580209	1.7781163123153	61.905624208359	0.51888055330958	220.22701802325	0.27560474260823	1.8172623257246	2.0928670683328	32.229528551106	0.001020743223048	6.4878361268988e-07	4.1453888287557e-06	4.7941724414456e-06	1.0289570485436
25.872	0.0051771902997769	0.0023022926176646	0.0061893597302241	47.497438650927	33.577396751232	110.43772097315	0.029094173709117	0.75434831995145	0.18172401148654	0.93607233143799	36.30376756507	1.7783958118229	61.886701458361	0.46898189653066	220.1572938968	0.27329524163629	1.8098288486685	2.0831240903048	32.219395657583	0.0010451569527314	6.1951512571985e-07	4.1404049660754e-06	4.7599200917952e-06	0.97853194507175
26	0.0051617409727054	0.002301549167119	0.0061738549302994	47.495998908171	33.57591765032	110.43755561284	0.02909498039075	0.76141491558756	0.18359597006293	0.94501088565048	36.30055754808	1.7784839901891	61.880525284135	0.45934937423858	220.1345321401	0.27276497675671	1.8089038269754	2.0816688037322	32.21608867981	0.0010464686473927	6.1338854892785e-07	4.138912638466e-06	4.7523011873939e-06	0.96779625864995
26.2	0.0061015807759813	0.0026216190870923	0.0064848537313462	47.49348156077	33.573563901347	110.43713822752	0.030415064276663	0.77339060409054	0.18740959092536	0.9608001950159	36.29557507533	1.7786161251949	61.870901500857	0.42107934566545	220.09910430899	0.27527868431237	1.8605587639205	2.1358374482329	32.210940069716	0.0011484883844319	6.0078180194715e-07	4.0461251708034e-06	4.6469069727506e-06	0.94050098680806
26.48	0.0062099893214268	0.0027599073201912	0.0067029255135326	47.489306705075	33.570175507326	110.43602313221	0.031447989406813	0.78618187892062	0.18937676650987	0.97555864543049	36.28867119691	1.7787887460765	61.85748240244	0.37839985609455	220.04961860598	0.27327653198337	1.8123510534573	2.0856275854407	32.203758627508	0.0012209005219529	5.8169748907423e-07	4.0292947276064e-06	4.6109922166806e-06	0.9103037983877
26.872	0.0061655955157005	0.0027841815677842	0.0067591339434388	47.48267319772	33.565332139509	110.43369767004	0.031848115598155	0.80606934423329	0.19500326142885	1.0010726056621	36.279069058195	1.7790171257945	61.838738585328	0.3419982704176	219.98037429356	0.27107585337531	1.8047163487165	2.0757922020918	32.193719837357	0.0012478152893615	5.6247688279237e-07	4.0241388039687e-06	4.5866156867611e-06	0.88295663669452
27	0.0061491989942345	0.0027809062174523	0.0067541812016612	47.480413000245	33.563741949979	110.43284910211	0.031858184804286	0.81223819827881	0.19667541295752	1.0089136112363	36.275940101883	1.7790905315276	61.832622441108	0.33500298273025	219.95776894408	0.27060331879372	1.8038533565534	2.0744566753472	32.190443294168	0.0012489495630339	5.5842904158613e-07	4.0226008522425e-06	4.5810298938286e-06	0.87735602989028
27.2	0.006623125656574	0.0029439781647101	0.0071479988363986	47.476671044308	33.561250873427	110.43151004697	0.033634377563106	0.82224251436927	0.19970012329627	1.0219426376655	36.271095559022	1.7792043683408	61.823096746941	0.30772872030502	219.92252284695	0.27346315664874	1.8593206438427	2.1327838004914	32.185334003846	0.0013230413019121	5.5427747002623e-07	4.0725768763409e-06	4.6268543463672e-06	0.86941578448408
27.48	0.0066639333066181	0.0030091559900218	0.0073796132059165	47.470924632163	33.557755183962	110.42948160206	0.03491662175097	0.83221372258685	0.20100952196195	1.0332232445488	36.264400967208	1.7793626313667	61.809815268289	0.27755010985492	219.87324151782	0.27167049231982	1.8083154350119	2.0799859273317	32.178195761145	0.001369816061829	5.4565570185158e-07	4.0646282991387e-06	4.6102840009903e-06	0.86149102415903
27.872	0.006627930154254	0.0030148602743797	0.0074421732846911	47.462262736048	33.552860234853	110.42631943098	0.035452163234342	0.84888129009721	0.20598497507065	1.0548662651679	36.255099755074	1.7795840203281	61.791260004876	0.25202598918106	219.80427473803	0.2697779007702	1.8005933885093	2.0703712892795	32.168211443185	0.0013848376919758	5.3577559399557e-07	4.0603609245603e-06	4.5961365185559e-06	0.85392446129921
28	0.0066160756885913	0.0030114324240544	0.0074402628983685	47.459359625125	33.551264188999	110.42524605341	0.035487890875138	0.85413917090464	0.20744903111372	1.0615882020184	36.252069360511	1.779656605236	61.785204900192	0.24715127795202	219.78175985377	0.26939034412452	1.7998036110046	2.0691939551291	32.164952327656	0.0013850037377386	5.3356214026615e-07	4.0590717183731e-06	4.5926338586392e-06	0.85222679329819
28.2	0.0068107610630579	0.0030800696472349	0.0076370084643969	47.454665879526	33.548769905022	110.42354086681	0.036620066863683	0.86234670272325	0.20979706436715	1.0721437670904	36.247363933527	1.7797699501012	61.775760573639	0.22819909735277	219.74661542032	0.27253196154937	1.8583958295635	2.1309277911129	32.159864964887	0.0014205659007851	5.2990248447389e-07	4.0539500146057e-06	4.5838524990796e-06	0.84838952027474
28.48	0.006817511522689	0.0031040933506103	0.0077436689574532	47.447718640636	33.545273281087	110.42099717195	0.037396411263723	0.86988457792002	0.210547214667	1.080431792587	36.240832597732	1.7799279973357	61.762567546686	0.20731542052489	219.69744582446	0.2707772454027	1.8050654741241	2.0758427195268	32.152750022121	0.0014413135720438	5.2319078806839e-07	4.0464633405227e-06	4.5696541285911e-06	0.84329185509085
28.872	0.0067900633733818	0.003101049175464	0.0077630371030106	47.437537359279	33.540374318641	110.41715912074	0.037693350855105	0.88376774990796	0.21497500015361	1.0987427500616	36.231734217279	1.7801487249944	61.744119351045	0.18973209164066	219.6286307389	0.26890939190556	1.7972354288052	2.0661448207107	32.142794744379	0.0014461539063721	5.1568579983457e-07	4.0429825141458e-06	4.5586683139804e-06	0.83749462254317
29	0.0067816003816765	0.00309798760472	0.0077588557785586	47.434157565538	33.538775648141	110.41587089055	0.037706126664151	0.88822736146069	0.21626133584922	1.1044886973099	36.228767769811	1.7802209194297	61.738097995568	0.18638572455205	219.60616532905	0.26853205286975	1.7964985632228	2.0650306160926	32.139544908017	0.00144558666031	5.1401594166929e-07	4.0419070576359e-06	4.5559229993052e-06	0.83613549715095
29.2	0.0068071846118451	0.0031091687715359	0.0078160897412371	47.428762965693	33.536275006549	110.41379482059	0.038179294794439	0.89487386655418	0.21803413604019	1.1129080025944	36.224146547868	1.7803333545573	61.728696265113	0.17334219666147	219.57107344156	0.27183084573148	1.8576363604931	2.1294672062246	32.134468717441	0.0014562050268852	5.0954695740613e-07	3.9862113781817e-06	4.4957583355878e-06	0.83226001954654
29.48	0.0067947968276471	0.0031088779401873	0.0078383477029857	47.420940976931	33.532763674822	110.41069757686	0.038471754256097	0.90031710279708	0.2183066386953	1.1186237414924	36.217702479872	1.7804893548497	61.715545234334	0.15900111923449	219.52195875059	0.27003740945212	1.8024058828144	2.0724432922665	32.127364841652	0.0014606743733735	5.0335709258677e-07	3.9787214752598e-06	4.4820785678466e-06	0.82694550555253
29.872	0.0067730039603909	0.0031010412967326	0.0078296216318306	47.409665138945	33.527835606785	110.40609749453	0.03854449078876	0.91182989368784	0.22226716848567	1.1340970621735	36.2087025394	1.7807060809787	61.697144633042	0.1469580304705	219.45321779768	0.26813768649725	1.7944850388164	2.0626227253136	32.11742289817	0.0014594049769513	4.9710669419031e-07	3.9758069429861e-06	4.4729136371764e-06	0.82115899371023
30	0.0067666827191966	0.0030982934330698	0.0078240631599225	47.405943815124	33.526225981114	110.40456387837	0.038534506000051	0.91561185864905	0.22340185281703	1.1390137114661	36.205766209464	1.780776775145	61.691138028845	0.1446708768776	219.43077656501	0.26775900798887	1.7937919411229	2.0615509491117	32.11417729549	0.0014584378197557	4.9576328702088e-07	3.9748877027293e-06	4.4706509897502e-06	0.81985273882432
