Hions_Offset = 0.1155758345125# Time [h]	Butyric -	Propionic -	Carbondioxide -	Valeric -	Acetic -	Nitrogen -	Water -	Hions -
0.2	0.00012263461181028	0.00033707918202605	0.013241268620717	3.4655050121138e-05	0.018652493322173	-0.12244810597389	2.6445306394196e-07	0.014393485416413
0.48	0.00010639079925322	0.00036539632896662	0.0050566698250497	3.2679285215436e-05	0.010216667809177	-0.10005638541377	2.2597261975061e-08	0.0082031770513695
0.872	3.4883908485052e-05	0.00013279396927873	0.00029246692326211	1.1014893683983e-05	0.003786969564189	-0.076297805815144	4.590008601038e-10	0.038636850709878
1	1.9363463932086e-06	6.8860872297169e-06	6.236194721371e-06	6.3552801752496e-07	0.00028720855971627	-0.069888602127634	1.0252418966898e-11	0.045279887146344
1.2	5.1711769402743e-08	2.4627912620296e-07	1.3417207737323e-07	1.7586122244673e-08	4.6179470053643e-06	-0.060981847049602	2.07685373764e-13	0.057766801639291
1.48	3.930472549244e-08	2.0277681634903e-07	9.5423794226738e-08	1.3452836874124e-08	3.1450750511803e-06	-0.050424874212576	1.7556756279794e-13	0.065154435052379
1.872	2.6046781789131e-08	1.4446570179216e-07	6.0298738700283e-08	8.9499275767444e-09	1.6994018217622e-06	-0.038679880685817	1.3744430798594e-13	0.076898215613144
2	2.3326937163725e-08	1.3092598110821e-07	5.3736185233768e-08	8.0253280143355e-09	1.4121808282925e-06	-0.035448307731257	1.3025457091336e-13	0.080129172891119
2.2	1.9940351993797e-08	1.1302786905696e-07	5.2567083190877e-08	6.8698415771819e-09	1.0436245427485e-06	-0.030937364701059	1.2165478199956e-13	0.084639727401087
2.48	1.6404382258397e-08	9.2917120594612e-08	4.1725189187822e-08	5.6593295435088e-09	7.1027997725442e-07	-0.025582781437701	1.131105261266e-13	0.089993939548918
2.872	1.2897189841604e-08	7.181534159705e-08	3.1087968427372e-08	4.4534766570745e-09	4.6404447310371e-07	-0.019630889521198	1.0519627156299e-13	0.095945543617958
3	1.1987798239471e-08	6.6216964104888e-08	2.8549921809188e-08	4.1405394515971e-09	4.1363632293744e-07	-0.017994224758437	1.032538906e-13	0.097582136032113
3.2	1.0742997336226e-08	5.8529427604656e-08	2.8234060516902e-08	3.71020184707e-09	3.268373708934e-07	-0.015710132579794	1.006872502288e-13	0.099866132273047
3.48	9.2921253210765e-09	4.9642771452417e-08	2.3794669310195e-08	3.2070379152484e-09	2.5032995893121e-07	-0.01299912845005	9.7838411731716e-14	0.10257704443646
3.872	7.6823832482941e-09	4.0015138486244e-08	1.9261431098982e-08	2.646654476656e-09	1.9459327236935e-07	-0.0099840883004773	9.4894642786186e-14	0.10559201198889
4	7.2358131691538e-09	3.7391157229772e-08	1.8146501899632e-08	2.4910699533038e-09	1.8281447664438e-07	-0.0091545058808996	9.4122553764562e-14	0.10642157700745
4.2	6.6039484984184e-09	3.3705200273965e-08	1.7933085773344e-08	2.2701481384853e-09	1.5620918757305e-07	-0.0079964895255678	9.3070390204163e-14	0.10757956208915
4.48	5.8371804387637e-09	2.9348806893123e-08	1.5820707115477e-08	2.0014261083081e-09	1.3456129381964e-07	-0.0066215085163896	9.18581359505e-14	0.10895451389802
4.872	4.948312040687e-09	2.4463238114441e-08	1.3628648027022e-08	1.6890307638412e-09	1.1794420780143e-07	-0.0050903771366485	9.0553113467551e-14	0.11048562030833
5	4.6948883445897e-09	2.309643123312e-08	1.3071894651871e-08	1.599910771578e-09	1.1396288713603e-07	-0.004668656701027	9.0201643242044e-14	0.1109073343139
5.2	4.3313734202486e-09	2.1147015002216e-08	1.293987065429e-08	1.4717304834103e-09	1.0557634830314e-07	-0.0040795399376134	8.9716255386813e-14	0.11149644012443
5.48	3.8826615655035e-09	1.8788166086793e-08	1.1797480382169e-08	1.313216714379e-09	9.8028353118836e-08	-0.0033791640608463	8.9147498277236e-14	0.1121968043373
5.872	3.3530182373369e-09	1.6066548169783e-08	1.0612519518888e-08	1.1256587442281e-09	9.0816529173888e-08	-0.0025982076925633	8.8523668242156e-14	0.11297774885977
6	3.2003040931904e-09	1.5291455191642e-08	1.0305668571964e-08	1.0715420810794e-09	8.887178255722e-08	-0.0023829685096901	8.8353617656382e-14	0.11319298476878
6.2	2.9802805457602e-09	1.4177327202181e-08	1.027844857248e-08	9.9337438921969e-10	8.5176414131112e-08	-0.0020821964718342	8.8117334773217e-14	0.1134937516715
6.48	2.7073941585104e-09	1.281160356673e-08	9.5985833383901e-09	8.9620558488449e-10	8.1505176721402e-08	-0.0017245426612937	8.7838381940052e-14	0.11385139939311
6.872	2.3843134991073e-09	1.1215812677216e-08	8.8966076256655e-09	7.8074846305805e-10	7.7704825692236e-08	-0.0013259298266187	8.7530030280792e-14	0.11425000568802
7	2.2909918472941e-09	1.0758211268358e-08	8.7146751870055e-09	7.4734041785745e-10	7.6656697708431e-08	-0.0012161485950832	8.7445574806299e-14	0.1143597850937
7.2	2.1569185361148e-09	1.0100216344592e-08	8.755408219955e-09	6.9915439553472e-10	7.4668024212929e-08	-0.0010629123848947	8.7328024078699e-14	0.11451301851513
7.48	1.9915653356246e-09	9.2928469132105e-09	8.321085608856e-09	6.3941964129413e-10	7.273341653945e-08	-0.00088111640559176	8.7189067806538e-14	0.11469481109207
7.872	1.7979112705728e-09	8.352690172818e-09	7.8858277549316e-09	5.6883424507908e-10	7.0838228495697e-08	-0.00067947002188453	8.7035573228408e-14	0.11489645393948
8	1.7423294751125e-09	8.0838969171994e-09	7.7761256530354e-09	5.4846306133441e-10	7.0338846707291e-08	-0.00062417610640204	8.6993599249528e-14	0.11495174689766
8.2	1.6633357175606e-09	7.7005954713623e-09	7.8633021123517e-09	5.1925319475711e-10	6.9320794368317e-08	-0.00054734603220107	8.6935359747908e-14	0.11502857554907
8.48	1.5674090593543e-09	7.2346788010282e-09	7.5776107469352e-09	4.8328400751031e-10	6.8504493050961e-08	-0.00045694697319763	8.6866957359105e-14	0.11511897290773
8.872	1.4572283321528e-09	6.6998938344445e-09	7.3121577245879e-09	4.4101319236985e-10	6.7966762820356e-08	-0.00035816412611375	8.679236223138e-14	0.11521775426362
9	1.4257983075334e-09	6.5479485830588e-09	7.2502817321132e-09	4.2878662119393e-10	6.7869751381873e-08	-0.00033141639991074	8.6772191024768e-14	0.11524450163433
9.2	1.3816419021479e-09	6.3347797615348e-09	7.3730687402922e-09	4.1129020877741e-10	6.7498882975987e-08	-0.00029468266787428	8.6744507955587e-14	0.11528123484321
9.48	1.3278993540934e-09	6.0756104766744e-09	7.1841330332322e-09	3.8941850522251e-10	6.7460838941478e-08	-0.00025229796567032	8.6712593277658e-14	0.11532361898334
9.872	1.264126528219e-09	5.7725141923332e-09	7.0326031414551e-09	3.6263680929249e-10	6.7811504267781e-08	-0.00020739660707373	8.6678814907926e-14	0.115368520147
10	1.2451011104386e-09	5.6837971669856e-09	7.0030753006413e-09	3.5456605707706e-10	6.795410832621e-08	-0.00019552938085878	8.6669892841162e-14	0.11538038737023
10.2	1.2178428692869e-09	5.5611317731131e-09	7.1497935975312e-09	3.4281227083582e-10	6.7876174836232e-08	-0.00017955005930939	8.6657882868275e-14	0.11539636659875
10.48	1.1810288829028e-09	5.3999155622077e-09	7.0190474338846e-09	3.2690978187414e-10	6.8100898654065e-08	-0.0001616558178693	8.6644438563067e-14	0.11541426072007
10.872	1.1302044449397e-09	5.1853118682147e-09	6.9349939761212e-09	3.0529649081971e-10	6.8539861214448e-08	-0.00014343193070215	8.6630751743437e-14	0.1154324846749
11	1.1135912352854e-09	5.1164914240182e-09	6.9237343926395e-09	2.9838014390939e-10	6.8660638734827e-08	-0.00013874786937137	8.6627234704307e-14	0.11543716875333
11.2	1.0892941921433e-09	5.0216113492416e-09	7.0796163193271e-09	2.8823420629256e-10	6.8497486427156e-08	-0.00013256663585355	8.662259417934e-14	0.11544334985019
11.48	1.0532583254644e-09	4.8827287836163e-09	6.9748334026393e-09	2.737142776155e-10	6.8456939351999e-08	-0.00012584535644527	8.6617549064395e-14	0.11545007079477
11.872	1.0007776034733e-09	4.6790412973225e-09	6.9195717238243e-09	2.5338216582638e-10	6.8383544512171e-08	-0.0001192274641118	8.661258231193e-14	0.11545668828188
12	9.8358207331705e-10	4.6114032482547e-09	6.9153256816134e-09	2.468851313372e-10	6.8331157167225e-08	-0.00011756736472786	8.6611336545054e-14	0.11545834823327
12.2	9.5823444259166e-10	4.5135511615633e-09	7.0694029349157e-09	2.3729068333857e-10	6.800797901546e-08	-0.00011541798612394	8.6609723766765e-14	0.11546049730997
12.48	9.2200295560633e-10	4.3721442002855e-09	6.9711311684483e-09	2.2400956628989e-10	6.7644323680582e-08	-0.0001131681386611	8.6608035938048e-14	0.11546274650457
12.872	8.7199470990375e-10	4.1714595649663e-09	6.9240416111743e-09	2.0624216861857e-10	6.7117080082129e-08	-0.00011108196920521	8.6606471141226e-14	0.11546483183123
13	8.5619009647896e-10	4.1066285972709e-09	6.9216314349304e-09	2.0073363766308e-10	6.6933344501948e-08	-0.00011058959913261	8.6606101886541e-14	0.11546532392902
13.2	8.3217399495488e-10	4.0064002121073e-09	7.0710656050749e-09	1.9235576315345e-10	6.6523573442856e-08	-0.00010999101094391	8.6605653024856e-14	0.11546592212425
13.48	7.9992015391718e-10	3.8695198915194e-09	6.9730025409061e-09	1.8136056321787e-10	6.5992293946104e-08	-0.00010946510431195	8.6605259018462e-14	0.11546644722143
13.872	7.577788085983e-10	3.6867824413337e-09	6.9283740101343e-09	1.673631002442e-10	6.5249649750908e-08	-0.00010916172709717	8.660503214008e-14	0.11546674957252
14	7.4480291229833e-10	3.6297061890468e-09	6.9267300820636e-09	1.6312611239065e-10	6.5006836885498e-08	-0.00010913917386032	8.6605015450898e-14	0.11546677180702
14.2	7.246535478878e-10	3.5388086018708e-09	7.0726752297373e-09	1.5654765791572e-10	6.4541352919533e-08	-0.00010917979736043	8.660504625176e-14	0.11546673074638
14.48	6.9849646094889e-10	3.4191387225762e-09	6.9743538539248e-09	1.4817577591802e-10	6.3930644379543e-08	-0.0001093945275504	8.660520801091e-14	0.11546651515298
14.872	6.6520141272396e-10	3.265245655127e-09	6.9317743170443e-09	1.3779244462949e-10	6.309567297966e-08	-0.00010990900459927	8.6605594831556e-14	0.11546599960084
15	6.5504759655967e-10	3.2180836358408e-09	6.9309567119654e-09	1.3468228602142e-10	6.2827646938492e-08	-0.00011011341666065	8.660574845073e-14	0.11546579485953
15.2	6.3912678578126e-10	3.1423438855859e-09	7.0748067982832e-09	1.2981115123946e-10	6.2325649101029e-08	-0.00011047685258929	8.660602148531e-14	0.11546543096895
15.48	6.1866505263719e-10	3.0441712575139e-09	6.9770167374203e-09	1.2367757975527e-10	6.1670340226611e-08	-0.00011109104140248	8.6606482993867e-14	0.11546481590229
15.872	5.9272779876008e-10	2.9196661201413e-09	6.9373001728264e-09	1.1612041032802e-10	6.0781588935645e-08	-0.00011208798388691	8.6607231860798e-14	0.11546381787338
16	5.8480628651454e-10	2.8817139984674e-09	6.9375879816224e-09	1.1385801165819e-10	6.0497455018517e-08	-0.00011243493921773	8.6607492448946e-14	0.11546347058609
16.2	5.7231597108225e-10	2.8205448780663e-09	7.0805045366495e-09	1.1029863939824e-10	5.9968123524745e-08	-0.00011301083440453	8.6607924928007e-14	0.11546289422729
16.48	5.5623200301736e-10	2.741478320555e-09	6.9840829060722e-09	1.0581599527617e-10	5.9275784885612e-08	-0.00011390609830472	8.6608597384731e-14	0.11546199807502
16.872	5.3570269451721e-10	2.6411498550083e-09	6.9482115310561e-09	1.0026974105969e-10	5.8334932335779e-08	-0.00011527284567182	8.6609623812196e-14	0.11546063022457
17	5.2938893272657e-10	2.6104738446216e-09	6.9499141169659e-09	9.8600743835397e-11	5.8033771235525e-08	-0.00011573515041076	8.6609970981962e-14	0.11546016758174
17.2	5.193858549092e-10	2.5608651067881e-09	7.0928516197654e-09	9.596463899563e-11	5.7473803324982e-08	-0.00011648973325716	8.6610537594387e-14	0.11545941251964
17.48	5.0641457401393e-10	2.4964810399396e-09	6.9983916161304e-09	9.2626038509414e-11	5.6737431556627e-08	-0.00011763449199484	8.6611397349269e-14	0.1154582668494
17.872	4.8966646868451e-10	2.4141190134417e-09	6.9672069564298e-09	8.8453881338057e-11	5.5732204422224e-08	-0.0001193507892675	8.661268620974e-14	0.11545654941248
18	4.8446839855239e-10	2.3887521486145e-09	6.9706056211336e-09	8.7187773793087e-11	5.5409834085749e-08	-0.00011992613264282	8.6613118251292e-14	0.11545597371833
18.2	4.7619436576088e-10	2.3475767488946e-09	7.1142924640105e-09	8.5179151296701e-11	5.4810644341478e-08	-0.00012086014751721	8.661381959647e-14	0.11545503919652
18.48	4.6537375687542e-10	2.2937596251053e-09	7.0221262030622e-09	8.2613824752189e-11	5.4019213393836e-08	-0.00012226364742626	8.6614873648857e-14	0.11545363474584
18.872	4.5122681658731e-10	2.2241508045068e-09	6.9963255822609e-09	7.9366161779233e-11	5.2935861671815e-08	-0.00012435474311523	8.6616443979661e-14	0.11545154245404
19	4.4679547773547e-10	2.2025264777518e-09	7.0016786853639e-09	7.8370666155291e-11	5.258826970583e-08	-0.00012505340096583	8.6616968634699e-14	0.11545084342693
19.2	4.3971229616144e-10	2.1673007858713e-09	7.1466487439857e-09	7.6783732147051e-11	5.1942433908785e-08	-0.00012618512100172	8.6617818476392e-14	0.11544971116216
19.48	4.3037433990802e-10	2.1209111172204e-09	7.0569145981382e-09	7.4737747624149e-11	5.1087992388969e-08	-0.00012787692297892	8.6619089085913e-14	0.11544801835827
19.872	4.1802838014445e-10	2.060252566878e-09	7.0371036015191e-09	7.2111592738664e-11	4.9919160731584e-08	-0.00013038918301644	8.6620975795804e-14	0.11544550483401
20	4.1413060624765e-10	2.0412583878907e-09	7.0446553257213e-09	7.1298384092538e-11	4.9544776477679e-08	-0.00013122677981537	8.66216048282e-14	0.11544466684671
20.2	4.0788100757643e-10	2.0102316298136e-09	7.1912665645602e-09	6.9996109101468e-11	4.884970699764e-08	-0.00013258116536763	8.662262196187e-14	0.11544331187415
20.48	3.9958907613495e-10	1.9691076057458e-09	7.1039276050464e-09	6.8301944034468e-11	4.7931861848332e-08	-0.00013459660341507	8.6624135740475e-14	0.11544129537984
20.872	3.8853299347383e-10	1.9148612536497e-09	7.0905852209614e-09	6.6099841539672e-11	4.6682284961051e-08	-0.00013757744951299	8.6626374559597e-14	0.11543831320337
21	3.8502262873906e-10	1.8977718239605e-09	7.1005438171326e-09	6.5411877248382e-11	4.6283746227962e-08	-0.0001385684031374	8.6627118837214e-14	0.11543732183992
21.2	3.7938522729252e-10	1.8698131515252e-09	7.2489349690029e-09	6.4306214484977e-11	4.5544121101683e-08	-0.00014016673113923	8.6628319308848e-14	0.11543572288601
21.48	3.7187454653603e-10	1.8325915474039e-09	7.1637178607287e-09	6.2857297341256e-11	4.4573358574448e-08	-0.00014253207486374	8.6630096086386e-14	0.11543335644017
21.872	3.618096227723e-10	1.7832165776723e-09	7.1570560152971e-09	6.0955558592536e-11	4.326421504837e-08	-0.00014600816976977	8.6632707191568e-14	0.11542987896817
22	3.586040952972e-10	1.7676059318591e-09	7.1695399438915e-09	6.0357567913353e-11	4.2849667669982e-08	-0.00014715838797467	8.6633571202893e-14	0.11542872832853
22.2	3.5345630560732e-10	1.7420616106092e-09	7.3195345394276e-09	5.9394502135772e-11	4.2079511311303e-08	-0.0001490064741198	8.6634959464901e-14	0.1154268795906
22.48	3.4658589800594e-10	1.7079832686127e-09	7.2358212827807e-09	5.8126349168317e-11	4.1079612446517e-08	-0.00015172170363358	8.6636999351422e-14	0.1154241632353
22.872	3.3736400629667e-10	1.6626761224542e-09	7.2355829262037e-09	5.6451776550287e-11	3.9750759352509e-08	-0.00015567387171829	8.6639968521893e-14	0.11542020968197
23	3.3442520328086e-10	1.6483359023869e-09	7.2505494981814e-09	5.5923282326278e-11	3.9334269763149e-08	-0.00015697256530308	8.6640944222683e-14	0.11541891056911
23.2	3.2971289329095e-10	1.6248976082333e-09	7.4015513559844e-09	5.5071841483931e-11	3.8558023123596e-08	-0.00015904779232521	8.6642503381244e-14	0.11541683468787
23.48	3.2342531041206e-10	1.5936297942384e-09	7.318284652664e-09	5.3948076438268e-11	3.7566169963223e-08	-0.00016206824167807	8.6644772960836e-14	0.11541381312476
23.872	3.1499538660238e-10	1.5520859364818e-09	7.3235609372551e-09	5.2460434424157e-11	3.6273812312921e-08	-0.0001664070776283	8.6648033221312e-14	0.11540947295032
24	3.3403606853226e-10	1.5644654378675e-09	7.3290890709073e-09	5.3595755824359e-11	3.6886839406917e-08	-0.00016805177734832	8.66492682569e-14	0.1154078289018
24.2	5.0781022700982e-10	1.9688529434246e-09	7.5572255017685e-09	6.5824602184985e-11	4.3910323616387e-08	-0.00016911383974883	8.6650060395215e-14	0.11540677468046
24.48	6.2047114409044e-10	2.3551328154644e-09	7.6150126780641e-09	7.3819870616313e-11	4.7843671975949e-08	-0.00016948269939054	8.6650334370352e-14	0.11540641031868
24.872	7.0379728561149e-10	2.7491490402378e-09	7.7923334152695e-09	8.2045753033514e-11	4.9522035364197e-08	-0.00016972359433481	8.6650513783198e-14	0.11540617176489
25	7.2843716281442e-10	2.8706906521211e-09	7.8568857456328e-09	8.5206925696357e-11	4.9782175042567e-08	-0.00016980942330488	8.6650577946839e-14	0.1154060864103
25.2	5.7877292719785e-10	2.6282516883124e-09	8.0623937601625e-09	7.6942148218462e-11	4.1637662032256e-08	-0.00017100325123427	8.66514810465e-14	0.11540488424325
25.48	5.1714073357264e-10	2.4961335923097e-09	7.9146851361833e-09	7.7141315720388e-11	3.6717515834598e-08	-0.00017414016767647	8.6653841676791e-14	0.11540174206566
25.872	5.3054829342886e-10	2.5318865806151e-09	7.8393585734297e-09	8.4412663724168e-11	3.4376405654825e-08	-0.00017884252282039	8.665737661605e-14	0.11539703735073
26	5.4247337129563e-10	2.5701509667997e-09	7.8377428627897e-09	8.712477632873e-11	3.4023393745913e-08	-0.00018026868447815	8.6658448494545e-14	0.11539561088743
26.2	5.6385973443563e-10	2.6478837014018e-09	7.9701306587179e-09	9.134369509399e-11	3.3681650280311e-08	-0.00018236203132997	8.6660021644735e-14	0.1153935174346
26.48	5.9388666908423e-10	2.7710100752242e-09	7.8439384147848e-09	9.6769687576693e-11	3.3372775231368e-08	-0.00018504246488835	8.6662036235896e-14	0.11539083672457
26.872	6.3126310187668e-10	2.9442229381945e-09	7.8258461755941e-09	1.0320055166899e-10	3.309574323148e-08	-0.0001883108943601	8.6664492739538e-14	0.11538756821701
27	6.4203467747861e-10	2.9975202708097e-09	7.8396063134911e-09	1.0502371833257e-10	3.3024952217248e-08	-0.00018926680964729	8.6665211200288e-14	0.11538661231059
27.2	6.5742085205908e-10	3.0772452926229e-09	7.9881277231927e-09	1.0765184343315e-10	3.2764721030774e-08	-0.0001906909715119	8.6666281656868e-14	0.11538518813475
27.48	6.7599510502513e-10	3.1776663415128e-09	7.8759685998883e-09	1.1078599211637e-10	3.2534233504621e-08	-0.00019257788996629	8.6667700157697e-14	0.11538330099577
27.872	6.9672711173143e-10	3.2952495557662e-09	7.8684726519416e-09	1.1425896286924e-10	3.2298457880718e-08	-0.00019495619354697	8.6669487990407e-14	0.11538092259071
28	7.0236156222918e-10	3.3282049033506e-09	7.8843113172029e-09	1.152010955971e-10	3.2230736276441e-08	-0.00019566600667825	8.6670021575165e-14	0.11538021276523
28.2	7.1021461852518e-10	3.3755031869106e-09	8.0348378208911e-09	1.1653088465011e-10	3.2035874736795e-08	-0.00019673239184738	8.667082320445e-14	0.11537914639221
28.48	7.1914295781228e-10	3.4310104338178e-09	7.9225046496033e-09	1.1803482797794e-10	3.1834512472938e-08	-0.00019816391185529	8.6671899551193e-14	0.11537771462444
28.872	7.2817153838082e-10	3.4900069964112e-09	7.9148866123223e-09	1.1955412318817e-10	3.1601816817441e-08	-0.00020000007762283	8.6673280067353e-14	0.1153758782879
29	7.30389544979e-10	3.5052436377344e-09	7.9305607200687e-09	1.1992834442349e-10	3.1531897948909e-08	-0.00020055521831871	8.6673697443726e-14	0.11537532311079
29.2	7.3325549721382e-10	3.5262782120011e-09	8.0801080514968e-09	1.2041727907487e-10	3.1386317031723e-08	-0.00020138986393714	8.6674324912705e-14	0.11537448849354
29.48	7.359607168661e-10	3.5482416427838e-09	7.9647143910205e-09	1.2088174357089e-10	3.1209130450202e-08	-0.00020251396313065	8.6675170240683e-14	0.11537336412689
29.872	7.3756884883354e-10	3.5664053983929e-09	7.9546696794827e-09	1.2116864625165e-10	3.0985415729334e-08	-0.00020396836971598	8.6676263879165e-14	0.11537190950661
30	7.376373664739e-10	3.5696974438691e-09	7.9696870147778e-09	1.2118651727846e-10	3.0916410178418e-08	-0.00020441176185734	8.6676597280114e-14	0.11537146606386
