# Time [h]	hydro_Methanogenesis [g/h]	Disintegration_Initial [g/h]	Hydrolysis_Proteins [g/h]	aceto_Methanogenesis [g/h]	Valeric_Degradation [g/h]	Acetic_Degradation [g/h]	Acidogenesis_MS [g/h]	Disintegration_Substrate [g/h]	Propionic_Degradation [g/h]	Butyric_Degradation [g/h]	Hydrolysis_Lipids [g/h]	Hydrolysis_Carbohydrates [g/h]	Acidogenesis_AA [g/h]	Acidogenesis_LCFA [g/h]
0.2	39.123509683827	0	38.619345008259	128.66295518735	3.2332684725381	25.923335834585	115.39382149304	0.68736838257679	10.508067296087	9.5529508496894	31.850077092268	107.50992011962	32.154023126838	0.72874981666114
0.48	39.306944284854	0	34.35321180194	125.97872229055	5.1650911793705	25.608889688013	102.36979642653	1.6404817081538	18.086895509812	13.934333428205	28.327468680896	95.692147785327	32.42752444346	1.1503284629669
0.872	37.638760268744	0	29.184100346195	121.4760704295	5.0279468416549	25.066246037701	87.097290150804	2.9569330428958	21.035423358171	13.454222168076	24.053598172037	81.450818773577	27.79497432703	1.5418284140758
1	36.706219295239	0	27.670193747124	119.66377182618	4.8206568650893	24.841471958644	82.586302127288	3.3824295625867	21.181608197827	12.920963374029	22.800487009268	77.299113043629	26.302997362084	1.6677530012393
1.2	35.528982466663	0	25.464228015327	115.32436024458	4.6025217573928	24.29829121491	76.688374977585	3.3554795239052	21.663507635269	12.264448732031	20.974031891191	71.25644076811	24.543913563414	1.9070549886493
1.48	33.355117496644	0	22.673095708786	107.66808225598	4.1784865028313	23.292694504336	68.465892291067	3.3181109630141	21.317822294567	11.115955513194	18.663198731002	63.609241061155	21.892605154137	2.2561135222217
1.872	29.88758898889	0	19.281686253423	93.354231960174	3.5679231132253	21.236139126532	58.429188086831	3.2664957518929	19.691762381736	9.5069165212272	15.855607450419	54.314322692872	18.592442209934	2.7993287133458
2	28.610751903762	0	18.2861685498	87.672894019022	3.3831966727619	20.34763918193	55.44874059405	3.2498147071529	19.010823463807	9.0184076657869	15.031519276622	51.585127434957	17.604604222047	3.0062149812263
2.2	26.666109753818	0	16.834624824022	78.077426841234	3.1108284474157	18.764111630825	51.15111833042	3.2239213578045	17.867816089993	8.3009894890891	13.82998983686	47.604968379146	16.189443806315	3.3603731314588
2.48	23.967710638689	0	14.997937797299	65.438590004322	2.766831655762	16.480268043279	45.716278701331	3.1880177271185	16.194976478983	7.3956538261895	12.30976708812	42.567188491155	14.408582859095	3.8938770290773
2.872	20.718658229908	0	12.766060319654	52.227927988316	2.3502721707982	13.826812063197	39.112243070875	3.1384253766328	13.912551885911	6.2995999336956	10.462660117891	36.442509864994	12.250439986096	4.6351059999876
3	19.805017841127	0	12.110898777814	48.881325668329	2.2282807776755	13.105919796348	37.157812146563	3.1223982668228	13.201089126683	5.9775001895349	9.920499698737	34.643901354131	11.609383761933	4.8671477193288
3.2	18.445235954313	0	11.155576224849	43.44058629618	2.0498560092521	11.980374197534	34.328880267737	3.097519923662	12.141898101641	5.5080232504674	9.1300037100803	32.020518686337	10.685211245755	5.2454070613307
3.48	16.754009904379	0	9.9466872185102	37.458421101092	1.8249642010152	10.678742858104	30.749190105592	3.063023573102	10.789612435125	4.9165346363562	8.1297986587691	28.699335669305	9.519512488053	5.7503774036998
3.872	14.86635182735	0	8.4775243096892	32.014345816929	1.5524423041854	9.3977683499117	26.396819834016	3.0153747737825	9.1495366462813	4.1998091530318	6.9144550692116	24.660273617292	8.1049491786247	6.3721952257122
4	14.32804954803	0	8.0462272367128	30.705695688564	1.4725222197215	9.0729885164558	25.110836486614	2.9999759709105	8.6671483813677	3.9891248686116	6.5577215372976	23.473843321179	7.6862577195247	6.5605466680407
4.2	13.476482968209	0	7.4172912652914	27.700707520554	1.355682734023	8.3627376993949	23.245350758186	2.9760728844665	7.9610315475707	3.6817594958699	6.0375693507638	21.743024367651	7.080329383439	6.8692697890467
4.48	12.45867773749	0	6.6213390829046	24.859551187505	1.2082463872529	7.6380669322091	20.883563837222	2.9429287381986	7.0823260318627	3.2939080630572	5.3793928318578	19.551150959307	6.3150437022942	7.252971570343
4.872	11.333148136476	0	5.6538655924276	22.4373829311	1.0293523615753	6.981958381292	18.01014309573	2.897147491979	6.0341465402704	2.823138495643	4.5795819624503	16.884232256998	5.3856085136143	7.6803643156866
5	11.00371684727	0	5.3698151893501	21.819342337724	0.97681764497438	6.809743022056	17.16102561564	2.8823523836264	5.7279507049062	2.6846253257173	4.3448059715011	16.100555738316	5.1109609793959	7.8027526180098
5.2	10.491865547155	0	4.9555622416274	20.493096126905	0.90004789712868	6.4486599336297	15.92845629303	2.8593863594001	5.2805794609239	2.4824610591619	4.0024636651165	14.956972722276	4.7126988869263	7.9902274766211
5.48	9.8729659840868	0	4.4312265145393	19.213890055823	0.80309498959488	6.0867295013208	14.367192194752	2.8275414798257	4.7217366206875	2.227048518672	3.5692477025117	13.508124998309	4.2093265225599	8.1992610925726
5.872	9.1413186347305	0	3.7937559725794	17.888393362381	0.68534663909808	5.7010736074567	12.466445447561	2.7835547323723	4.0505562038549	1.9165957831722	3.0427470034873	11.74405895411	3.5976802520431	8.4001075222777
6	8.9199533282309	0	3.6065611057302	17.506818853449	0.6507134744702	5.5884485717736	11.903427935282	2.7693396647266	3.8536692061466	1.8250979745358	2.8881853580109	11.225395145833	3.4169187179383	8.4483065017682
6.2	8.5804433403058	0	3.333523680355	16.78296738479	0.60012727585114	5.3775725771889	11.087302754831	2.7472739959359	3.5657524688847	1.6915339343971	2.6627937284332	10.468228070414	3.1547307321191	8.5073576675637
6.48	8.149868479451	0	2.9878570671815	15.994286260946	0.53621941512506	5.1422158893866	10.053161325228	2.7166775081469	3.2039164537374	1.5226604511433	2.3775425166556	9.5083366066787	2.8232788028533	8.5447609646058
6.872	7.6125282763585	0	2.5674687813819	15.068030167652	0.45856654981087	4.8604986062606	8.7934717930284	2.6744150398772	2.7663530172504	1.3171596166321	2.0308109416251	8.3384529448077	2.4204909608989	8.5150476246813
7	7.4450631459502	0	2.4439877096522	14.784789029761	0.43567889146609	4.7734157310818	8.4181564802793	2.6607572822352	2.6373536370167	1.256416475396	1.9290098200851	7.9942073908702	2.301204178218	8.4875555348918
7.2	7.1845848813659	0	2.2638466972621	14.267134178358	0.40227731771734	4.6160853527077	7.8766896924806	2.6395566925957	2.4486201474068	1.1677802195558	1.7805425555508	7.4913727187971	2.1284880606576	8.4260212635351
7.48	6.8420181611617	0	2.0357178685229	13.663517087898	0.36009234283901	4.4288227190078	7.1905224268552	2.6101596990077	2.210501148782	1.0556906555653	1.5926166213874	6.8533288041413	1.9102331441698	8.3000985989537
7.872	6.3955160541935	0	1.7581433110703	12.907329717528	0.30885283898956	4.1904881965566	6.3543076464351	2.5695540050541	1.9213566680439	0.91920507242056	1.3641325026677	6.0746029441078	1.6450787904165	8.0531653405039
8	6.2524666567959	0	1.6765790504141	12.666276834866	0.29371656222585	4.1138902192181	6.1023981431354	2.5564317138083	1.8357077515908	0.87869600670305	1.2970360551971	5.845189192422	1.5662205005299	7.956899662847
8.2	6.0277742548197	0	1.5575553163385	12.236104611874	0.27167767631412	3.9787835021589	5.7423285350243	2.5360623026626	1.7106587093316	0.81969530718985	1.1991685194534	5.5098112352392	1.4524831458404	7.7914688923672
8.48	5.7261470935567	0	1.4067583690669	11.714080337155	0.24389457097238	3.811884472776	5.2860975171664	2.5078178094232	1.5527691671638	0.74518800105589	1.0752629571421	5.0837006144052	1.3089086456181	7.5322987135525
8.872	5.3277861004074	0	1.2231509115736	11.045581925753	0.21027067852835	3.5955304086618	4.729602391283	2.4688040067403	1.3614108932556	0.65470061695474	0.924564049554	4.562592576119	1.1346241533816	7.1289750355676
9	5.2001202685714	0	1.1691677192307	10.830681392046	0.2003564874473	3.525658063849	4.5597201058305	2.4561961948874	1.3047816776661	0.62783050216746	0.8802972922566	4.4088177122464	1.0826430220237	6.9899678201116
9.2	5.0019109666284	0	1.0903602244519	10.456345472138	0.1860331801361	3.4055992010255	4.3195465218128	2.4366253907652	1.2230874207194	0.58899214795514	0.81571622224603	4.1837535217636	1.0080106575346	6.7691663385787
9.48	4.7410816265746	0	0.9904516902881	10.008842766575	0.16807638393827	3.2598557781391	4.0154740932999	2.4094882457665	1.1207384354108	0.54024910226413	0.73392686892102	3.8972784274365	0.91397723034706	6.4590734724047
9.872	4.4129322704064	0	0.86868455700065	9.4648172029695	0.14657130376372	3.0810824075873	3.6442915759756	2.3720039905993	0.99871158546674	0.48172769402439	0.63440157198468	3.5459482980133	0.80008937131969	6.0412775442957
10	4.3128117143843	0	0.83285376891202	9.2985889259885	0.14030149227364	3.0263638924634	3.5312416494124	2.3598904973713	0.96317387211524	0.464555214031	0.60515451821332	3.4420318759248	0.76639460969843	5.9115980288036
10.2	4.1621819175184	0	0.78051576124053	9.0109778916099	0.13141261057713	2.9335805945423	3.3711296411246	2.341087010092	0.91362050781461	0.44023076368342	0.56247322033558	3.2896932814009	0.7180152782064	5.7201412606057
10.48	3.9748820767799	0	0.71410346262157	8.6926893784983	0.12025016871665	2.8293736004424	3.1682550800624	2.3150138343762	0.85210828808072	0.40972546697904	0.50839394414065	3.095295870591	0.65687725829481	5.4779343880238
10.872	3.7581384882337	0	0.63304625848301	8.3433067810962	0.10683111804656	2.7142002202311	2.9195871317907	2.2789992228027	0.77934112556024	0.37308701018641	0.44253997807115	2.8559603234886	0.58259366047987	5.19280359365
11	3.6961544432035	0	0.60916646127294	8.2445254630155	0.10291649957089	2.6816442741743	2.8453899461151	2.267360677994	0.75826229599337	0.3623701519963	0.42317606917372	2.784943030782	0.56084164031467	5.1124068338736
11.2	3.6045795843362	0	0.57425637696719	8.0659163489377	0.097473878085503	2.6245432269522	2.7377493178737	2.2492944416153	0.73007915764622	0.34755144792759	0.39490558677204	2.6806027186903	0.52941487259361	4.999894977235
11.48	3.4943907673765	0	0.52990095150015	7.881101813248	0.090423760804385	2.5646793088223	2.6000026306923	2.2242435477054	0.69406856941638	0.32831347577496	0.35906151073112	2.5469962581084	0.4890527168619	4.8682684996191
11.872	3.3716034780025	0	0.47565536011757	7.6884610805325	0.081629216457344	2.5021142560169	2.4293494622043	2.1896410005306	0.64931034517063	0.30425469976888	0.31536757051748	2.3816398808063	0.43942765572925	4.7244543017851
12	3.3371064843109	0	0.45964761484795	7.6354490771818	0.079008698872264	2.484955743122	2.3787541123952	2.1784587890088	0.6358815403877	0.29705664128206	0.30250847980905	2.3323639393613	0.42484405266707	4.6856168464515
12.2	3.285433888865	0	0.43621837177777	7.5361384337511	0.075299340667876	2.4537821519381	2.3040435848811	2.1611009076006	0.61745183392527	0.28697566104782	0.28372328461101	2.2597530319175	0.40363638432829	4.6302437747193
12.48	3.2213489651013	0	0.40639548520601	7.4310834129062	0.070427985987108	2.4206044221248	2.2075373041835	2.1370322274606	0.59299219768209	0.27357596593993	0.25988268521831	2.1663521692563	0.37621736116087	4.5667577110922
12.872	3.1480876982883	0	0.36981958595677	7.3162403262276	0.064264903906564	2.3844784422512	2.0869764260204	2.1037863986871	0.56123074529714	0.25642997127976	0.23077758672127	2.0499608650201	0.34233820159811	4.4956966808589
13	3.1269737635946	0	0.35900085027235	7.2836036439992	0.062414701457745	2.3742720634264	2.0509715337126	2.0930426313347	0.55146710148747	0.25123960754251	0.22220132299843	2.0150841291981	0.33232002195797	4.475871792741
13.2	3.0941716373432	0	0.34314053284607	7.2236417834431	0.059646573487516	2.3558836373949	1.9975525495954	2.0763653358133	0.53679196165408	0.24354826554489	0.20966177942647	1.9634968360044	0.31754546101303	4.4444100139453
13.48	3.0510942656119	0	0.32290068043561	7.155083594729	0.056102430269713	2.33487461082	1.9283343420794	2.0532403642706	0.51748227465762	0.23355033721855	0.19372586734564	1.8967545321881	0.29867349143123	4.4067926203261
13.872	2.999790782536	0	0.29798074567292	7.073842894274	0.051705359791272	2.3101429914485	1.8412655142276	2.021298067601	0.4926958562429	0.22093557268824	0.17422974576901	1.8128652690097	0.27538228590971	4.3600427171665
14	2.9845633535968	0	0.2905860244491	7.0497864807212	0.050393534435114	2.3028570641267	1.8150037610488	2.0109755549246	0.4851233254442	0.21712832325132	0.16847480356863	1.7875551515763	0.26846266198227	4.3458697942515
14.2	2.9597123490289	0	0.27972119941395	7.0043036096316	0.048351568228025	2.2892359921415	1.7759432383236	1.9949521625023	0.47307587085984	0.21123909038722	0.16005003658911	1.7499445676826	0.25812809341795	4.3209043741376
14.48	2.9257258538786	0	0.26580828709678	6.9502688704134	0.045797997214878	2.2730892686736	1.7251612866047	1.9727339011015	0.45757002231151	0.20376184700513	0.14932279076204	1.7009429692254	0.24506336378772	4.2890541014861
14.872	2.8840454086872	0	0.24858794271874	6.8834236002521	0.042684386492077	2.2532142440724	1.6607188577629	1.9420440318506	0.43811559577154	0.19445805530427	0.13616001943271	1.6387169157649	0.22892630882655	4.2456045760009
15	2.8714304994997	0	0.24345602243779	6.8631347822931	0.041759638527325	2.2472004710719	1.6410741691359	1.9321262575955	0.43223396832838	0.19165485793518	0.13226504214917	1.6197914219543	0.224107250135	4.2315750718023
15.2	2.8498787183315	0	0.23589355187471	6.822521901566	0.040294225955663	2.2352204214365	1.6117698489168	1.9167311306256	0.42266775613493	0.1872289563822	0.12655337636162	1.5915171877462	0.21686133464975	4.2058645375814
15.48	2.8196975767326	0	0.22616521438511	6.7740018992363	0.038479999087681	2.2209377637593	1.5734458603132	1.8953840301481	0.41052077350235	0.18166115666381	0.11926133727077	1.5543832080173	0.20772024033457	4.1716125215827
15.872	2.7818278156603	0	0.21404118135251	6.7128197093754	0.036279350169075	2.2029827020261	1.5242855761527	1.8658974852668	0.39545997838938	0.17474653665443	0.11027712236391	1.5066808101101	0.19637670485371	4.1230235264872
16	2.7702192833572	0	0.21040794901781	6.6939570181572	0.035625014076065	2.1974543912022	1.5091294522206	1.856368580393	0.39092241102702	0.17265490813305	0.10760968844885	1.4920436226461	0.19296685282444	4.1069239882686
16.2	2.7496424379606	0	0.20503365727064	6.6546745892737	0.034578985974279	2.1859374583185	1.4864411316648	1.8415770858583	0.38346399219788	0.16931628495134	0.10368902504522	1.470048298272	0.18781839544213	4.0771981940567
16.48	2.7203847201212	0	0.19808002213332	6.6074275699823	0.033286012085131	2.1721108344637	1.4565481693967	1.8210669900308	0.37403720771675	0.16511676512015	0.098665480595653	1.4409115928758	0.18130482736108	4.0367460204507
16.872	2.6828864828748	0	0.189338950509	6.546834411482	0.031713253678867	2.1544032482101	1.4177479472259	1.792736590275	0.36236476355292	0.15987022401245	0.092442176971947	1.40302660679	0.17316033878789	3.9788716287979
17	2.671292953454	0	0.18670146698604	6.527910375028	0.031243182767465	2.1488721608157	1.4056447255023	1.783581307727	0.35883734770885	0.15827070500276	0.090586199115115	1.3912955577709	0.17069209935128	3.9595603324425
17.2	2.6501290873527	0	0.18278196475275	6.4876412585561	0.030486972050323	2.1370606935878	1.3874607771485	1.7693697780571	0.35299293480747	0.15569692360815	0.087849848246087	1.3735629480696	0.16695106063442	3.9238926134709
17.48	2.619784180483	0	0.17767492689472	6.4386377674078	0.029549868609777	2.1227038941947	1.3633143953886	1.7496638692248	0.34560026492875	0.15244697210009	0.084327134655613	1.3498706037051	0.1621929936892	3.8748368017889
17.872	2.5801631423871	0	0.17118878765335	6.3747853426323	0.028401812067145	2.1039937412592	1.3316008625774	1.7224442841772	0.33640015029092	0.14834749264053	0.079931910947916	1.3186975019652	0.15618537288493	3.8047882203387
18	2.5678502690599	0	0.16921589347207	6.3546407440458	0.028055972355439	2.0980830894587	1.3215909821476	1.7136479745701	0.33360003708609	0.14708533203512	0.078613582743773	1.3089602280361	0.15434688732717	3.7814134944958
18.2	2.5448763049395	0	0.1662682443767	6.3113478583411	0.027496023207402	2.0853185962445	1.3065047396116	1.6999936699133	0.32892379481647	0.14503896523411	0.076662296584383	1.2941591357048	0.15154870163919	3.7383383201398
18.48	2.5118646133999	0	0.16239657256046	6.258019446443	0.026799038348775	2.0695969394613	1.286322261215	1.6810604167534	0.32298819786556	0.1424417332078	0.074135202332658	1.2742249561401	0.1479663297403	3.6787454781115
18.872	2.4681381428913	0	0.1574223268267	6.1876896493552	0.025936886757122	2.0488306039251	1.2595224702455	1.6549080926738	0.3155406075938	0.13912981568342	0.070954089415083	1.2477113465124	0.14339187161612	3.5940698527859
19	2.4545186542424	0	0.1558958505783	6.1653552482645	0.025674634567828	2.0422210818269	1.2509663893571	1.6464566809083	0.31325299036772	0.13809926320711	0.069993183203729	1.239364587711	0.14197626339323	3.5658923292336
19.2	2.4287608882169	0	0.15360185511798	6.1172965206875	0.025246902706087	2.0279297666048	1.2380425496255	1.6333377528449	0.30940107702222	0.13641588846841	0.068564150027425	1.2266145156927	0.13981211260537	3.5142202730164
19.48	2.3918436511808	0	0.1505627466705	6.0575118526418	0.024711629424727	2.0101323649401	1.2206388048308	1.6151468600782	0.30448955646504	0.1342681954466	0.066700081535205	1.2093225935859	0.13702136919157	3.4425262899069
19.872	2.3424903979668	0	0.1466105942701	5.9781091412131	0.024042107649722	1.9864294174894	1.197306717725	1.5900199505071	0.29826890951746	0.13149969404975	0.064328832037143	1.1861090808591	0.13341428291742	3.3413139943923
20	2.3271210284197	0	0.14538668713875	5.9528198871406	0.023836206012468	1.9788581201438	1.1897778732308	1.5818999132891	0.29633919356114	0.13062912385199	0.063606669214861	1.1787529887958	0.13228448652998	3.3077967908268
20.2	2.2978735298419	0	0.14353650975061	5.8986343910331	0.023497667878946	1.9625696451491	1.1783928687006	1.5692953699485	0.29306345535254	0.12919712712127	0.062526815275231	1.1674700441717	0.13054977891571	3.2467387047543
20.48	2.2562118586466	0	0.14106426916686	5.8308305552897	0.023071550517891	1.9421423898837	1.1629763928914	1.5518177299959	0.28886627316374	0.12736111509677	0.061106715953651	1.152079801074	0.12829621596089	3.1620269759524
20.872	2.2003290702803	0	0.13781099918159	5.7406449152166	0.022532190785835	1.9148713668827	1.1421440553762	1.5276760290266	0.28349947391087	0.124970180816	0.059279026204949	1.1312631232573	0.12534770191172	3.0434751704597
21	2.1829712313505	0	0.13679470565154	5.7119466760259	0.022364408439537	1.906164093671	1.1353576363367	1.5198743732639	0.28181846906599	0.12421095640258	0.058717412358907	1.1246317469305	0.12441286773872	3.0045099128924
21.2	2.1499006518291	0	0.13524979961361	5.6508168187575	0.022086294782173	1.8875623649692	1.1250933866601	1.5077640457989	0.27894395218592	0.12295470555252	0.057872690059842	1.1144272904512	0.12297199627784	2.9340078254646
21.48	2.103236513559	0	0.13316893210261	5.5742900288821	0.021734138394769	1.8642016542246	1.1111318519512	1.4909716923037	0.2752427071045	0.1213365246902	0.056752184645686	1.1004452488163	0.12108667161707	2.8365422580476
21.872	2.0408518885509	0	0.13040093529583	5.473004832666	0.021283019785436	1.8331483012808	1.0921458313906	1.4677765704419	0.27046626926623	0.11920970367557	0.05529248844019	1.0814224866378	0.11859140395096	2.7018025162316
22	2.0215765566683	0	0.12952946877958	5.4409362172561	0.021141131984595	1.8232807583365	1.085912243976	1.4602808124863	0.26895708924712	0.11852862900121	0.054839859614535	1.0753380510158	0.11779131674548	2.6580030976614
22.2	1.9849142055603	0	0.12819819255521	5.3729240309102	0.020904240368372	1.8023174630251	1.0764865578117	1.4486453228606	0.2663616603585	0.11739685891069	0.054155049232632	1.0659520356198	0.11655429777461	2.5792211000903
22.48	1.9338486693565	0	0.12639255436646	5.2883098222365	0.020602461069337	1.7761357944841	1.0636189167025	1.4325113860502	0.26300320178697	0.11593237783354	0.053238889503948	1.0530474782204	0.11492473877007	2.4711407479801
22.872	1.8662991534642	0	0.12396834310017	5.1776711604848	0.020211418756472	1.7417404404223	1.0460342479914	1.4102257285723	0.25863180386264	0.11399180021331	0.052031311790935	1.0354135838659	0.11274582117566	2.3242324627424
23	1.8455998775619	0	0.12320008646204	5.1429713614278	0.02008724210267	1.7309136291202	1.0402288108303	1.4030238742788	0.25724079435379	0.1133662923483	0.051653623230359	1.029756416195	0.11204068826504	2.2771959965418
23.2	1.8063541715781	0	0.12202166672661	5.0694650587747	0.019878869978526	1.7079662078221	1.0314503735956	1.3918446043208	0.25484131315367	0.11232475136696	0.051079048988432	1.0210135393599	0.11094789025819	2.192991685398
23.48	1.7525947757603	0	0.12041417541395	4.97923796533	0.019611766344508	1.6796770266493	1.0194303498397	1.3763432681018	0.25172081558157	0.11097061298487	0.050304307276408	1.0089630320529	0.10949917129893	2.0788573402025
23.872	1.6827363397233	0	0.11823973291876	4.8635339654414	0.019262040487946	1.6432275729915	1.0029429451497	1.3549314157988	0.24762809889406	0.10916368211549	0.049272245609915	0.99244342435634	0.10754539234758	1.9271021115298
24	1.6840589084347	0	0.11670153608984	4.9649686197801	0.019791767496412	1.6761143633196	0.99141362718553	1.3491488830054	0.25083690687406	0.1166950676174	0.048600319501321	0.97995794232716	0.10638089553311	1.8735380910517
24.2	1.8218691580535	0	0.11795171920625	5.8567442646698	0.024462077502981	1.9609457138786	0.9920334545027	2.0258554825894	0.31794460647874	0.17897990183381	0.049052875332069	0.99139196085807	0.10585099034055	1.7387956722608
24.48	1.888579539018	0	0.12659153633907	6.3217984219408	0.027406722971049	2.1075717345835	1.0508454083514	2.9641857330497	0.38037784032472	0.21795610000004	0.052519640033433	1.0657466608108	0.1107244383542	1.5959519282745
24.872	1.9211495099517	0	0.15049640252839	6.5017079311596	0.030423347823385	2.1639028748689	1.2376070164374	4.2602911513936	0.44278660319571	0.24617371475816	0.062229547214585	1.2698511080717	0.128672219425	1.4357035167017
25	1.9313200505581	0	0.16081587571096	6.5281549161162	0.031595201629937	2.1721611167101	1.3202811446912	4.6791431467409	0.46196241717817	0.25459707520265	0.066433973533524	1.3577853063308	0.13689580410644	1.3894325285771
25.2	1.753840825208	0	0.17701284363105	5.5164748773964	0.028489024790562	1.853568210385	1.4610596750606	4.6418597888578	0.42231392227046	0.20112215701321	0.073036071131733	1.4957611742474	0.15140495971359	1.3490053672665
25.48	1.6525568674128	0	0.19711583337382	4.9405056091278	0.028793392750109	1.6696938764191	1.6404162658842	4.5901621291265	0.40303741324356	0.18100979529434	0.08122936600914	1.66702401423	0.17063532120974	1.272012940556
25.872	1.6156939430138	0	0.22080040525778	4.7030373839751	0.031873312262289	1.5936692723513	1.8512724962122	4.5187526013258	0.41297642987225	0.18836372043827	0.090880554900853	1.8688245847268	0.19345965064863	1.1596032419743
26	1.6131499156672	0	0.22756904422005	4.6739190709625	0.032996237484048	1.5844208643743	1.9118839224005	4.4956758675294	0.42051994917329	0.19332278179032	0.093638230005718	1.9265020998621	0.20000935493565	1.1248649053744
26.2	1.6101903008498	0	0.23725055384371	4.651726994516	0.034734838034331	1.5774829654681	1.9980974657565	4.4598543886208	0.43519919670224	0.20193657001398	0.097582173030508	2.0090077893842	0.20936533418803	1.0620600725077
26.48	1.6079104736187	0	0.24912565887907	4.6354123767035	0.036966975087031	1.5725466182339	2.1038344260972	4.4101838054138	0.45781168898901	0.21381193063251	0.10241871507596	2.1102210568173	0.2208137999452	0.98262134469323
26.872	1.6083048880389	0	0.26284308332923	4.6244549937182	0.039622122604126	1.5694071494856	2.2261666670887	4.3415742800314	0.48907837712406	0.22850202927674	0.10800363957389	2.2271637011002	0.23405891644384	0.88732626087661
27	1.6087108898733	0	0.26669380546825	4.6221165716054	0.040378465193648	1.5687630226619	2.2606828756516	4.3194023796277	0.49864100236196	0.23273994661387	0.10957091662952	2.2599985606241	0.23779467463567	0.85982999625718
27.2	1.6030458968667	0	0.27212843158021	4.5931314708085	0.041476054391789	1.5596931857559	2.3093500214227	4.2849854561424	0.51294208064704	0.23881477787411	0.11178230954029	2.3063467837793	0.24310395085755	0.81164854833673
27.48	1.5965743226896	0	0.2786451753709	4.5724093581536	0.042796871408536	1.5532482187287	2.3678306290052	4.237262455742	0.53098585827439	0.24621180754566	0.11443289592533	2.3619391722981	0.24946058916084	0.75165604203771
27.872	1.5903983870445	0	0.28588051899582	4.5548867963953	0.04428154397467	1.5478311275085	2.4330065268331	4.1713431194349	0.55221557147843	0.25458458177401	0.11737349926185	2.4236928291833	0.25655247174182	0.68111818363695
28	1.5885533478848	0	0.2878358031922	4.5501096262932	0.044689001514418	1.5463526096762	2.4507158268118	4.1500405723517	0.55819553146935	0.25688655554845	0.11816755965932	2.4403895699384	0.25848196210523	0.66103140233575
28.2	1.581618648585	0	0.29051399421488	4.5276836906803	0.045270843854201	1.5392515710412	2.4750356463142	4.1169731277349	0.56684015009931	0.26013000830877	0.11925451941316	2.4632687760521	0.2611537144571	0.62543872158852
28.48	1.572388691305	0	0.29355746666986	4.5074063494831	0.045941471267622	1.5328309762514	2.502856277921	4.0711213372079	0.57710221247959	0.26389162397571	0.12048828335416	2.4892884034507	0.26420617270441	0.58168267530354
28.872	1.5618980084273	0	0.29659984722535	4.4859110728333	0.046642393727782	1.5260155050954	2.5310216190166	4.0077866917756	0.58823259293173	0.2678327853791	0.12171854341919	2.5153407849314	0.26731372906597	0.53087182723384
29	1.5586484406439	0	0.29733121123984	4.4795754390848	0.046821081732403	1.5240023289209	2.5378954939765	3.9873194092162	0.5911638029208	0.2688364982482	0.12201337109051	2.5216161779219	0.26807792045798	0.51650945025305
29.2	1.5514944104699	0	0.2982317385776	4.4634151842812	0.047061820168921	1.5188424310703	2.5465040781624	3.9555485273919	0.59528593786426	0.27017640166109	0.12237524268491	2.5293588602324	0.26904712993309	0.49087208516691
29.48	1.5411076977891	0	0.29903969559518	4.4448297673869	0.047308665489788	1.5128975826401	2.5545699509135	3.9114945712101	0.59975740104464	0.27154847570466	0.12269719538078	2.5363430264463	0.26997020289229	0.45963104270524
29.872	1.5285162817925	0	0.2993918226243	4.4220217521605	0.047503648789548	1.5055844933111	2.5589638372337	3.8506432610824	0.60381368883731	0.27261892483207	0.12283022376727	2.5394870731423	0.2705179937809	0.42362037210186
30	1.5245574298092	0	0.29934000834445	4.4150204434903	0.047535378979404	1.5033355578972	2.558907027095	3.8309784915098	0.6046704211371	0.27278721515361	0.12280564266247	2.539093271106	0.27053634109379	0.41348080491174
