# Time [h]	MS [1]	Lignin [1]	Butyric [1]	Initial_Substrate [1]	Carbohydrates [1]	Substrate [1]	MO_AcidoLCFA [1]	MO_hydroM [1]	MO_Acetic [1]	Proteins [1]	AA [1]	MO_acetoM [1]	Propionic [1]	Carbondioxide [1]	Carbondioxide_gas [1]	MO_Propionic [1]	MO_ButyricValeric [1]	Valeric [1]	LCFA [1]	MO_AcidoMS [1]	Methane [1]	Methane_gas [1]	Hydrogen [1]	Hydrogen_gas [1]	Lipids [1]	MO_AcidoAA [1]	Acetic [1]	Phi [1]
0.2	4.7522450971098e-05	1.3151134954747	1.3286668822632e-05	0	0.028899251095032	0.0019400677676582	0.015466319988144	0.036305582942985	0.011669072915512	0.01038108992433	2.9417409252495e-05	0.021050622810919	3.0787219430342e-05	0.7690873166927	0.87739832478371	0.0128051046048	0.022120488974479	4.3404512350096e-06	6.3009036723694e-05	0.079282253686965	0.086760814415205	1.0500192299763	6.1022252545001e-06	0.00026256637101084	0.0085614739017705	0.01156287564819	0.00136164510388	0.90957401041534
0.48	4.1811790212059e-05	1.3172547411167	1.987592520766e-05	0	0.025764293406923	0.004637699718556	0.015487641296187	0.036771901811766	0.011730872720821	0.0092493088390193	2.9467092722307e-05	0.0212251088278	5.9256255852481e-05	0.69315532550817	1.4310479519454	0.012846417217652	0.022191244345718	7.0123510634468e-06	0.00012868959827429	0.079641216838522	0.1085821158706	0.59577807573138	6.0342091815695e-06	0.00023172407240452	0.0076269289744394	0.011663052660256	0.0011883395572551	0.90974957736808
0.872	3.5237214771005e-05	1.3190563058185	1.9093638966233e-05	0	0.021959544799277	0.0083706400701331	0.015505227854797	0.03738782538313	0.011805768752661	0.0078681782287133	2.4560356414518e-05	0.021444932063786	7.2293359922191e-05	0.57122243515148	1.3206786698838	0.012904567260619	0.02227684996905	6.8050185543111e-06	0.00019368606180651	0.080022178253703	0.11879411989551	0.49422975079983	5.3968105800022e-06	0.00020168293935938	0.0064849693913753	0.011781002172576	0.0009812907301132	0.90990862453444
1	3.332152374447e-05	1.3194022797417	1.8265142795716e-05	0	0.020845520822501	0.0095775912784432	0.015508483266146	0.037574654454203	0.011827791423617	0.0074619174427016	2.3044747098411e-05	0.021511393221008	7.2975665892435e-05	0.5346198040575	1.1805941439949	0.012921839002099	0.02229937524555	6.5113682230004e-06	0.00020919031086198	0.080121272634681	0.11969085586847	0.48075757233053	5.1085744303423e-06	0.00019111469214093	0.006148686679679	0.011813844449712	0.00091847928542583	0.90994284359547
1.2	3.082431552735e-05	1.3223018786411	1.7237875711704e-05	0	0.01925794569952	0.0095220339056254	0.015541761950009	0.037926991526482	0.011882921240246	0.0068820265946853	2.1268443653727e-05	0.021651385087969	7.4749933185131e-05	0.55577542058169	1.7854288426843	0.012972457110939	0.022373037446023	6.1991622447888e-06	0.00024288227290766	0.080410594201196	0.12005483201428	0.65839484683604	4.7498627586343e-06	0.00021077632220715	0.0056684948464473	0.011883472323793	0.00079185900962292	0.91015250938967
1.48	2.7384073638086e-05	1.325965225909	1.5493978126275e-05	0	0.017238504357907	0.0094419038327389	0.015584794168796	0.038391903482599	0.011955338942536	0.006144551525474	1.8688503973283e-05	0.021834518269564	7.2771566232396e-05	0.48635527286227	1.0977726969501	0.013039752687716	0.022466320881169	5.6051046251456e-06	0.00028171670636472	0.08077405253527	0.11605785658477	0.49701472064409	4.1926081563551e-06	0.0001943534728491	0.0050578442267741	0.011971611372063	0.00063016124420842	0.91041629989311
1.872	2.3238820397147e-05	1.3304307981513	1.3109418952636e-05	0	0.014768723254044	0.0093260981073262	0.015639596234043	0.03898251816572	0.012046972293307	0.0052429244083404	1.5590547964376e-05	0.022062049712417	6.5212691787809e-05	0.40535987129337	0.89810549876615	0.013125190505832	0.022578694312894	4.7616887752149e-06	0.00032342983036381	0.081211188849726	0.10589282570306	0.49204017827223	3.4466568517868e-06	0.00017287939491111	0.0043113320183615	0.01207820669902	0.00043789177431144	0.91073591819114
2	2.201929112363e-05	1.331748036012	1.2397140481557e-05	0	0.014040391630107	0.0092875809373791	0.015656411210839	0.039160746374583	0.01207457620826	0.0049771122151107	1.4686552894876e-05	0.022129329543644	6.2224530140537e-05	0.38350313997515	0.85858843023556	0.013150783337087	0.022611380803822	4.5087605983128e-06	0.00033430415177123	0.081338512830604	0.10195036348687	0.49263531543631	3.2061352208347e-06	0.00016570399663649	0.0040912648268085	0.012109382338345	0.0003841759479008	0.91082972343235
2.2	2.0269784516595e-05	1.3336809904487	1.1360604285236e-05	0	0.01297571360243	0.0092268339979734	0.015681965603462	0.039423537808927	0.01211491496096	0.0045886233681163	1.3408766492835e-05	0.022225732167343	5.7379916663952e-05	0.39936077027618	1.3190681149898	0.013188441633442	0.022658773351085	4.1376756733903e-06	0.00035194128292904	0.081523403113223	0.095335085522999	0.63552803902394	2.866178831239e-06	0.00015734102390117	0.0037696482821097	0.01215472231986	0.00030548928683654	0.91096691881852
2.48	1.8072793110544e-05	1.3361564451405	1.006839217832e-05	0	0.011623890171531	0.0091408494523543	0.015716759778741	0.039759143351269	0.012165550322955	0.0040955108373003	1.1829892689019e-05	0.022343058869264	5.064008186699e-05	0.34721785907922	0.87277218366522	0.013236466344983	0.022718268748716	3.6720931169061e-06	0.0003716336755501	0.081756091820986	0.083474547224768	0.47761841728845	2.4406051459901e-06	0.00014156557960348	0.0033614477668284	0.012211917621467	0.00022520236938032	0.91114172523345
2.872	1.5426746904654e-05	1.3392185983434	8.5274723468745e-06	0	0.0099739748988474	0.0090190562276581	0.015764224647448	0.040171298701172	0.012225916930365	0.0034939515879464	9.9592838390062e-06	0.022477879201586	4.2032957501165e-05	0.28150708914611	0.73010016748387	0.013294859864732	0.022789595169019	3.1129725064422e-06	0.00039046168172025	0.082036120200299	0.067760166901279	0.45162524453294	1.9850263638849e-06	0.00012678911645609	0.002863532446159	0.012281028696289	0.00015992743174512	0.91135647190104
3	1.4648750049828e-05	1.3401279789083	8.0795529761322e-06	0	0.0094880744462255	0.0089790188707772	0.015779422059411	0.04029383771595	0.012243570658808	0.0033168640005515	9.4126074361879e-06	0.022516508012984	3.9476676069112e-05	0.26410141082774	0.69892833286388	0.013311914594189	0.022810241010076	2.9502286865377e-06	0.00039475331722637	0.082117437940015	0.063393022785879	0.44778530670174	1.8665796020663e-06	0.00012252546264833	0.0027169699725639	0.012301191294183	0.00014572552993706	0.91141992813956
3.2	1.3526942300138e-05	1.3414651908629	7.4307109359442e-06	0	0.0087782381543848	0.0089162533803407	0.015803053746782	0.040473752760599	0.012269094274216	0.0030582360590486	8.6315536933697e-06	0.022571572711183	3.5776515242947e-05	0.26769248817519	0.94542273179387	0.013336618773134	0.022840038644008	2.7130229077253e-06	0.00040307408899793	0.082235086474238	0.05787708271412	0.5755363130651	1.6972831258732e-06	0.00011287578018529	0.0025029371862504	0.012330445319564	0.00011918979011151	0.91151295129245
3.48	1.2114890766126e-05	1.3431786864829	6.6201289045403e-06	0	0.0078776687608924	0.0088280647019404	0.015836061112333	0.040703643852152	0.012301008107381	0.0027302620556335	7.6583470316725e-06	0.022639004632452	3.12243439569e-05	0.23402191173028	0.67283215248292	0.013367499079993	0.022877106290602	2.4154894645167e-06	0.00041140309988357	0.082382011408155	0.050413451091687	0.4365361484302	1.4979312392113e-06	9.9055623934479e-05	0.0022315450674299	0.012367164326262	9.4862136666687e-05	0.91163162524288
3.872	1.0410064565804e-05	1.3452935678306	5.6485098358281e-06	0	0.006779484845864	0.0087042107280352	0.015882133483964	0.040989016947998	0.012339537666416	0.0023306005644268	6.4954369793295e-06	0.022718824652036	2.5949536675468e-05	0.19650432085774	0.57720323263874	0.013404178960882	0.022920779518043	2.0572269895481e-06	0.00041741624926199	0.082556234103127	0.042620209186145	0.41524161930906	1.2896575025873e-06	8.7851073840616e-05	0.0019008890213729	0.012411119541969	7.659519704753e-05	0.91177727565579
4	9.90907830622e-06	1.3459207792034	5.3652130766487e-06	0	0.0064562758142155	0.0086637307329397	0.015897106548301	0.041074657364238	0.012350920796134	0.002213044605258	6.155084827686e-06	0.022742196434436	2.4447380812351e-05	0.18691975164742	0.5557194493203	0.013414728923856	0.022933227844394	1.9526830387483e-06	0.00041821149130124	0.082606179419501	0.040628646244558	0.41412885534017	1.2329641000019e-06	8.5229948251549e-05	0.0018036440987303	0.012423839553286	7.2658488514305e-05	0.91182029453947
4.2	9.1848899090196e-06	1.3468428003373	4.9538804212572e-06	0	0.0059842540722195	0.008600484755242	0.015920547965524	0.041201160380347	0.012367445722123	0.0020414342885325	5.66577427762e-06	0.022775790231219	2.228876605929e-05	0.18694300295127	0.66223015433879	0.013429875034975	0.022951004222626	1.8002851054754e-06	0.00041996261331991	0.082677807709254	0.038476145836621	0.53235575338254	1.1453576798557e-06	7.4510830472033e-05	0.0016616984088613	0.012442197220764	6.3043328331815e-05	0.91188336398319
4.48	8.2726246112364e-06	1.3480241547026	4.438382618163e-06	0	0.0053856229570895	0.0085120204509836	0.015953540819109	0.041364258706672	0.012388200202351	0.0018239353716668	5.0533547494301e-06	0.022817441041891	1.9666481434435e-05	0.16769264247111	0.51155563066103	0.013448569896423	0.022972736382225	1.6088101057433e-06	0.00042036780001761	0.082765999938304	0.035101521608768	0.42366572437692	1.044575354416e-06	6.5223647302936e-05	0.0014818248609103	0.012465043083626	5.5183097290805e-05	0.91196385436953
4.872	7.1708606838229e-06	1.3494817051335	3.8185172283555e-06	0	0.0046559070766894	0.0083884725465757	0.015999819891908	0.041569806849061	0.01241359969706	0.0015590802376968	4.3184174208195e-06	0.022868004204659	1.6631420290171e-05	0.14696589865563	0.45573689212933	0.013470359323748	0.022997576366406	1.3778967637085e-06	0.00041760216042432	0.08286806467546	0.03145245651177	0.41082620618097	9.3827495415684e-07	5.95324558711e-05	0.0012628414346197	0.012492004687214	4.9146518235935e-05	0.9120626601752
5	6.8473018381874e-06	1.3499142588144	3.6375262784502e-06	0	0.0044411946758262	0.0083482474621335	0.016014913150961	0.041632149274135	0.012421164821632	0.0014812156197632	4.1032221529465e-06	0.022883018896844	1.5764065851798e-05	0.14161485044319	0.44245409503133	0.013476525929797	0.023004462874245	1.3104409679615e-06	0.0004160378713119	0.082896695304598	0.030488599684057	0.41136101240592	9.0823655642281e-07	5.8175289546618e-05	0.0011984759706169	0.012499711430542	4.7688228970265e-05	0.91209187010303
5.2	6.3797838864839e-06	1.3505503172041	3.3746263547286e-06	0	0.0041276439227575	0.0082855369852762	0.016038514372812	0.041724946542741	0.012432228851108	0.0013675759638356	3.7930116989813e-06	0.022904896222165	1.4512789785319e-05	0.14102594291832	0.49490214170084	0.013485277874581	0.023014091165594	1.2121837463101e-06	0.00041311843880322	0.082937091400189	0.02962437273667	0.5153699278189	8.6243098496305e-07	5.3266262698164e-05	0.0011045513785983	0.012510734722524	4.4458042472803e-05	0.91213471232999
5.48	5.7916395463436e-06	1.3513656037288	3.0449433207902e-06	0	0.0037299993090986	0.0081980763924847	0.016071573607545	0.041846092951458	0.012446328639138	0.0012235948256752	3.404199359804e-06	0.022932662975928	1.2977392055658e-05	0.12960747464846	0.40699175697894	0.013495872396919	0.023025436974858	1.0887422934451e-06	0.0004079600597133	0.082985463060015	0.027849306434271	0.42914666656799	8.0899288071954e-07	4.9434437838296e-05	0.00098557656826937	0.012524250166187	4.1568351846794e-05	0.91218941764242
5.872	5.0835370390382e-06	1.3523744430168	2.6486785961622e-06	0	0.0032452370750616	0.0080763897114473	0.016117644304173	0.042000934934357	0.012463822859292	0.0010483289974209	2.9373891210886e-06	0.022967043838959	1.1176784484679e-05	0.11757860903489	0.37460247492472	0.013507822191962	0.023037581726405	9.4002147083901e-07	0.00039911733738196	0.083038835120496	0.025796458041727	0.41961459246609	7.490669842865e-07	4.6643459064146e-05	0.00084080260817429	0.012539820519087	3.8799437855897e-05	0.91225675070637
6	4.8758717253827e-06	1.3526749021872	2.5330538833717e-06	0	0.0031025816922358	0.0080368730712808	0.016132612581455	0.042048309750064	0.012469061666874	0.0009968157312636	2.800784216471e-06	0.022977332125457	1.0658327789502e-05	0.114441277238	0.36651959597756	0.013511101301417	0.023040733167039	8.9660206265859e-07	0.00039593373862762	0.083053135054585	0.025231365446735	0.42014520575191	7.3168621138614e-07	4.5880962800038e-05	0.00079826419577409	0.012544175822249	3.8046027214749e-05	0.912276719654
6.2	4.5774092468062e-06	1.3531178591122	2.3654161450497e-06	0	0.0028942240954684	0.0079753591540369	0.016155899936524	0.042119239288648	0.012476765771208	0.0009216425650224	2.6040868572306e-06	0.022992443247326	9.9086582671297e-06	0.11448512173108	0.40155823170446	0.013515645935234	0.023044905589498	8.3348973134171e-07	0.00039004702775292	0.083072592725741	0.024833470192322	0.51001220093832	7.0565760194729e-07	4.367792178414e-05	0.00073620117274163	0.012550305245079	3.6571281268231e-05	0.91230607409325
6.48	4.2040493831946e-06	1.3536882423054	2.1558460294566e-06	0	0.0026299040333913	0.0078897408045254	0.016188240854154	0.042212569372099	0.012486654613259	0.00082640925407351	2.3580723815063e-06	0.02301181845312	8.9829574124501e-06	0.10733740222804	0.34330891127586	0.013520922524715	0.023049335491993	7.5441472223884e-07	0.00038142347081875	0.083094412414178	0.023689956907369	0.43637711184979	6.7431163672225e-07	4.165106353461e-05	0.00065760278831857	0.012557617622278	3.5113550890152e-05	0.91234370632522
6.872	3.7592476404212e-06	1.3544002600013	1.9054463021312e-06	0	0.0023074910224364	0.0077709235980216	0.016232750214953	0.042332806399897	0.012498978721605	0.00071049284701457	2.0640544198261e-06	0.023035968354273	7.8920741031388e-06	0.099909919414033	0.32332486407488	0.013526427542798	0.023053083998271	6.5959901914375e-07	0.00036892645836398	0.083115528450358	0.022292569960166	0.4275366179318	6.3830743642982e-07	4.0004715464341e-05	0.00056198410620737	0.012565648567643	3.3600824387459e-05	0.9123903782969
7	3.629259487793e-06	1.3546139635528	1.8326774872363e-06	0	0.0022125622495781	0.0077324058793652	0.016247080316531	0.04236977798545	0.01250267481539	0.00067642415176363	1.9782015293629e-06	0.023043214941219	7.5774593838458e-06	0.097980011957877	0.31829495631883	0.013527818620573	0.023053775956086	6.3199886459378e-07	0.00036480152030487	0.083120374703872	0.021897390184779	0.42771617661043	6.2781762058456e-07	3.9541420341763e-05	0.00053389336892561	0.012567792242001	3.3181323527992e-05	0.91240431324194
7.2	3.4454077075728e-06	1.3549308989196	1.7278004199318e-06	0	0.0020738554527092	0.0076725083111573	0.016269200903806	0.042425262612712	0.012508113216619	0.00062670634627064	1.8554077362424e-06	0.02305387589588	7.1236715942495e-06	0.098589477824939	0.34602432592938	0.013529615843778	0.023054369038431	5.9206313306598e-07	0.00035753996475643	0.083126068388858	0.021682567945075	0.50724099724204	6.1206097001957e-07	3.8220085642245e-05	0.00049291205155158	0.012570699706462	3.2367367076809e-05	0.91242490425849
7.48	3.2189503889186e-06	1.3553430323107	1.5979373169873e-06	0	0.0018977733335579	0.0075892550224556	0.016299539517988	0.042498446736143	0.012515091601478	0.00056371599890344	1.702949113459e-06	0.023067560992551	6.5647493662577e-06	0.093885235433448	0.3036032509508	0.013531427991627	0.023054287922441	5.4235783141939e-07	0.00034746067729557	0.083130530179028	0.020814456321825	0.44114397247413	5.930301867609e-07	3.6937891614074e-05	0.00044101566528184	0.012573943309892	3.1581860827953e-05	0.91245153019913
7.872	2.9563369944269e-06	1.3558659034371	1.4451411023982e-06	0	0.0016827490858671	0.0074739211625744	0.016340503862424	0.042592806136336	0.012523755840791	0.00048703003024844	1.5228191045157e-06	0.023084585166613	5.9110219307016e-06	0.089163716883569	0.29104795115313	0.01353274998949	0.023052603655401	4.8335043810814e-07	0.00033373708588256	0.08313071840299	0.019704076615855	0.4322720241956	5.7137955415751e-07	3.5945188190235e-05	0.00037788358337841	0.012577054132303	3.0815838872688e-05	0.91248502916799
8	2.8801334283285e-06	1.3560249350292	1.4011474596466e-06	0	0.0016193775969728	0.0074365764402727	0.016353508234195	0.042621819251001	0.012526344287713	0.00046448702859671	1.4703914506948e-06	0.023089680990474	5.7235558327655e-06	0.087974270257487	0.28799715177407	0.013532919997291	0.02305171445755	4.6626761454113e-07	0.00032937817541222	0.083129467728485	0.019383200537248	0.43208890816592	5.6512174086542e-07	3.5672119411357e-05	0.00035933672410664	0.012577760414994	3.0614033423948e-05	0.91249515082474
8.2	2.7764807077101e-06	1.3562631276537	1.3385241071843e-06	0	0.0015267155637217	0.0073785432430928	0.016373365711773	0.042665297246351	0.012530135671505	0.00043158356005577	1.3964052523277e-06	0.023097152175357	5.4558042662719e-06	0.089029122050525	0.31219362900781	0.013532945084294	0.023050017607684	4.4173281630721e-07	0.00032207361427381	0.083126323742445	0.019236711808887	0.50476936251901	5.5570865030551e-07	3.4820460322897e-05	0.00033227803448849	0.01257858005793	3.0192411650474e-05	0.91251024138153
8.48	2.6529490704352e-06	1.3565776803999	1.2623237133381e-06	0	0.0014089512426456	0.0072979565935781	0.016400154192598	0.042722465178523	0.012534961252302	0.00038988408391678	1.3054826505023e-06	0.023106681754503	5.1296991085056e-06	0.085878774050319	0.2792793696806	0.01353253263617	0.023047072301905	4.1145739274151e-07	0.00031223392204131	0.083119716060423	0.018486387532881	0.4431625221913	5.4455672883366e-07	3.399718253053e-05	0.00029800989464805	0.012579199309107	2.9861419358616e-05	0.91253003200913
8.872	2.5162276465379e-06	1.3569861260106	1.1745879225826e-06	0	0.0012648818746075	0.0071864463757929	0.016435474959587	0.042795727523034	0.012540865929415	0.00033909260934346	1.1988360629984e-06	0.023118397747082	4.7545137090018e-06	0.082956428404715	0.27193976135035	0.013531188120457	0.023041976633698	3.757884391405e-07	0.00029933592045242	0.083106685499501	0.01750061242804	0.43384323100839	5.3237161210429e-07	3.3477558762954e-05	0.00025631574435856	0.012579157772103	2.9653352318309e-05	0.91255547382766
9	2.4763361373817e-06	1.3571125714416	1.1495158982403e-06	0	0.0012223572590607	0.0071503675001352	0.016446501420285	0.042818154395775	0.012542609550703	0.00032415507870262	1.1675266425155e-06	0.023121872442311	4.6477358033063e-06	0.082277443669886	0.27035714790286	0.013530584562835	0.023040103163464	3.6545339513833e-07	0.00029533993089934	0.083101611670417	0.017213924235427	0.43329953594735	5.2889521078257e-07	3.3342825197254e-05	0.00024406493066711	0.012578947795455	2.9618098684098e-05	0.91256329038314
9.2	2.4251852773273e-06	1.3573042412084	1.1142615541707e-06	0	0.0011601100681076	0.0070943264086812	0.016463148902184	0.04285163803488	0.01254513613003	0.00030234521971781	1.1234490151253e-06	0.023126921408293	4.497810321075e-06	0.083701644487745	0.29282207928717	0.013529492050765	0.023036988839167	3.5065001748463e-07	0.00028885430203571	0.083092949093279	0.017100222297363	0.50193041065099	5.2358366306533e-07	3.2777158121587e-05	0.00022618937775653	0.012578440928401	2.9466038165296e-05	0.91257507875081
9.48	2.3647479608073e-06	1.3575617310145	1.0712984921951e-06	0	0.001080863972312	0.0070165514751848	0.016485266940537	0.042895442413086	0.012548299367536	0.0002746900359893	1.0680823121863e-06	0.023133275425124	4.3153084281174e-06	0.08159432232802	0.26596581533014	0.0135276861148	0.023032283394942	3.3212052799828e-07	0.00028028726897793	0.083079461937564	0.016424651146077	0.44263784790122	5.1741003916582e-07	3.2249576705217e-05	0.00020354591772924	0.012577399440912	2.9460480581984e-05	0.91259079811553
9.872	2.2938960303944e-06	1.357903618045	1.0202237571966e-06	0	0.0009836560091677	0.0069090058752144	0.016513930729765	0.042951313087848	0.012552082930564	0.00024097553472886	9.9893785517617e-07	0.023140950316423	4.1015243446647e-06	0.079910978684232	0.26254475393426	0.01352468549242	0.023025104588107	3.0939304092874e-07	0.00026930235732724	0.083058233521764	0.015557968227825	0.43271891863622	5.1072587061849e-07	3.2046986589353e-05	0.00017598477721747	0.012575369259677	2.9625168772623e-05	0.91261145822015
10	2.2708691971347e-06	1.3580110930376	1.0049649434023e-06	0	0.00095489910911894	0.0068742250818681	0.016522793377743	0.042968390039572	0.012553182510122	0.00023105286445823	9.7749488955496e-07	0.023143200167637	4.0388712199382e-06	0.079585314853197	0.26207103089135	0.01352360402079	0.023022631459976	3.0253610796e-07	0.00026594262860371	0.083050786058052	0.015313513615748	0.43189154339377	5.0873051898759e-07	3.1997689967537e-05	0.00016788383540557	0.012574581580593	2.969048600035e-05	0.91261790509723
10.2	2.2387852521246e-06	1.3581754301965	9.8308780009997e-07	0	0.00091273875400138	0.0068202129411042	0.016536127195719	0.042993903103422	0.01255475589066	0.00021655726682623	9.4555643060316e-07	0.023146438503442	3.9522001136748e-06	0.081265548692509	0.28348399646482	0.013521823241972	0.023018652542164	2.9254395401676e-07	0.00026052034024669	0.0830386833905	0.015268667943257	0.49877769288431	5.0530724627766e-07	3.1562823993363e-05	0.00015606047882266	0.012573237520452	2.966054785304e-05	0.9126277163534
10.48	2.1933999289993e-06	1.3583986509248	9.5350212984013e-07	0	0.00085893239246525	0.0067452756218098	0.016553827551866	0.043027395136726	0.01255669363005	0.00019816089424918	9.016064123091e-07	0.023150467461447	3.8381538106304e-06	0.079795110923696	0.26035200276773	0.013519161569149	0.023012867053202	2.7901191873146e-07	0.00025338101015767	0.083020862857355	0.014720791339292	0.44045391921329	5.0092008917898e-07	3.1143902934632e-05	0.00014107731445821	0.012571142993032	2.9763209601448e-05	0.91264095434154
10.872	2.1247693104952e-06	1.3586986470278	9.1259285109831e-07	0	0.00079267852673344	0.0066416868884217	0.016576930831758	0.043070575008159	0.012558975009904	0.00017570348339564	8.4044512166764e-07	0.02315529439301	3.6861151400331e-06	0.078854642852249	0.25952812342684	0.013515141699934	0.023004386952566	2.6060067954504e-07	0.00024419673323611	0.082994353871005	0.014060717986501	0.43021680830209	4.9529720364392e-07	3.1027548683041e-05	0.00012282801576367	0.012567836286204	2.9959448302096e-05	0.91265858882345
11	2.1007662448266e-06	1.3587937017629	8.9920857430633e-07	0	0.0007730171057307	0.0066081926573322	0.016584137726674	0.043083907642278	0.012559631768176	0.00016908643776587	8.2074052941566e-07	0.023156704657082	3.6373140650807e-06	0.078730453676019	0.25973607270776	0.013513764354158	0.02300153257403	2.5470544691984e-07	0.00024137299351137	0.082985347017421	0.013884944443033	0.42928728286179	4.9342695444567e-07	3.0992880596546e-05	0.00011746105334682	0.012566673407251	3.0013334240536e-05	0.91266414144553
11.2	2.0623131168168e-06	1.3589395756557	8.796261407381e-07	0	0.0007441285313416	0.0065561836400515	0.016595080480516	0.043104013212864	0.012560565952741	0.00015941211763491	7.9032020959864e-07	0.023158731481257	3.5700126903772e-06	0.080507755184669	0.2801653629208	0.013511554693034	0.022996995738615	2.4605492953424e-07	0.00023670949481456	0.082970950411796	0.013952581502711	0.49602063546206	4.899324416584e-07	3.0616630676739e-05	0.00010962479214612	0.012564780490996	2.9943474509606e-05	0.91267262942499
11.48	2.0051718461177e-06	1.3591386454234	8.5056360393765e-07	0	0.00070713446903297	0.0064840347957968	0.016609840003623	0.043130795356041	0.012561708217718	0.00014711887704283	7.4734444677351e-07	0.023161251863604	3.4714265563441e-06	0.079322216240359	0.25897817646442	0.013508353168058	0.022990497219411	2.3366996712741e-07	0.00023049497339459	0.082950176058573	0.013566997434029	0.43808570138023	4.8492799802939e-07	3.0178899419273e-05	9.968792506679e-05	0.012561985377968	2.9927217496597e-05	0.91268414955118
11.872	1.9210229457316e-06	1.3594077284911	8.08213675999e-07	0	0.00066134532226733	0.006384316455282	0.016629588247712	0.043166092347883	0.012563045464057	0.0001320822896425	6.8841342392687e-07	0.023164283186105	3.326739457147e-06	0.078699210168315	0.2594233565735	0.01350367591523	0.022981130996727	2.1632074132007e-07	0.0002223497954485	0.082919971294745	0.013117691477867	0.42787477059229	4.7802111893593e-07	3.0002654116927e-05	8.757279822358e-05	0.012557812611746	2.9896417340537e-05	0.91269961005759
12	1.8934737975611e-06	1.3594933750344	7.9433357555151e-07	0	0.00064769933853039	0.0063520773975445	0.016635858277436	0.043177160909922	0.012563428234887	0.00012764451213804	6.699377499602e-07	0.023165170701251	3.2786773001704e-06	0.078652264812204	0.25991349222711	0.013502104318721	0.022978011646097	2.1077579550061e-07	0.00021981345909506	0.0829098553913	0.013003521032413	0.42697291745027	4.7573622833434e-07	2.994830027587e-05	8.4006848188993e-05	0.012556392067172	2.9873800772322e-05	0.912704506213
12.2	1.8501606391133e-06	1.3596251314969	7.7387009071835e-07	0	0.00062759062634438	0.0063020205302572	0.016645489921062	0.043194033062159	0.012563971251957	0.00012114888586705	6.4196748247551e-07	0.023166450795404	3.20913371636e-06	0.080406130654528	0.27940888060262	0.013499608475601	0.022973081794825	2.0258646156392e-07	0.00021548041857909	0.082893814038957	0.013163705549762	0.49415316724835	4.7173790414348e-07	2.9656068000801e-05	7.8797139507652e-05	0.012554119082488	2.9732870025102e-05	0.91271201490908
12.48	1.7896584805281e-06	1.3598056304928	7.4461487187155e-07	0	0.0006017235059587	0.006232586116571	0.016658687246428	0.043216831074147	0.012564630842604	0.00011287994653212	6.0399172761923e-07	0.023168047934311	3.1086144960634e-06	0.079290632960292	0.25908164720689	0.013496037871741	0.022966073296539	1.9124907179981e-07	0.00020964119562277	0.082870906647364	0.012892605400252	0.43638577918425	4.6595091719639e-07	2.9203333232024e-05	7.2184718441388e-05	0.01255083497061	2.9574161471673e-05	0.91272225694651
12.872	1.7074835021366e-06	1.3600510569138	7.0422923689635e-07	0	0.00056948813422492	0.0061366315705097	0.016676685160876	0.043247407744924	0.012565390393199	0.00010273750603405	5.5453962397882e-07	0.023169967837411	2.9659310722537e-06	0.07875675343402	0.26001904224057	0.013490898835702	0.022956066738256	1.7608037260908e-07	0.00020188686208921	0.082838025920913	0.012570628357741	0.42627267447976	4.5815253140979e-07	2.8972231507533e-05	6.4111027814523e-05	0.012546054980853	2.9343757318093e-05	0.91273610486258
13	1.6817441782976e-06	1.3601295446377	6.9146473028556e-07	0	0.00055982853573932	0.0061056122632175	0.016682466000206	0.043257103304517	0.012565603549867	9.9737235839533e-05	5.3946592400851e-07	0.023170527329579	2.9198330869727e-06	0.078729725843322	0.26059746993491	0.013489188690701	0.022952755319311	1.7137727568537e-07	0.00019945390892912	0.082827107350599	0.012490850169559	0.42541267746892	4.5565219596365e-07	2.8904242902633e-05	6.1731736260108e-05	0.012544453650832	2.926341469664e-05	0.91274051610072
13.2	1.6424516458554e-06	1.360250648833	6.7206738195137e-07	0	0.00054554065059258	0.0060574519676046	0.016691403440759	0.043271983308012	0.012565901605706	9.5338636017094e-05	5.1685484791118e-07	0.023171332872673	2.8485622892296e-06	0.080429639754693	0.27937301910518	0.01348648647671	0.022947540312497	1.6422419739515e-07	0.00019523307730198	0.082809877934193	0.012700403983977	0.49302138441399	4.514699345139e-07	2.8654412848972e-05	5.8252716331208e-05	0.01254191393605	2.90842135852e-05	0.9127473062076
13.48	1.5895986871101e-06	1.3604173070938	6.460150948723e-07	0	0.0005270553791022	0.0059906536399054	0.016703744696402	0.043292259648284	0.012566253421543	8.97251269011e-05	4.8730674057718e-07	0.023172331865354	2.7512227112885e-06	0.079314994032543	0.25942620712109	0.013482645828676	0.022940161987312	1.5483606163848e-07	0.00018951941029775	0.082785436473841	0.012486062102875	0.43530040220345	4.4546319440738e-07	2.8193286073569e-05	5.3831035750685e-05	0.012538287277997	2.8851784058469e-05	0.91275661968545
13.872	1.5203495974304e-06	1.3606453823694	6.1197452538376e-07	0	0.00050382132777024	0.0058983518829168	0.016720713542049	0.043319720661229	0.012566634293158	8.2813134529615e-05	4.4995289257559e-07	0.023173510903074	2.6212649733086e-06	0.078807614423403	0.26058285788658	0.013477164595146	0.022929693574142	1.4288404229044e-07	0.00018189763381807	0.082750643623133	0.012223519508836	0.42522699647932	4.3750914671388e-07	2.7935356637295e-05	4.8420952089209e-05	0.012533083915634	2.852678074192e-05	0.91276931144487
14	1.498961808216e-06	1.3607186705291	6.0149265715066e-07	0	0.00049681148821233	0.005868515679534	0.016726188179839	0.04332848137338	0.012566734136679	8.0761970101322e-05	4.3870181791813e-07	0.023173847504115	2.580672670495e-06	0.078788915354924	0.2612020493346	0.013475351176076	0.02292624429166	1.3926613922024e-07	0.00017950077162812	0.082739153785094	0.012159458165827	0.42438549162792	4.3499812346569e-07	2.786288289755e-05	4.6823852271821e-05	0.012531356938709	2.8420502189117e-05	0.91277337788294
14.2	1.4666881089016e-06	1.3608320973266	5.8521610628778e-07	0	0.00048639511989847	0.0058221943855609	0.016734670604259	0.043341972770965	0.01256686508195	7.7748192284446e-05	4.2181465291808e-07	0.023174323354278	2.5160275530474e-06	0.080448645019404	0.27946611022389	0.013472495170413	0.022920825790037	1.3364895460425e-07	0.00017535926968961	0.08272108164013	0.012391601005466	0.49228477088797	4.3081509494596e-07	2.7603322878363e-05	4.4485727487314e-05	0.012528632499423	2.8216799449775e-05	0.91277966040571
14.48	1.4237916774041e-06	1.3609888773853	5.6408570670848e-07	0	0.0004728244205731	0.0057579508398123	0.016746410160694	0.043360432908746	0.012567000780131	7.3888808716505e-05	4.0014889939097e-07	0.023174894025726	2.4309166439343e-06	0.079330430957908	0.259727674338	0.013468453820173	0.022913185719292	1.2650020644897e-07	0.00016974941310403	0.082695556581977	0.012202399404745	0.43454287668434	4.2484171787221e-07	2.7135343545353e-05	4.1508424249579e-05	0.012524769621599	2.7949488349536e-05	0.91278832355027
14.872	1.3680022163977e-06	1.3612047017394	5.3718805516733e-07	0	0.00045559223651041	0.0056691865590695	0.016762580901252	0.043385554347651	0.012567107566643	6.9111837441824e-05	3.730181495306e-07	0.023175526101721	2.3214613464492e-06	0.078845681773486	0.26103159356571	0.013462719220609	0.022902393450327	1.176336665328e-07	0.00016226478975407	0.08265941868786	0.011965734685128	0.42445506684256	4.1695841573094e-07	2.6870491873335e-05	3.785488969502e-05	0.012519275564815	2.7583964476049e-05	0.91280021333765
15	1.3507592662387e-06	1.3612743432761	5.2898506348921e-07	0	0.00045035143196133	0.0056404954621038	0.016767801239078	0.043393592598131	0.012567123823838	6.7688201779892e-05	3.6485701349781e-07	0.023175695029654	2.2879170016965e-06	0.078836194808468	0.2616869025335	0.013460829509655	0.022898848042534	1.1497781064706e-07	0.00015991154421058	0.08264752784987	0.01190850521648	0.42361386392404	4.1448036623731e-07	2.6798803909265e-05	3.6773717045821e-05	0.012517462517964	2.7466623043762e-05	0.91280404207874
15.2	1.3247871834597e-06	1.3613824115929	5.1612332275986e-07	0	0.00044252207013257	0.0055959534997789	0.016775889435096	0.043405990333623	0.012567129443913	6.559030840016e-05	3.5258439456974e-07	0.023175918645223	2.2340483886002e-06	0.080471809819092	0.27957684430745	0.013457860419394	0.022893288475506	1.1081831356859e-07	0.00015587567250362	0.082628865189611	0.012150774242052	0.49171769864678	4.1031269323632e-07	2.6524112567615e-05	3.5188223407217e-05	0.012514611905465	2.7246904855992e-05	0.91280997625321
15.48	1.2902311084666e-06	1.3615323435256	4.9959245931451e-07	0	0.00043223995725192	0.0055341806446913	0.016787077632299	0.043422982468549	0.012567099331164	6.2891597338937e-05	3.3689573124246e-07	0.023176154002096	2.1642219363407e-06	0.079359326325399	0.26000693826907	0.013453672661563	0.022885468465738	1.0558065280812e-07	0.00015041432708341	0.082602582399854	0.011972283930428	0.4339217098122	4.0436504538174e-07	2.6057503398189e-05	3.3163968380171e-05	0.012510588207706	2.6960036163609e-05	0.91281819593068
15.872	1.2450576107599e-06	1.3617397535419	4.7863715794224e-07	0	0.00041903264022283	0.005448835217625	0.016802467299496	0.043446148322236	0.012566990264565	5.9528362564113e-05	3.1721278386124e-07	0.023176346698268	2.0756623741614e-06	0.07890675174933	0.26146736208639	0.013447754855316	0.02287445568039	9.9127161212341e-08	0.00014314055150449	0.082565506176014	0.011745878656121	0.42378295303092	3.964711311825e-07	2.5794029723761e-05	3.0669876213726e-05	0.012504896911306	2.6570938339935e-05	0.91282954376705
16	1.2310005561078e-06	1.3618069088274	4.7223707282638e-07	0	0.00041498029468964	0.0054212503322511	0.016807428790812	0.04345356831601	0.012566939493958	5.8520509418466e-05	3.1126635891651e-07	0.023176378531075	2.0486667156116e-06	0.078909720516788	0.26216810289991	0.013445810254348	0.022870845247441	9.7195150627829e-08	0.00014085694297617	0.082553336049635	0.011691203204353	0.42292976470915	3.9398828673968e-07	2.5724500890871e-05	2.9929353092991e-05	0.012503025598965	2.6446538343721e-05	0.91283321304239
16.2	1.2097787043963e-06	1.3619113446695	4.6214596315461e-07	0	0.00040889110715992	0.0053784268053239	0.016815106402029	0.043465015974036	0.012566843391651	5.7029717590099e-05	3.023002088862e-07	0.023176393466842	2.00515859795e-06	0.080534497646042	0.27978713467058	0.01344276019028	0.022865190801395	9.4155668184615e-08	0.0001369517610514	0.082534262742412	0.011937565982307	0.49121219229908	3.8976245045641e-07	2.5434539680118e-05	2.8840903032433e-05	0.012500089778913	2.6214850017426e-05	0.91283891483808
16.48	1.1813672982588e-06	1.3620566796001	4.491508419377e-07	0	0.00040082546701305	0.0053190392179655	0.016825703582831	0.043480705420162	0.012566676315625	5.5100894404822e-05	2.907949224297e-07	0.023176346658262	1.9489177644842e-06	0.079437383503424	0.26038126302233	0.013438468386374	0.022857250879897	9.0327624313409e-08	0.00013167736874311	0.0825074544185	0.011762418210406	0.43332355332585	3.8371911963989e-07	2.4967084502629e-05	2.7446262272837e-05	0.012495957866555	2.5911767929923e-05	0.91284684153415
16.872	1.1438565915059e-06	1.3622585359753	4.3256336263159e-07	0	0.00039033915128247	0.0052369929322462	0.016840229850648	0.043502085915981	0.012566384615249	5.2676410420876e-05	2.7624501123843e-07	0.023176160968762	1.8775494957086e-06	0.079028251205372	0.26203661348452	0.013432421606397	0.022846093169789	8.559112728421e-08	0.00012467376634735	0.082469730493223	0.01153769317868	0.42310064072935	3.7562482258521e-07	2.4699868937851e-05	2.5718543650539e-05	0.01249013459001	2.5499864449433e-05	0.91285783726554
17	1.1320792649733e-06	1.3623240751892	4.2746181175997e-07	0	0.00038709228892058	0.0052104751912241	0.016844900305776	0.043508930127431	0.012566276110835	5.194489259612e-05	2.7181580862767e-07	0.023176072702781	1.8557276819302e-06	0.079047215483229	0.26279707644984	0.013430438612102	0.022842440499665	8.4165784551934e-08	0.0001224802749191	0.082457368421088	0.011483095762434	0.42222513073528	3.7307515779492e-07	2.4630807730273e-05	2.5203285588628e-05	0.01248822448051	2.5368012813555e-05	0.91286140449782
17.2	1.1142332085919e-06	1.3624261800873	4.1937954555649e-07	0	0.00038218458481882	0.0051693091102168	0.016852111742708	0.043519481511195	0.012566091347175	5.0857843477075e-05	2.6511218853071e-07	0.023175902763314	1.8204396924165e-06	0.080672018988075	0.28022605331279	0.013427332220793	0.022836725032546	8.1914603112764e-08	0.00011872386580843	0.082438014016247	0.011730133773378	0.49070945517622	3.6868175879405e-07	2.4314929966439e-05	2.4443625198153e-05	0.012485232171866	2.5122922934629e-05	0.91286695946845
17.48	1.0901547695916e-06	1.3625686329628	4.0889843053319e-07	0	0.00037562793822122	0.0051122215782607	0.016862029727182	0.043533919223237	0.012565802790545	4.944152896932e-05	2.5644553066423e-07	0.023175601815391	1.774639016753e-06	0.079597059725565	0.26097684286463	0.013422968699473	0.022828709318354	7.9063368281302e-08	0.00011366429674356	0.082410848591726	0.011553663544809	0.43266837659599	3.6239026708175e-07	2.3834687143813e-05	2.3465677182151e-05	0.01248102906688	2.4800579620096e-05	0.91287470523844
17.872	1.0580121412422e-06	1.3627671519019	3.9536488709357e-07	0	0.0003670019039564	0.0050333556170831	0.016875551337587	0.043553542681393	0.012565345152444	4.7642928716155e-05	2.4535853347577e-07	0.023175067535875	1.7160459539121e-06	0.079240955852802	0.26287116727373	0.01341683424542	0.022817462719003	7.5500102382449e-08	0.00010697438120113	0.082372690340611	0.011324797177691	0.42232539031555	3.5389264465067e-07	2.3552118273653e-05	2.2245559381692e-05	0.012475120115099	2.4360519479859e-05	0.91288549241707
18	1.0478277256231e-06	1.3628317586364	3.9116443651265e-07	0	0.0003643076345116	0.0050078663776217	0.016879880878023	0.043559810972795	0.012565183266099	4.709588620595e-05	2.4195079827936e-07	0.02317486681204	1.6979992507125e-06	0.079279114355417	0.26370641079414	0.013414825447427	0.022813784855022	7.4418752958166e-08	0.00010488609425027	0.082360201115627	0.011268538392727	0.42141776789549	3.5121483443277e-07	2.3480676289281e-05	2.1879601712578e-05	0.01247318512605	2.4219391857112e-05	0.91288900158896
18.2	1.0323386163329e-06	1.3629325655937	3.8447862343543e-07	0	0.00036021241419428	0.0049682975378503	0.016886544299667	0.043569456480213	0.012564915539836	4.6278609892045e-05	2.3676930836696e-07	0.02317452183616	1.6687077029159e-06	0.080912208183055	0.28100299967377	0.013411681559631	0.022808033846587	7.2703310233131e-08	0.00010130158477683	0.082340662446786	0.011514013799246	0.49016666796117	3.4654876802177e-07	2.3125970093783e-05	2.1337956236658e-05	0.012470156966508	2.3957153663537e-05	0.91289447589263
18.48	1.0112833112e-06	1.3630735190142	3.7573447892209e-07	0	0.00035469733100303	0.0049134261722	0.016895660557209	0.043582610547745	0.012564511344122	4.5205228978087e-05	2.3000781324738e-07	0.023173976450361	1.630420503491e-06	0.07986318267536	0.26189526221061	0.013407271086051	0.022799975878602	7.0512290517584e-08	9.6491137688369e-05	0.082313267335649	0.011332730827885	0.4318938747083	3.3987419864217e-07	2.2621102364698e-05	2.0636511894053e-05	0.012465909505475	2.3610736491666e-05	0.91290212867175
18.872	9.8289234339323e-07	1.3632705276911	3.6430171575985e-07	0	0.00034736259594946	0.0048376239510486	0.016907991618592	0.043600399425039	0.012563892180187	4.382634518044e-05	2.2124256605733e-07	0.023173100020313	1.5808953092242e-06	0.07956801081954	0.26407401669911	0.013401080828903	0.022788683688783	6.7738344269271e-08	9.0166005608099e-05	0.082274839067597	0.011095157746021	0.42139124791727	3.3080944498028e-07	2.2313118700833e-05	1.9753604720839e-05	0.012459948906818	2.313651772088e-05	0.91291282237956
19	9.7382306228185e-07	1.3633347751329	3.6072049672524e-07	0	0.00034505366956524	0.0048131253800398	0.016911916426782	0.043606059286082	0.012563677522389	4.340323734716e-05	2.1851987589948e-07	0.023172787373354	1.5655096336461e-06	0.07962828922435	0.26499931519214	0.013399056018502	0.022784993977063	6.688803746945e-08	8.8200088728854e-05	0.082262273285512	0.011035852989899	0.42044177683191	3.279568274238e-07	2.2236984564622e-05	1.948692499191e-05	0.012457999380697	2.2984362773341e-05	0.91291630933124
19.2	9.5999166768796e-07	1.3634351597774	3.5499642490989e-07	0	0.0003415268155946	0.0047750949124234	0.016917928939201	0.043614740849771	0.012563326926903	4.2767431675299e-05	2.1436002249794e-07	0.023172266570258	1.540448357505e-06	0.081275707279109	0.28220004549669	0.013395889354941	0.022779227556902	6.5532612782832e-08	8.4823435124095e-05	0.082242626673	0.011278174013248	0.48954872388581	3.2294407065254e-07	2.18352091428e-05	1.9090346289224e-05	0.012454950822777	2.2701736172994e-05	0.91292175745656
19.48	9.410757886706e-07	1.3635758034731	3.4744966691567e-07	0	0.00033674390314671	0.0047223578184288	0.016926093049438	0.04362651585466	0.012562805554202	4.1925196213168e-05	2.0887888978653e-07	0.023171472506809	1.5074420417183e-06	0.080254172418612	0.26321385997624	0.013391451442383	0.022771154174684	6.3784981609049e-08	8.031323909883e-05	0.082215103655053	0.011089242668486	0.43095009560744	3.1580145757118e-07	2.1299651611424e-05	1.8573080462851e-05	0.012450679327672	2.232777619633e-05	0.91292939076524
19.872	9.1537166252668e-07	1.3637729052305	3.3747134123466e-07	0	0.00033032355754332	0.0046495057466198	0.016937011711883	0.043642311708161	0.012562019800194	4.083008374769e-05	2.0167947571267e-07	0.023170242593621	1.4642803107724e-06	0.080026769966776	0.26572470837918	0.013385230803754	0.022759851668134	6.1541641720837e-08	7.4425179893007e-05	0.08217653906068	0.010839199039299	0.42024506380026	3.0608522083509e-07	2.0961726633218e-05	1.7915155551411e-05	0.012444693268264	2.1816193239922e-05	0.91294008915536
20	9.0710794710938e-07	1.3638373031138	3.3432101643002e-07	0	0.00032828910923249	0.004625961029187	0.016940456984023	0.043647306076804	0.012561750082761	4.0490981994899e-05	1.994203551167e-07	0.023169813160107	1.4507646054531e-06	0.08011192616463	0.26675571410882	0.013383197866821	0.022756161123099	6.0846959261011e-08	7.2605141539397e-05	0.082163938440951	0.010775719770668	0.41924400312726	3.030377829576e-07	2.0879919153914e-05	1.7714802853379e-05	0.012442737261069	2.1652327638844e-05	0.91294358488264
20.2	8.9448771300465e-07	1.3639380500168	3.2927011619979e-07	0	0.00032516872710285	0.0045894116881207	0.016945699488583	0.043654929254881	0.012561312373079	3.9978399813763e-05	1.9595430340973e-07	0.023169107709942	1.4286886248482e-06	0.081777691520008	0.28387787974129	0.013380020355478	0.022750396036185	5.9734550989794e-08	6.9482958562548e-05	0.082144247324182	0.011013812218439	0.4888268884916	2.9765431544091e-07	2.0427877373671e-05	1.7415234817548e-05	0.012439680434118	2.1348188341453e-05	0.912949054334
20.48	8.7715968521723e-07	1.3640794596384	3.2256807522864e-07	0	0.00032091264849294	0.004538729296049	0.016952740642844	0.043665183190038	0.012560666602835	3.9293552589544e-05	1.9134760426521e-07	0.023168050327988	1.3994259335348e-06	0.080783204731782	0.26499022388731	0.013375570945135	0.022742329797988	5.8287269873047e-08	6.5337651029298e-05	0.082116681894602	0.01081502198011	0.42979784213584	2.900342161301e-07	1.9861122802859e-05	1.7021319238981e-05	0.012435401024715	2.0946523194819e-05	0.91295673291123
20.872	8.535027119394e-07	1.3642781169189	3.1363137331054e-07	0	0.00031515625394026	0.004468717107055	0.016962001839711	0.043678771260371	0.012559701999103	3.8392481273123e-05	1.8522874448665e-07	0.023166442672915	1.3608228943366e-06	0.080628962088561	0.26788164261927	0.013369340895295	0.022731046966426	5.6405941704505e-08	5.997497039137e-05	0.082078094634065	0.010549707679697	0.41884613780289	2.7969808346868e-07	1.9493965355219e-05	1.6514421334223e-05	0.012429410544777	2.039965977594e-05	0.9129675233185
21	8.4586511198012e-07	1.3643431321047	3.1079389796658e-07	0	0.00031332254714119	0.0044460905244231	0.016964886610365	0.043683026914928	0.012559372770954	3.8111022338457e-05	1.832923706434e-07	0.02316588777088	1.3486613599158e-06	0.080741343766674	0.26903365768818	0.013367306375209	0.022727365015733	5.5818179509687e-08	5.8328866091134e-05	0.082065494899008	0.010481272052976	0.41778421359628	2.7647374504149e-07	1.9406754863172e-05	1.6358678538301e-05	0.012427454583389	2.0225241357336e-05	0.91297105555103
21.2	8.3420272066321e-07	1.3644449603567	3.0623737411735e-07	0	0.00031050088613688	0.0044109667811285	0.016969232118411	0.043689474517773	0.012558840514331	3.7683196568898e-05	1.8031299499931e-07	0.023164983305131	1.3287666345299e-06	0.082426984541172	0.28607414640924	0.013364127941339	0.022721615636686	5.4873615091605e-08	5.5510649868872e-05	0.082045813768733	0.010714738889121	0.48797974611837	2.7076208490449e-07	1.8904233018309e-05	1.6124445012358e-05	0.012424399357484	1.9901643896982e-05	0.91297658889646
21.48	8.1816308759294e-07	1.3645881199647	3.0016622370003e-07	0	0.00030663482794881	0.0043622619225013	0.016974972493847	0.043698039109404	0.012558059083946	3.7107009770074e-05	1.7632708122261e-07	0.023163641106399	1.3022783540299e-06	0.081456421453898	0.26725832796742	0.013359680326248	0.022713575941482	5.3635696814976e-08	5.1797231788789e-05	0.082018279520359	0.010504862885943	0.42841112663392	2.6275353627223e-07	1.830913377785e-05	1.5813777568256e-05	0.012420125207801	1.9476870668491e-05	0.91298437072773
21.872	7.9623271123046e-07	1.3647896592345	2.9202993579755e-07	0	0.00030137523555233	0.0042949826806759	0.016982330607266	0.043709180017093	0.012556898616258	3.6340665271815e-05	1.7099085166708e-07	0.023161623773318	1.2671386612774e-06	0.081377702267684	0.2705744327821	0.013353458317977	0.022702338491888	5.2010784356958e-08	4.704800897457e-05	0.081979767205046	0.010223111673393	0.41717060330614	2.5197609477733e-07	1.7916885798514e-05	1.5409136528499e-05	0.012414147525878	1.8904003733058e-05	0.91299533085668
22	7.8913955675992e-07	1.3648557110425	2.8943864259716e-07	0	0.00029969298622657	0.0042732395899803	0.016984576140835	0.043712618790936	0.012556504108117	3.609941383435e-05	1.6929220561169e-07	0.023160932706916	1.2560285206556e-06	0.081518640405057	0.27186046691187	0.013351427635621	0.022698673169019	5.1499832436871e-08	4.5602973620429e-05	0.08196719888169	0.01014952759789	0.41604010003162	2.4863962374399e-07	1.7825404293046e-05	1.5283678736646e-05	0.012412196941396	1.8722599615936e-05	0.91299892405863
22.2	7.7832430440336e-07	1.3649592603019	2.8527753281217e-07	0	0.00029709795530429	0.0042394875790299	0.016987904017853	0.043717769468258	0.012555868073803	3.5730895594364e-05	1.6667541601736e-07	0.023159812258936	1.2378504309108e-06	0.083222110090657	0.28879204990162	0.013348256457997	0.022692951665334	5.0677003006403e-08	4.3132826358051e-05	0.081947574023237	0.01037902020777	0.4869964060337	2.4272323769531e-07	1.7275086758846e-05	1.5093882154696e-05	0.012409151348385	1.8385686632066e-05	0.91300455852475
22.48	7.6345666755208e-07	1.3651050292239	2.7972348714874e-07	0	0.0002935302360792	0.0041926853695823	0.016992181133891	0.043724478542321	0.012554937791296	3.5231114550183e-05	1.6316076041337e-07	0.023158161322074	1.2135971243842e-06	0.082268448571557	0.27001601831287	0.013343821465298	0.022684954704577	4.9593406216114e-08	3.990857125194e-05	0.081920132663587	0.010158456545903	0.42678395983253	2.3453061953301e-07	1.6657523358124e-05	1.4839999276667e-05	0.0124048930792	1.7948216887589e-05	0.91301249344973
22.872	7.4315698522483e-07	1.3653105689826	2.722681131431e-07	0	0.00028865515704837	0.0041280352336792	0.016997425946916	0.043732952701314	0.012553563012512	3.4560200979296e-05	1.5843594284887e-07	0.023155701541299	1.1813500419496e-06	0.082262316333142	0.27378766563335	0.013337621363913	0.022673783482532	4.8162439159138e-08	3.5842710244517e-05	0.08188177499165	0.009861702463962	0.4152207229284	2.2365159738982e-07	1.6247298110978e-05	1.4505417660345e-05	0.012398941783761	1.7366791232251e-05	0.91302368788355
23	7.3659425669381e-07	1.3653780000445	2.6989226964908e-07	0	0.00028709118789601	0.0041071419760102	0.016998968491211	0.043735507034999	0.012553097309599	3.4347597764905e-05	1.5692747679858e-07	0.023154863983495	1.1711433726555e-06	0.082431321493014	0.27521535745235	0.013335598723619	0.022670141127189	4.7710823538581e-08	3.4618882539759e-05	0.08186926238906	0.0097836773792811	0.41401721342339	2.2031672494449e-07	1.6153405055175e-05	1.4400784328557e-05	0.012397000695816	1.7184557240549e-05	0.91302736177477
23.2	7.2661058935373e-07	1.3654837790335	2.660829393765e-07	0	0.00028467418533414	0.0040747093374207	0.017001185454994	0.043739260780011	0.012552348425263	3.402150631383e-05	1.546043106509e-07	0.023153511926812	1.1544630872714e-06	0.084145826321926	0.29198298445166	0.013332441014566	0.022664456875787	4.6983301993426e-08	3.2528116061922e-05	0.081849729858757	0.010011308265589	0.48588216374413	2.1440385745579e-07	1.5563924797962e-05	1.4241619827165e-05	0.012393970825485	1.6845025072919e-05	0.91303312658063
23.48	7.1291527255643e-07	1.3656328082086	2.6099973670421e-07	0	0.00028134285329179	0.004029736930991	0.017003883643144	0.043743988349601	0.012551257159814	3.3576718490147e-05	1.5147935078465e-07	0.023151531844089	1.1322087986664e-06	0.083197088082094	0.27320747274137	0.013328026557388	0.022656514595101	4.6022994707169e-08	2.9829737432533e-05	0.081822427558815	0.0097827245948609	0.42494047625011	2.0634301402977e-07	1.4935128321728e-05	1.40270326058e-05	0.012389736207512	1.6411127934303e-05	0.91304125187409
23.872	6.9428162883715e-07	1.3658431243129	2.5418425634778e-07	0	0.00027677613882914	0.003967614780147	0.017006887223337	0.043749652667092	0.012549652780664	3.2975115694973e-05	1.4727498482363e-07	0.023148604946192	1.1026388057993e-06	0.083253253761126	0.2774407070588	0.013321857797617	0.022645423791995	4.4751661469314e-08	2.6483300996885e-05	0.081784279940041	0.0094757629047005	0.41303717098347	1.9583710334006e-07	1.4518358936373e-05	1.3741218453605e-05	0.012383820602983	1.5845732091726e-05	0.913052724841
24	6.8371472741135e-07	1.3659117512954	2.6954198508979e-07	0	0.00027330710326381	0.0039508692759267	0.017007728765831	0.043751033532324	0.012549035615867	3.254768128575e-05	1.4513819235663e-07	0.023147466306384	1.1114104127043e-06	0.083314618081014	0.27878411663562	0.013319834167762	0.022641794440387	4.5719149757801e-08	2.5477086062945e-05	0.081771862071034	0.0093442594300357	0.41169913724397	1.9515256030882e-07	1.4558703773622e-05	1.3554472056578e-05	0.012381895804331	1.6113189931249e-05	0.91305652926878
24.2	6.8272483308423e-07	1.3632630639096	4.0983038212822e-07	0	0.00027595800642698	0.0059210041736969	0.016974340203403	0.043666076867363	0.012523173001478	3.2832343388508e-05	1.4411843258451e-07	0.023099809463726	1.3989165937118e-06	0.085906618819097	0.29767361119585	0.013289856900628	0.022590533047499	5.6160111557919e-08	2.3815812853219e-05	0.081587321966227	0.0099100852962148	0.48509695094266	2.1149338617124e-07	1.4939036672926e-05	1.3654068446618e-05	0.01235388440077	1.9184663000692e-05	0.91288973133868
24.48	7.2300893328565e-07	1.3595773557446	5.0088341452326e-07	0	0.00029584881001563	0.0086399366655934	0.016927225925468	0.043548741407071	0.012487543249782	3.5141517928672e-05	1.5064857370892e-07	0.023034207575026	1.6737973678846e-06	0.086563844768925	0.28083051873442	0.013248194315957	0.022519226585586	6.2997555212666e-08	2.1766419454293e-05	0.081330187073034	0.010285764439772	0.42376571554539	2.2011569502321e-07	1.4817488908266e-05	1.4579330700394e-05	0.012314848540263	2.0908642167947e-05	0.91265606115226
24.872	8.518355118904e-07	1.3544703200448	5.6835564952042e-07	0	0.0003511737311409	0.012370800398496	0.016860904074102	0.043386431167088	0.012438308919539	4.1619354322231e-05	1.7501584051536e-07	0.022943595639044	1.9545268684004e-06	0.088579317819053	0.28957665122554	0.013190475772887	0.022420301319178	7.0042546340378e-08	1.9352777112929e-05	0.08097343204156	0.0105811000928	0.41166149985134	2.2478722304877e-07	1.4806287907298e-05	1.7209405219157e-05	0.012260666623575	2.1650005058808e-05	0.91232922229937
25	9.0888135738338e-07	1.3528175188885	5.8832264218104e-07	0	0.00037502923760783	0.013570306409613	0.016839215755436	0.043333929164024	0.012422368757966	4.4418403252728e-05	1.8620194317178e-07	0.022914263082171	2.0411764860862e-06	0.089312993044847	0.29257103364708	0.013171792529117	0.022388246112319	7.2749680797265e-08	1.8665372962035e-05	0.080857925181733	0.010642978537601	0.41023312592276	2.2619555744687e-07	1.4846848547715e-05	1.8349500715317e-05	0.012243115353832	2.1766295040813e-05	0.91222268151138
25.2	1.0033465876888e-06	1.3529538571375	4.6744566392849e-07	0	0.00041317307385019	0.013463286043637	0.016839035641703	0.04333807814588	0.012422134131373	4.8896135277014e-05	2.0541458390484e-07	0.022913900224781	1.8687783328892e-06	0.091647313439076	0.31576079651778	0.013169047043049	0.02238308702295	6.5692574106373e-08	1.7460763243543e-05	0.08084013483298	0.010790042719125	0.48582470941423	2.0463127114164e-07	1.3564772406168e-05	2.0174703378589e-05	0.012240314703959	1.8205031979855e-05	0.91222910697521
25.48	1.1189875494706e-06	1.3531564141938	4.1765255800153e-07	0	0.00046053801817776	0.013314993438868	0.01683868330153	0.043342719169201	0.012421425309015	5.4455925339113e-05	2.3000106031357e-07	0.022912626825047	1.7747792768717e-06	0.089965910024126	0.29336612250412	0.013165267727326	0.022375971640374	6.5860000109146e-08	1.592846727178e-05	0.08081637514793	0.010160607714301	0.41974746559869	1.9109986300943e-07	1.2833264071525e-05	2.2440715265314e-05	0.012236551118427	1.6053128423878e-05	0.91223887554388
25.872	1.2507083289008e-06	1.353455379293	4.284529439504e-07	0	0.00051638393995748	0.013110282568608	0.01683781960888	0.043348735217342	0.012420246459514	6.1010425562005e-05	2.5836149310069e-07	0.022910461431011	1.8000960766966e-06	0.089105146838156	0.29681259032172	0.013160126509611	0.022366275093599	7.2063640860162e-08	1.4102820740064e-05	0.080784798019584	0.0094853238662973	0.4062685723265	1.8471842380463e-07	1.2655389549806e-05	2.5111644716448e-05	0.01223151124379	1.5028600382646e-05	0.91225361060148
26	1.2880587000785e-06	1.3535558204203	4.3807465721018e-07	0	0.00053235450202007	0.013044148533633	0.01683744237162	0.04335073149026	0.012419861386242	6.2884647373712e-05	2.66390293944e-07	0.022909750666179	1.8272668902724e-06	0.089085376887246	0.2981223868457	0.013158487210001	0.022363171525676	7.4377639147414e-08	1.3579451970695e-05	0.080774817445246	0.0093428871797821	0.40483084991288	1.8386671212617e-07	1.2652370591616e-05	2.5875255112359e-05	0.0122299101462	1.4873978031502e-05	0.91225862218254
26.2	1.3407912882502e-06	1.3537152425752	4.5533216930612e-07	0	0.00055520899762982	0.012941507068753	0.016836738403792	0.043353915429686	0.012419272388963	6.5566516409817e-05	2.7777492708537e-07	0.022908661803222	1.8824778777782e-06	0.090587614247685	0.31471574088491	0.013155966370738	0.022358382589066	7.7977186875418e-08	1.2680243394569e-05	0.080759520031557	0.0095495631145636	0.4826157878215	1.8280757739585e-07	1.2496612060737e-05	2.6967790152239e-05	0.012227448481919	1.4724151252907e-05	0.91226663080302
26.48	1.4048570839345e-06	1.3539429523726	4.7956225751266e-07	0	0.00058326400106836	0.012799211330333	0.016835514684571	0.043358487758963	0.012418480519363	6.8858202367164e-05	2.915778035329e-07	0.022907195415873	1.9699397164447e-06	0.089151474843722	0.29308305395287	0.013152519613716	0.022351792992269	8.260628603525e-08	1.1573391463819e-05	0.080738648351058	0.0093243872392171	0.41771514227845	1.8175127476291e-07	1.2233534256263e-05	2.8308479507284e-05	0.012224075525526	1.4588587303183e-05	0.91227816930066
26.872	1.4780812892506e-06	1.3542690941812	5.0972026777061e-07	0	0.00061571421385366	0.012602699318353	0.016833382126862	0.04336514401636	0.012417434578197	7.2664718063518e-05	3.0735825941945e-07	0.022905254959559	2.0929804374995e-06	0.088942682062052	0.29733750460629	0.013147843778431	0.022342762388132	8.8091954352795e-08	1.0287658761607e-05	0.08071033170577	0.0090937645375292	0.40506387816065	1.8089439432175e-07	1.2137937486703e-05	2.9858324290944e-05	0.012219474988833	1.4466813458303e-05	0.91229486211665
27	1.4985661831059e-06	1.3543770608177	5.184106308559e-07	0	0.0006248345665912	0.012539200511527	0.01683259737315	0.043367373399085	0.012417106700752	7.373434269312e-05	3.1177201655416e-07	0.022904645982401	2.1308380162226e-06	0.089098108684812	0.29891942788214	0.013146349494803	0.022339853963457	8.9646967441936e-08	9.9235208306723e-06	0.080701270455556	0.0090473047675694	0.40377704877474	1.8068452936902e-07	1.2127951085178e-05	3.0293690181413e-05	0.012217997673083	1.4435663991768e-05	0.91230042297859
27.2	1.5272208401326e-06	1.3545471580096	5.3082285591755e-07	0	0.000637717915723	0.012440638220641	0.016831276216927	0.043370886171986	0.012416600548418	7.5245048758217e-05	3.1799585103566e-07	0.022903704250201	2.187464506408e-06	0.090784186966456	0.3155298624647	0.013144045857685	0.022335347612416	9.1888335355295e-08	9.2961440849926e-06	0.080687284584089	0.0093605836164536	0.48200177829918	1.7976908566714e-07	1.1702162831154e-05	3.0908440117806e-05	0.012215712686269	1.4321643933102e-05	0.91230921608547
27.48	1.561150012147e-06	1.3547878692484	5.4580441374047e-07	0	0.00065319011837041	0.012303978435908	0.016829235523178	0.043375817649212	0.012415903819049	7.705883251391e-05	3.2534716850115e-07	0.022902405187666	2.2587829540897e-06	0.089508441862553	0.29415449564697	0.013140879443049	0.022329109188661	9.4560797152845e-08	8.5284826107179e-06	0.080668020688223	0.0092173523050467	0.4169780517533	1.7865838701757e-07	1.1350096415921e-05	3.1646215835684e-05	0.012212556581976	1.4220501958139e-05	0.91232171958298
27.872	1.5981167518142e-06	1.3551288885974	5.6252170121056e-07	0	0.00067041477445315	0.012115217427243	0.016826049098726	0.043382781203494	0.01241495526189	7.9077068412878e-05	3.3337770584954e-07	0.022900633315846	2.34227410957e-06	0.089420898807873	0.29877811496453	0.013136543943711	0.02232048958007	9.7521340500842e-08	7.6426584373564e-06	0.080641562272829	0.0090313473887068	0.40424029280988	1.7742648252112e-07	1.1218719774425e-05	3.2466543238888e-05	0.012208207271078	1.4116904207573e-05	0.91233953488368
28	1.6079775213318e-06	1.3552410061613	5.6706387740105e-07	0	0.00067508195481135	0.012054216319621	0.016824940072311	0.043385064372025	0.01241465108901	7.9623662991847e-05	3.3552540378265e-07	0.022900064507205	2.3656702260478e-06	0.089600157071296	0.30045343465731	0.013135148004023	0.022317697729847	9.8324258646528e-08	7.3927332157664e-06	0.080633023677917	0.0089908227852734	0.40292801341488	1.7705203130911e-07	1.1198425952713e-05	3.2688546187351e-05	0.012206800785094	1.4087132779186e-05	0.91234541349791
28.2	1.6212975536673e-06	1.3554169084293	5.7339330628834e-07	0	0.00068148826463673	0.011959524455275	0.016823133820021	0.043388625580189	0.012414176970576	8.0373639976576e-05	3.3845451952993e-07	0.022899176845477	2.3992444721532e-06	0.091309220072592	0.3171602700609	0.013132985260122	0.02231335665379	9.9457342539716e-08	6.9595999670457e-06	0.08061977488482	0.0093104519404806	0.48159234050186	1.7608512703351e-07	1.0911580333233e-05	3.2992971078467e-05	0.0122046158254	1.400172574443e-05	0.9123546564222
28.48	1.6360302711304e-06	1.3556644689458	5.8058646753983e-07	0	0.0006887969751722	0.011828219109963	0.016820458528725	0.043393559474734	0.01241351477719	8.1228633372776e-05	3.4170004103326e-07	0.022897935225355	2.4386350321064e-06	0.090032031534647	0.29574808152181	0.013129991070284	0.022307317806048	1.0073830454514e-07	6.4314154235514e-06	0.080601393737754	0.0091675060265723	0.4162508692381	1.7478322770453e-07	1.0629824218222e-05	3.3339634332695e-05	0.012201579818701	1.3913371250307e-05	0.91236770203442
28.872	1.6499924754649e-06	1.3560129162278	5.8785473285081e-07	0	0.00069616280359334	0.011646833854884	0.016816463555578	0.043400395996754	0.012412592009532	8.2088988668287e-05	3.4481478358964e-07	0.022896202577671	2.4804810413925e-06	0.08994359255728	0.30052985383887	0.013125852063694	0.022298923204784	1.0203136044436e-07	5.8238385210712e-06	0.080575916224471	0.008976258508214	0.40338532808791	1.7320877266737e-07	1.0509968978999e-05	3.3687650971599e-05	0.012197364640742	1.3811191897931e-05	0.91238612749208
29	1.6531466833664e-06	1.356126999864	5.896387153641e-07	0	0.00069795125254414	0.011588212079348	0.016815107315529	0.043402607588212	0.012412291003843	8.2297493616823e-05	3.4553094532362e-07	0.022895636911701	2.4912827219749e-06	0.090121108832252	0.30223956060418	0.013124510479818	0.022296193191018	1.0234958495495e-07	5.6526490448959e-06	0.080567643362034	0.0089335637263277	0.40204967180211	1.7271752194759e-07	1.0486739238208e-05	3.3771747630231e-05	0.012195994683484	1.3780481395907e-05	0.91239217359369
29.2	1.6567841588578e-06	1.3563055252263	5.9194209790668e-07	0	0.00070017545541948	0.011497209578892	0.016812932830919	0.043406036426993	0.012411819100471	8.2556313642706e-05	3.4637886640671e-07	0.022894749486309	2.5061893981879e-06	0.091819157952349	0.31891575630597	0.013122423237698	0.022291937539996	1.0276506713766e-07	5.3553787133627e-06	0.080554757828235	0.0092522392807764	0.48120625506331	1.7175747789226e-07	1.0324434380881e-05	3.3875834159938e-05	0.012193859839998	1.3716632789325e-05	0.91240164746088
29.48	1.6594319256757e-06	1.3565559138198	5.9411173196244e-07	0	0.00070222307728795	0.011371012566698	0.016809778648667	0.043410748969126	0.012411154228592	8.2793444373884e-05	3.4703855959191e-07	0.022893498074363	2.5217392844594e-06	0.09050756609393	0.29735911232105	0.013119516868929	0.022285997250529	1.0315897393815e-07	4.9933874601606e-06	0.080536787778106	0.0091053453710316	0.41554721527718	1.7038341664581e-07	1.0108523493556e-05	3.3970484756043e-05	0.012190880944252	1.3638880775466e-05	0.91241495854947
29.872	1.658981236555e-06	1.3569069017271	5.9539047982216e-07	0	0.00070325423639562	0.011196671469275	0.016805176597043	0.043417200790654	0.01241021407111	8.2909879648696e-05	3.4707150950947e-07	0.022891726899918	2.5345663241446e-06	0.090391899516139	0.30219409736777	0.013115470047902	0.022277704993131	1.0340044007947e-07	4.5771629204158e-06	0.080511719931128	0.0089087935209659	0.40258588864528	1.686579361318e-07	1.0006496216026e-05	3.4015087588454e-05	0.012186723565117	1.3540678326373e-05	0.91243365797548
30	1.6579544048843e-06	1.3570215150872	5.9543958868953e-07	0	0.00070319771395367	0.011140323657296	0.016803635159914	0.043419269325556	0.012409904173317	8.2901723996871e-05	3.4689420712003e-07	0.02289114276064	2.5368797370382e-06	0.090562045186389	0.30391113567572	0.013114151967637	0.022275000822866	1.0341461414211e-07	4.4598081492486e-06	0.080503545488601	0.0088645640803054	0.4012380934655	1.681138502622e-07	9.9832160450312e-06	3.4010821171655e-05	0.012185367764315	1.3510383041016e-05	0.91243977278857
