# Time [h]	Lignin [g/L]	Initial_Substrate [g/L]	Substrate [g/L]	MO_AcidoLCFA [g/L]	MO_hydroM [g/L]	MO_Acetic [g/L]	Proteins [g/L]	AA [g/L]	MO_acetoM [g/L]	MO_Propionic [g/L]	MO_ButyricValeric [g/L]	MO_AcidoMS [g/L]	MO_AcidoAA [g/L]	Nitrogen [g/L]	SUM [g/L]
0.2	6.9891948001947	0	0.0040390981241012	0.15617247724524	0.36659875129228	0.11782946065759	0.11401901859581	0.0033182111912301	0.21256047103193	0.12930063187413	0.22336351759487	0.80055931713451	0.1167571268152	2.1253725782149	11.359085459967
0.48	6.9892374664917	0	0.0096397605097677	0.15613450965322	0.37070644136311	0.11826169725781	0.10142376817716	0.0033244049357888	0.21397538901689	0.12950773640245	0.22371512492808	0.80288184632093	0.11757801483769	1.7071398854999	10.943526045395
0.872	6.9893600852856	0	0.017375461265589	0.15610105738756	0.37640841351351	0.11885637393194	0.086162581974479	0.002771272764867	0.21590030044496	0.12991862589166	0.22427544357225	0.80563523646234	0.11860713089948	1.299402679464	10.540774662858
1	6.989416977273	0	0.019875754031533	0.15609416436398	0.37819361392741	0.11904787828099	0.081692952967699	0.0026003423093693	0.21651451463708	0.13005949024413	0.22444522346968	0.80642814548691	0.11890762682953	1.1902039472361	10.433480631057
1.2	6.9895101999265	0	0.019717390840204	0.15608818213632	0.380908591498	0.11934216529142	0.075180101759536	0.002400437375638	0.21744881307841	0.13028444629867	0.22469591721803	0.80757657677322	0.11934787017353	1.0385208695686	10.281021561938
1.48	6.989638677002	0	0.01949780657066	0.15609081428278	0.38452067350001	0.11974007132483	0.066939615902132	0.0021098409882409	0.21868660834716	0.13060099083537	0.22501366233806	0.80900104260012	0.11990328020315	0.85873561769655	10.100478701591
1.872	6.9898147564141	0	0.019194506465943	0.1561178943862	0.38913704883809	0.12025608175514	0.056926883224391	0.0017606886829678	0.22022995178425	0.13101892596031	0.22538597784911	0.81067039978098	0.12056817918164	0.65871837371591	9.8997996680391
2	6.9898734292496	0	0.019096485698295	0.15613248590713	0.39053337159096	0.12041349463309	0.053987735718458	0.0016587615588334	0.22068511887928	0.13114571010643	0.22549096318824	0.81114537704198	0.12076092776399	0.60368468550386	9.8446085468401
2.2	6.9899642027768	0	0.018944331800282	0.15616271863306	0.39259025173247	0.12064234873744	0.049702225670923	0.0015146617287505	0.221328446523	0.13133242615231	0.2256391101986	0.81182187711228	0.12103911853494	0.52686332474766	9.7675450443485
2.48	6.9900895682853	0	0.018733355719584	0.15622208432514	0.39520709088165	0.12092446719842	0.044279625877739	0.0013365586080229	0.22208901882658	0.13156893531635	0.22581661924952	0.81264587740833	0.12138575420444	0.43567477082691	9.675973726728
2.872	6.9902618210173	0	0.018441942301548	0.15633951487712	0.39840239063319	0.12124984427485	0.037690273324692	0.0011254722893913	0.22292433857811	0.13185059559987	0.22601337547119	0.81358568854872	0.12179685467046	0.33431405061285	9.5739961621992
3	6.9903182054782	0	0.018347764171146	0.15638532958834	0.39935025916102	0.12134357794937	0.035755986867833	0.0010637661224389	0.22315789952252	0.13193125882063	0.2260664971505	0.81384634088601	0.12191509732852	0.30644164948803	9.5459236325346
3.2	6.9904055631183	0	0.018201574628917	0.15646541284788	0.40073933956393	0.12147695373142	0.032935510759078	0.00097559222260177	0.22348372722664	0.13204605840814	0.22613907390839	0.8142104594201	0.12208486014348	0.26754355940165	9.5067076853805
3.48	6.9905264261794	0	0.017998867975008	0.15659497480025	0.40250945501869	0.12163981170711	0.029366409883221	0.00086570445572588	0.22386968027913	0.13218534191528	0.22622114202396	0.81463921607707	0.12229448838207	0.22137515875678	9.4600866774537
3.872	6.990692908979	0	0.017718875207191	0.15680751789932	0.40470531202527	0.12183208377799	0.025028881295273	0.00073436347738201	0.22431164913494	0.13234295375961	0.22630222024447	0.8150987346508	0.12253933834368	0.17002902468372	9.4081438634787
4	6.9907470245622	0	0.017628389119425	0.15688346307793	0.40536548032678	0.12188864961055	0.0237555280322	0.00069591609606339	0.22443965950874	0.13238645725264	0.22632140336777	0.81521830083141	0.12260877889063	0.15590123599285	9.3938402866692
4.2	6.9908309442695	0	0.017487930358063	0.15700919496731	0.40634113878498	0.12196973082665	0.021898669449908	0.00064063632526528	0.22462024076954	0.1324468464402	0.22634455923441	0.81537671344395	0.12270745942672	0.13618021734509	9.3738542816416
4.48	6.9909471680672	0	0.017293169495607	0.15719940946926	0.40759985482913	0.12206949250013	0.019548715387623	0.00057143886590944	0.22483782842597	0.13251726591899	0.22636418559587	0.81554511676035	0.12282720888171	0.11276429062461	9.3500851448223
4.872	6.9911074554008	0	0.017024150799938	0.15748891829263	0.40919347670318	0.12219061141739	0.016692365082405	0.0004883835023263	0.22509821920538	0.13259175177749	0.22636949461878	0.81568811704257	0.12296291889059	0.086689123083173	9.3235849858167
5	6.9911593882885	0	0.016937212127885	0.15758819991983	0.40967925817412	0.12222685656125	0.015853740082843	0.00046406105219691	0.22517562938002	0.13261096167392	0.22636643838581	0.81571469715236	0.12300031922742	0.079507224025636	9.3162839860518
5.2	6.991239954616	0	0.016802259709761	0.1577480220627	0.4104043674201	0.12227959671654	0.014630707570519	0.00042899713382297	0.22528753174624	0.13263616285228	0.22635718773726	0.81573749122348	0.12305230799627	0.069474565490978	9.3060791522759
5.48	6.9913515850043	0	0.016615133568071	0.15798047370548	0.41135500154889	0.1223464754892	0.013082668757211	0.00038504451163093	0.22542839331607	0.13266246548894	0.22633583393631	0.81573418588156	0.1231129937893	0.05754716424668	9.2939374192436
5.872	6.9915056264513	0	0.016356659664372	0.15831884940331	0.41257929399999	0.12242987951105	0.011200612871425	0.00033226852292628	0.22560323149613	0.13268388533822	0.22629136041	0.81566831934976	0.12317694563299	0.044247477225773	9.2803944098773
6	6.9915554594459	0	0.016273129414047	0.1584318803234	0.41295620038173	0.1224550499951	0.010647942312156	0.00031682307758536	0.22565586939008	0.13268758709037	0.22627368550833	0.81563352272122	0.1231932773428	0.04058195392262	9.2766623809254
6.2	6.9916327824533	0	0.016143467643621	0.1586105061779	0.41352248508768	0.12249201990229	0.009841831818191	0.00029458221390939	0.22573300701586	0.13269027280277	0.2262431189894	0.81556676434477	0.12321455067076	0.035459806091782	9.2714451952122
6.48	6.9917399413986	0	0.015963677272744	0.15886365084476	0.41427123543212	0.12253942138695	0.0088212922935835	0.00026676329485626	0.22583170906858	0.13268822907007	0.22619478554972	0.81545001751651	0.12323636714156	0.0293689616674	9.2652360519375
6.872	6.9918878486258	0	0.015715335538334	0.15922031497597	0.41524259820783	0.12259860286947	0.0075801459259847	0.00023351372108951	0.2259549389547	0.13267534229528	0.22611749683951	0.81524605049898	0.12325307092698	0.022580585058756	9.2583058444386
7	6.9919356617667	0	0.015635080140109	0.15933690562093	0.41554284547572	0.12261638961434	0.0072155827618304	0.00022380433349033	0.22599200240968	0.13266898159008	0.2260901795506	0.81517065239487	0.12325552744749	0.020711010676358	9.2563946237822
7.2	6.9920098558535	0	0.015510501727698	0.15951834940832	0.4159945894028	0.1226423964745	0.006683737868107	0.00020991683366954	0.22604621729553	0.13265700882342	0.22604554251954	0.81504462001374	0.12325656446166	0.018101398003836	9.2537206986863
7.48	6.9921126855152	0	0.015337759796784	0.15976976282808	0.41659227503906	0.12267539835815	0.0060102146594485	0.00019267374549841	0.22611515371443	0.13263642514339	0.22597938120171	0.81485273067808	0.12325276181605	0.015005412460927	9.2505326349568
7.872	6.9922546275606	0	0.015099153561128	0.160113061087	0.41736563048382	0.12271560016001	0.0051907088231598	0.00017230016877825	0.22619964187266	0.13260097507147	0.22588037887025	0.81455718228493	0.1232383073555	0.011571374529404	9.2469589418287
8	6.9923004953403	0	0.015022044658102	0.16022283649293	0.41760398814298	0.12272741366551	0.0049499000536035	0.00016637014327388	0.22622461631316	0.13258797610469	0.22584667691382	0.81445483935982	0.123231611653	0.010629719144091	9.2459684879853
8.2	6.9923716722717	0	0.014902350397451	0.16039099612899	0.41796128486831	0.12274431099955	0.0045984966482374	0.00015800159276853	0.22626051852308	0.13256631106357	0.22579271832131	0.81428944092989	0.12321929703431	0.0093213029740021	9.2445767017531
8.48	6.9924703230366	0	0.014736380762316	0.16061863602174	0.41843082030177	0.12276492804095	0.0041532866134357	0.00014771722240856	0.22630477497324	0.13253343710329	0.22571474166029	0.81404760223924	0.12319858854817	0.0077818069916023	9.242903043515
8.872	6.9926065047193	0	0.014507128761169	0.16091953817659	0.41903124342554	0.12278829858049	0.0036112074532174	0.00013565409134774	0.22635604951971	0.13248300588964	0.22560135726972	0.81369111295677	0.12316357739887	0.0060995350975073	9.2409942133399
9	6.9926505046937	0	0.014433043030003	0.1610136050298	0.41921469267272	0.12279473962108	0.0034518285043954	0.00013211250939623	0.22637048994189	0.13246560052668	0.22556343145686	0.81357082977127	0.12315084589068	0.0056440213180374	9.2404557449665
9.2	6.9927187864792	0	0.014318041525394	0.16115555107608	0.41948780420892	0.12280339027675	0.0032191587579057	0.00012712665853281	0.22639029379233	0.13243751426052	0.22550331988914	0.8133792174944	0.12312973354502	0.0050184458583924	9.2396883838226
9.48	6.99281343252	0	0.01415857886427	0.16134384874175	0.41984325232013	0.12281280101909	0.0029241907046601	0.00012086378177219	0.22641279290303	0.13239653974677	0.22541758006696	0.81310412274316	0.12309790272615	0.0042966343763265	9.2387425405141
9.872	6.9929441058665	0	0.013938314754709	0.16158700330608	0.42029291118784	0.12282130811418	0.0025646877397162	0.00011304221941245	0.22643537132297	0.13233635444491	0.22529483616265	0.8127071063224	0.1230494103899	0.0035319642356879	9.2376164160669
10	6.9929863270512	0	0.013867133727164	0.16166199843037	0.42042953584533	0.12282312394409	0.0024589016034545	0.00011061653393208	0.22644091307005	0.13231611001381	0.22525418214147	0.81257489919719	0.1230327287902	0.0033298653722598	9.2372863357205
10.2	6.9930518545115	0	0.013756641111965	0.16177454375466	0.42063260830477	0.12282486134528	0.0023043798665197	0.00010700351855666	0.22644744277944	0.13228393518603	0.22519013163753	0.81236590114012	0.12300587696118	0.0030577375249443	9.2368029176425
10.48	6.9931426953638	0	0.013603430522428	0.16192339999744	0.42089711287393	0.12282530342178	0.0021083054610732	0.00010203152482666	0.22645275457912	0.13223790297265	0.22509948796977	0.81206879457761	0.12296681552798	0.0027529985917316	9.2361810333842
10.872	6.9932681396693	0	0.013391802298416	0.16211676924139	0.42123476569613	0.12282280161298	0.0018689937155213	9.5112078377749e-05	0.22645425622496	0.13217179417702	0.22497092810812	0.81164500716449	0.12290958720579	0.00244264579176	9.2353926029843
11	6.9933086747414	0	0.013323412151741	0.16217693334572	0.42133836065946	0.12282137724568	0.0017984914570915	9.2882732307594e-05	0.22645359354184	0.13214985448369	0.22492859264643	0.81150491736906	0.12289034699365	0.0023628762269076	9.235150313595
11.2	6.9933715907627	0	0.01321725175316	0.16226812049308	0.42149388763367	0.12281848401743	0.0016954235891412	8.9440950572601e-05	0.22645125685825	0.13211526602932	0.2248621275238	0.81128443283606	0.12285977842228	0.0022576098195855	9.234784670689
11.48	6.9934588213012	0	0.013070048272227	0.16239086899258	0.42169976156704	0.12281326537047	0.0015644694758576	8.457847173418e-05	0.22644571400087	0.13206628227004	0.22476848650302	0.81097274946179	0.12281602447626	0.0021431464307041	9.2342942165938
11.872	6.9935792965881	0	0.012866717588236	0.16255482680699	0.42196928020272	0.12280424016296	0.001404315825109	7.7910490701912e-05	0.22643464191641	0.1319967218692	0.22463634443472	0.81053111838947	0.12275308882329	0.0020304437237153	9.2336389468216
12	6.9936182283308	0	0.012801008936623	0.16260686344428	0.422053460171	0.1228009602861	0.0013570548628844	7.5819942094257e-05	0.22643038326352	0.13197378789662	0.22459296342936	0.81038574706456	0.12273216907348	0.0020021722310689	9.2334306189324
12.2	6.9936786586856	0	0.012699010957065	0.16268678127412	0.42218145837926	0.12279547749761	0.0012878828119153	7.2655024842653e-05	0.22642301833707	0.13193775863358	0.22452497297688	0.8101575231354	0.12269914421116	0.0019655683132655	9.2331099102378
12.48	6.993762448026	0	0.012557579137873	0.16279629354468	0.42235375219944	0.12278716280907	0.0011998342896558	6.8357877016451e-05	0.2264114360364	0.13188695026371	0.22442939136085	0.8098359486038	0.12265226553649	0.0019272534107866	9.2326686730958
12.872	6.9938781786127	0	0.01236222077104	0.16294572819172	0.42258395535239	0.12277455327174	0.0010918483013962	6.2762006867319e-05	0.22639329601151	0.13181514443375	0.22429486292864	0.80938210211691	0.1225855009511	0.0018917259447794	9.2320618788945
13	6.9939155780958	0	0.01229908849487	0.16299376359104	0.42265677608086	0.12277023848195	0.0010599072722327	6.1056284172598e-05	0.22638697766045	0.13179154183359	0.22425077506947	0.80923309884839	0.12256345097826	0.0018833408824022	9.2318655935735
13.2	6.9939736313745	0	0.012201089758293	0.16306805473218	0.42276836481652	0.12276328721189	0.0010130815731646	5.8497620203666e-05	0.22637667833123	0.13175451478678	0.22418173773524	0.80899952735348	0.12252876604776	0.0018731469254988	9.2315603782668
13.48	6.9940541270883	0	0.012065203337641	0.1631706992412	0.42291997970106	0.12275316474085	0.00095332581842895	5.5153930863419e-05	0.22636145910393	0.13170238974437	0.22408479982651	0.80867108864103	0.12247976852039	0.0018641907355129	9.2311353504301
13.872	6.9941653121632	0	0.011877504755879	0.16331194245551	0.42312467996298	0.12273835350212	0.00087975267770099	5.092688834298e-05	0.22633883761283	0.13162889431947	0.22394858318151	0.80820872532749	0.12241040436446	0.00185902422152	9.230542941433
14	6.9942012431106	0	0.011816847846652	0.16335754089551	0.42318983999462	0.12273337913797	0.00085792064361162	4.965368204262e-05	0.22633116511015	0.13160477748439	0.22390399338412	0.80805718187156	0.12238758670548	0.0018586401398947	9.2303497700066
14.2	6.9942570174903	0	0.011722691560278	0.16342820163298	0.42329002926013	0.12272545448521	0.00082584354112689	4.7742668708831e-05	0.22631885787996	0.13156697761818	0.22383421428401	0.80781986235754	0.12235177540619	0.0018593319581048	9.2300480001428
14.48	6.9943343544445	0	0.011592133128701	0.16352600816897	0.42342667273645	0.1227140657965	0.00078476732380953	4.5290881196423e-05	0.22630100925275	0.1315138290336	0.22373632024827	0.8074865984095	0.1223013415554	0.0018629888132578	9.2296253797929
14.872	6.9944411783415	0	0.011411794031847	0.16366072816857	0.42361192255284	0.12269761902788	0.00073392630707437	4.2220632848345e-05	0.2262749615432	0.13143901768112	0.22359892048291	0.80701822100144	0.12223021566534	0.0018717503574429	9.229032475794
15	6.9944757000839	0	0.01135351543713	0.16370421727991	0.42367103028749	0.12269213676912	0.00071877492338777	4.1297074320962e-05	0.22626621884151	0.13141449986621	0.2235539800311	0.80686487668392	0.12220687745802	0.0018752314948651	9.2288383562309
15.2	6.9945292873378	0	0.011263050949614	0.16377157333061	0.42376200431156	0.12268343979379	0.00069644762934439	3.9908233657492e-05	0.22625227890309	0.13137610049091	0.22348368631863	0.80662489396711	0.12217030355067	0.0018814208087601	9.2285343956255
15.48	6.9946035922097	0	0.01113761161362	0.16386468305113	0.42388616619406	0.1226710057188	0.00066772587104176	3.8132810981495e-05	0.22623221102684	0.13132216586306	0.22338513569722	0.8062881876848	0.12211889801639	0.0018918804442997	9.2281073962019
15.872	6.9947062289536	0	0.010964343463476	0.16399260218978	0.42405456146568	0.12265314984505	0.00063193110685026	3.5905365712536e-05	0.22620315731135	0.13124635357597	0.22324693058907	0.80581549255533	0.12204657933437	0.0019088583748924	9.2275060941311
16	6.9947393976147	0	0.010908349933986	0.1640338033061	0.42410828537366	0.12264721794373	0.00062120442090972	3.5232429390325e-05	0.22619345246954	0.13122153194828	0.223201752447	0.80566084849979	0.12202288823567	0.001914767024205	9.227308731647
16.2	6.994790884681	0	0.010821432497366	0.16409749528194	0.42419092694893	0.12263782532623	0.00060533746432283	3.4217759377444e-05	0.2261780218384	0.13118268041344	0.22313111164678	0.80541893726921	0.12198579735746	0.001924574519284	9.2269992430037
16.48	6.9948622776803	0	0.010700911548655	0.16418526069788	0.4243035442174	0.12262442710665	0.0005848076843936	3.2915744722352e-05	0.22615588447597	0.13112815685962	0.22303212130654	0.80507972497604	0.1219337326423	0.0019398208635786	9.2265635858041
16.872	6.9949608927072	0	0.010534437111644	0.16430524486388	0.42445588676058	0.12260523206078	0.00055900071102657	3.12691801018e-05	0.22612395165528	0.13105159848881	0.22289338052649	0.80460386142917	0.12186060310609	0.0019630965713539	9.2259484551724
17	6.9949927616651	0	0.010480639052986	0.16434374336683	0.4245043799765	0.12259886394561	0.00055121385491117	3.0767941525534e-05	0.22611330820474	0.13102655067884	0.22284804491797	0.80444825757581	0.12183667164822	0.0019709696210964	9.2257461724502
17.2	6.9950422312717	0	0.010397129592433	0.16440307861243	0.42457882330999	0.12258878764104	0.00053964199117479	3.0009313682037e-05	0.22609640641949	0.13098736293734	0.22277717501597	0.80420491635059	0.12179922829864	0.0019838201670332	9.2254286109215
17.48	6.9951108268575	0	0.010281334188664	0.16448444161144	0.42467987839136	0.12257442430823	0.00052456406987965	2.9028537407969e-05	0.22607219296147	0.13093240203032	0.22267789600717	0.80386383420139	0.12174671333503	0.002003315408431	9.2249808519083
17.872	6.9952055777985	0	0.01012138709524	0.16459485760371	0.42481577972761	0.12255385677649	0.00050541451592893	2.7773861214473e-05	0.22603731028899	0.13085528919665	0.22253880596419	0.80338558511784	0.1216730282741	0.0020325439511271	9.2243472101715
18	6.9952361979162	0	0.01006969842504	0.16463008835433	0.42485883597026	0.12254703444917	0.00049958978072706	2.7388219629308e-05	0.22602569140452	0.13083007295353	0.22249336822259	0.80322925360918	0.12164893173381	0.0020423420488566	9.2241384930878
18.2	6.9952837289108	0	0.0099894633171661	0.16468414993329	0.42492467780641	0.12253623875679	0.00049088719768359	2.6801847940848e-05	0.22600724625992	0.13079063447967	0.22242235033548	0.80298482331138	0.12161124590748	0.002058248322245	9.2238104963863
18.48	6.9953496362051	0	0.0098782081747133	0.16475775686092	0.42501344526226	0.12252084521948	0.00047945654755944	2.6036674887489e-05	0.2259808264399	0.13073534654046	0.22232288609118	0.80264230749026	0.12155842041724	0.0020821499258127	9.2233473218497
18.872	6.9954406733984	0	0.0097245324954003	0.16485658273541	0.42513160214963	0.12249878713336	0.00046477067920265	2.5044746121657e-05	0.22594275990476	0.13065781704409	0.2221835741695	0.8021622119175	0.12148435077034	0.0021177612855696	9.2226904684292
19	6.9954700931878	0	0.0096748705058858	0.16488785795565	0.42516873289464	0.12249146606582	0.00046026393980261	2.4736629549015e-05	0.22593007778801	0.13063247366869	0.22213807211136	0.80200531317332	0.12146013960617	0.0021296594288233	9.2224737569555
19.2	6.9955157607852	0	0.009597781365515	0.16493554267688	0.42522514511853	0.12247987482821	0.00045349119130072	2.4265874221306e-05	0.22590993956827	0.13059284533225	0.22206696164998	0.80176002994216	0.12142228507465	0.0021489326211285	9.2221328560283
19.48	6.9955790839061	0	0.0094908884639617	0.1649997914734	0.42530033894068	0.1224633314764	0.00044451858540816	2.3645596538159e-05	0.22588107927498	0.13053730847987	0.22196738279931	0.80141638369716	0.12136924287207	0.0021777440089408	9.2216507395749
19.872	6.9956665508461	0	0.0093432383015655	0.16508468244612	0.42539872784067	0.12243959267454	0.00043285032594031	2.2830868265566e-05	0.22583945895093	0.1304594593871	0.22182793604761	0.80093481852166	0.12129490364159	0.0022205277975885	9.2209655776497
20	6.9956948166166	0	0.0092955235274704	0.16511121523389	0.42542922471996	0.12243170585047	0.00042923688583821	2.2575212198567e-05	0.2258255837985	0.1304340179047	0.22178239554572	0.80077746522382	0.12127061186002	0.0022347920711438	9.2207391644503
20.2	6.9957386926293	0	0.0092214570026599	0.16515127351526	0.4254750527473	0.12241920891901	0.00042377445735893	2.2182971858354e-05	0.22580353979679	0.13039424241377	0.22171123044856	0.80053149544499	0.12123263839899	0.0022578572572114	9.2203826460031
20.48	6.9957995310132	0	0.0091187553007258	0.16520437815685	0.42553496832439	0.12240135119184	0.00041647546134977	2.1661650018522e-05	0.22577192275692	0.13033851134235	0.22161158540822	0.80018693346534	0.12117944289895	0.0022921801673267	9.2198776971375
20.872	6.9958835648027	0	0.0089768943982328	0.16527278192688	0.42561106131783	0.12237568435837	0.00040687056901231	2.0969202379722e-05	0.22572627663097	0.13026041046886	0.22147206361089	0.79970416739848	0.12110491203896	0.0023429439766219	9.2191586007002
21	6.9959107208132	0	0.0089310504898501	0.16529373116519	0.42563407218364	0.12236714764916	0.00040387008335216	2.0750069616393e-05	0.22571104873293	0.13023489113287	0.22142650246029	0.79954644033404	0.12108056274359	0.002359819916928	9.2189206077747
21.2	6.9959528738922	0	0.0088598880648881	0.16532484555826	0.42566796085354	0.12235360988495	0.00039930893219255	2.0412903445311e-05	0.22568684336465	0.13019499826881	0.22135530885305	0.79929990376153	0.12104250422622	0.002387039442932	9.2185454980067
21.48	6.9960113226377	0	0.0087612132273178	0.16536496448102	0.42571066746577	0.12233424235865	0.00039316541858867	1.9961831643817e-05	0.22565210219746	0.13013911108087	0.22125563102354	0.79895458145782	0.12098919869085	0.002427321246757	9.218013483118
21.872	6.9960920544895	0	0.0086249145909901	0.1654143426078	0.42576174158055	0.1223063665322	0.00038499323754007	1.9357948293289e-05	0.22560190683805	0.13006080559814	0.22111607551474	0.79847081066111	0.12091452957743	0.0024865191432955	9.2172544183197
22	6.9961181431219	0	0.0085808681921961	0.1654288956485	0.42577638187519	0.12229708740033	0.00038242033639684	1.9165717230281e-05	0.22558515504242	0.13003522247281	0.22107050603483	0.79831276918229	0.12089013863261	0.0025061073594207	9.2170028610161
22.2	6.9961586390351	0	0.0085124959983168	0.1654498218541	0.42579696188807	0.12228236355018	0.00037848990182966	1.8869582038673e-05	0.22555852106719	0.12999523290773	0.22099930203352	0.79806575421164	0.12085201837111	0.0025375802666257	9.2166060506675
22.48	6.9962147893131	0	0.0084176901335763	0.1654752805034	0.42582059075535	0.12226128360755	0.00037315897003432	1.8471838617548e-05	0.22552028619375	0.12993921603426	0.22089961462879	0.79771978707499	0.12079863267203	0.0025838206254712	9.2160426223509
22.872	6.9962923451692	0	0.0082867356707368	0.16550346827601	0.42584418486029	0.12223092314251	0.00036600177486716	1.79371437103e-05	0.22546504561273	0.12986073861719	0.22076005421908	0.79723515876165	0.1207238623378	0.0026511260482823	9.215237581634
23	6.9963174071449	0	0.0082444163018156	0.16551096896862	0.42584969874297	0.12222081472119	0.00036373358860221	1.776643378119e-05	0.22544661543807	0.12983510142447	0.22071448501035	0.7970768477319	0.12069944079027	0.0026732428001393	9.2149705390971
23.2	6.9963563091303	0	0.0081787249353508	0.16552074698511	0.42585585195487	0.12220477315486	0.00036025444462142	1.7503525799992e-05	0.22541732095852	0.12979502945737	0.22064328329792	0.79682942155758	0.12066127506901	0.0027085839164985	9.2145490783878
23.48	6.996410248707	0	0.0080876363435125	0.16553035489151	0.42585899431559	0.12218180768846	0.00035550851788882	1.7149881551073e-05	0.22537529240293	0.12973890120648	0.22054360263758	0.79648289806929	0.1206078301657	0.002760022169229	9.2139502469967
23.872	6.9964847500244	0	0.0079618165143456	0.1655360345956	0.42585350445704	0.12214874910722	0.00034908873528394	1.6674083156562e-05	0.22531464746502	0.12966027453339	0.2204040576977	0.79599752631497	0.12053298476572	0.0028339125458221	9.2130940208396
24	6.9965045087604	0	0.0079278373294566	0.16553642946314	0.42584687987333	0.12213697196872	0.00034454739226523	1.6432228762352e-05	0.22529292687449	0.12963443405533	0.22035828761532	0.79583894962237	0.12050854172709	0.0028619217821908	9.2128086686929
24.2	6.9965512758689	0	0.011904284931978	0.1655336101427	0.42584869265305	0.12212290887178	0.00034823840908513	1.6313789219715e-05	0.22526745953585	0.12959484835453	0.22028803095022	0.7955909983896	0.12047032817002	0.0028800087049598	9.2164169987719
24.48	6.9966481706338	0	0.017418079355012	0.16552402163148	0.42586179660177	0.12210730819471	0.0003737464406201	1.7048603219619e-05	0.22523985397497	0.12954059464877	0.22019104713146	0.79524458444568	0.12041688678572	0.0028862903846889	9.2214694288319
24.872	6.9968446746263	0	0.025034223909472	0.16550189606467	0.42588649182253	0.12208795028256	0.00044432271222669	1.9799086892159e-05	0.22520615640655	0.12946616826587	0.22005653230081	0.79476390265153	0.12034250087883	0.0028903928256098	9.2285450118339
25	6.9969239883812	0	0.027495472275801	0.16549285649784	0.42589572500369	0.12208186013854	0.00047478972828949	2.1062077842136e-05	0.22519561643173	0.12944220937427	0.22001287301449	0.79460881947939	0.12031841120001	0.0028918544929771	9.2308555380961
25.2	6.9970534230092	0	0.027276388674194	0.16547754121274	0.42590166765414	0.1220695471966	0.0005226093478631	2.3235458034895e-05	0.22517359918785	0.12940458859467	0.21994408448777	0.79436867393597	0.12028100165125	0.0029121853827139	9.230408545793
25.48	6.9972328899289	0	0.026972604086869	0.16545364476748	0.42589470718418	0.12204748631308	0.00058196103186555	2.6016835812454e-05	0.22513325049859	0.12935141282689	0.21984690101773	0.79403675344989	0.120229116168	0.0029656070699855	9.2297723511793
25.872	6.9974807842162	0	0.026552989078245	0.16541459541117	0.4258751828056	0.12201333157293	0.00065188691076107	2.9225335160914e-05	0.22507035142499	0.12927693003781	0.21971088683772	0.79357937844027	0.1201573267233	0.0030456881784775	9.2288585569726
26	6.9975608934989	0	0.026417386111117	0.16540054725922	0.4258681845374	0.12200191191115	0.00067187051150683	3.01337037271e-05	0.22504928652511	0.12925271848682	0.21966661722856	0.79343156826571	0.12013406468497	0.0030699757116278	9.2285551584358
26.2	6.9976852472489	0	0.026206892768785	0.1653771518119	0.42585705776236	0.12198395848152	0.00070045401611001	3.1421794571348e-05	0.22501615276894	0.1292150408854	0.21959762256647	0.79320202699835	0.1200978831042	0.0031056254086883	9.2280765356162
26.48	6.9978576825311	0	0.025915019641449	0.16534147348489	0.42584108992681	0.12195871564605	0.00073551385002392	3.2983589366906e-05	0.22496954294623	0.12916265372585	0.21950139868252	0.79288326733011	0.12004753336437	0.0031512731924106	9.2273981479112
26.872	6.9980958755147	0	0.025511857941999	0.16528644681145	0.42581874252992	0.12192328673756	0.0007760129126863	3.4769328704538e-05	0.22490409412609	0.1290900484615	0.21936735653147	0.79244137832073	0.11997755750761	0.0032069345465864	9.226434361271
27	6.9981728513792	0	0.025381571935837	0.16526741672991	0.42581148576196	0.12191170925041	0.00078738171138244	3.5268841945656e-05	0.22488270132999	0.12906651191567	0.21932373311843	0.79229799532752	0.11995481533959	0.0032232137840067	9.2261166564259
27.2	6.9982923414283	0	0.025179332009459	0.16523656481258	0.4257999494598	0.12189354343452	0.00080342679799871	3.5973252002183e-05	0.22484911938547	0.12902990143981	0.21925570686366	0.79207478627288	0.11991937895184	0.0032474672606795	9.225617491369
27.48	6.9984580322273	0	0.024898903222975	0.16519115401823	0.42578302847286	0.12186797505948	0.00082266670823788	3.6805373402302e-05	0.22480182781285	0.12897896264862	0.21916072158512	0.79176379981167	0.11986994741365	0.0032796014821148	9.2249134258365
27.872	6.9986869071311	0	0.024511549550084	0.1651238030589	0.42575847956095	0.12183204125797	0.00084402819894003	3.7714575191522e-05	0.22473533764952	0.12890819357282	0.2190281676184	0.79133090591593	0.11980104111573	0.0033201039922917	9.2239182731978
28	6.9987608717171	0	0.024386372017711	0.16510103278791	0.42575027116482	0.12182028388402	0.00084980094275791	3.7957785477394e-05	0.22471357761231	0.12888519924345	0.21898497326911	0.79119005317948	0.11977860167842	0.0033321921099763	9.2235911873925
28.2	6.9988756868516	0	0.024192061867715	0.16506463464159	0.42573711492661	0.12180185004366	0.00085770798292011	3.8289541130329e-05	0.22467945127871	0.12884937618122	0.21891756353247	0.79097041950964	0.11974359487001	0.0033503526494954	9.2230781038768
28.48	6.999034894177	0	0.023922628641226	0.1650120579273	0.42571769127128	0.12177592197841	0.00086669347302531	3.8657259880143e-05	0.22463143386933	0.12879941717663	0.21882333890574	0.79066373100879	0.11969468363521	0.0033747314353492	9.2223558807591
28.872	6.9992548112162	0	0.023550463068819	0.16493573246231	0.42568904767911	0.12173946062523	0.00087567573942722	3.9010422521648e-05	0.22456388754905	0.12872979008773	0.21869167082797	0.79023563214204	0.11962636596746	0.0034060013385233	9.2213375491264
29	6.9993258808383	0	0.02343019369844	0.16491025493193	0.42567935368088	0.12172752145408	0.00087783500461286	3.9091703123712e-05	0.22454176533046	0.12870711674984	0.21864872708662	0.79009608212418	0.11960408866785	0.0034154553846202	9.2210033666549
29.2	6.9994362017199	0	0.02324350238061	0.16486986068733	0.42566381853669	0.12170881787793	0.00088049370437196	3.9188037957867e-05	0.22450710319249	0.1286717459614	0.21858167277209	0.78987824019265	0.11956930719071	0.0034296693995715	9.2204796216537
29.48	6.999589176363	0	0.022984633546542	0.16481215621205	0.42564098190236	0.1216825328984	0.00088287910128102	3.9263243632645e-05	0.22445837927842	0.12862232606988	0.21848787796547	0.78957360427805	0.11952065915671	0.0034488128089306	9.2197432828247
29.872	6.9998004825973	0	0.022627060491371	0.16472945414019	0.42560728234272	0.12164556817826	0.00088391871441461	3.9267772681385e-05	0.2243898405367	0.12855328885895	0.21835669518966	0.78914759363013	0.11945262010048	0.0034735813531998	9.218706653906
30	6.9998687694403	0	0.022511506829165	0.16470206055061	0.42559586306919	0.12163346067541	0.00088376573892171	3.9247974432853e-05	0.22436738730812	0.12853077241725	0.21831388498147	0.78900855702424	0.11943041450784	0.003481132321404	9.2183668228384
