# Time [h]	MS [g/L]	Lignin [g/L]	Butyric [g/L]	Initial_Substrate [g/L]	Carbohydrates [g/L]	Substrate [g/L]	MO_AcidoLCFA [g/L]	MO_hydroM [g/L]	MO_Acetic [g/L]	Proteins [g/L]	AA [g/L]	MO_acetoM [g/L]	Propionic [g/L]	Carbondioxide [g/L]	MO_Propionic [g/L]	MO_ButyricValeric [g/L]	Valeric [g/L]	LCFA [g/L]	MO_AcidoMS [g/L]	Methane [g/L]	Hydrogen [g/L]	Lipids [g/L]	MO_AcidoAA [g/L]	Acetic [g/L]	Nitrogen [g/L]	NH4N [g/L]
0.2	0.043229156256821	116.48658000325	0.012086317770306	0	2.559760002848	0.1718420956442	1.3699340109232	3.2157785201077	1.0335917601543	0.91950821448237	0.026759767671211	1.8645655353679	0.028005823957191	0.7690873166927	1.1342160690713	1.9593291017094	0.0039483239153769	0.057316640592163	7.0224501503028	0.086760814415205	6.1022252545001e-06	0.75833516886352	1.0241853229404	1.2386308077725	2.1253725782149	2.0852912447354
0.48	0.038041161770917	116.4872911082	0.018083487665424	0	2.2783844710792	0.41012042703846	1.3696009618704	3.2518108891501	1.0373833092791	0.81793361433192	0.026809717224103	1.8769770966394	0.053912439438463	0.69315532550817	1.1360327754601	1.9624133765621	0.0063799676306194	0.11708417537135	7.0428232133415	0.1085821158706	6.0342091815695e-06	0.67446354002134	1.0313860950675	1.0811741520676	1.7071398854999	1.7039602435965
0.872	0.0320645134724	116.48933475476	0.017374460261192	0	1.9393052088947	0.73923326072394	1.3693075209435	3.301828188715	1.0425997713328	0.69485953205225	0.022348973910218	1.8938622846049	0.065784079429985	0.57122243515148	1.1396370692251	1.9673284523881	0.0061922986190147	0.17624656904887	7.0669757584416	0.11879411989551	5.3968105800022e-06	0.57270471838183	1.0404134289428	0.89293781323119	1.299402679464	1.2993516330319
1	0.03032228527333	116.49028295455	0.01662109308185	0	1.8404550724674	0.84560739064669	1.3692470558244	3.3174878414685	1.0442796340438	0.65881413683628	0.020970502494914	1.8992501283955	0.066407065078913	0.5346198040575	1.1408727214398	1.9688177497341	0.0059252778384894	0.19036086701535	7.0739311007623	0.11969085586847	5.1085744303423e-06	0.5428687383159	1.0430493581538	0.83580907786709	1.1902039472361	1.1902028942336
1.2	0.028056050126992	116.49183666544	0.015689761809871	0	1.6965819230502	0.8388698809763	1.3691945801432	3.3413034341929	1.0468610990475	0.60629114322207	0.019358365932565	1.907445728758	0.068036672710224	0.55577542058169	1.1428460201638	1.971016817702	0.0056424223037321	0.22106906519268	7.0840050594142	0.12005483201428	4.7498627586343e-06	0.49938171169503	1.046911141873	0.72074494412521	1.0385208695686	1.0385208552547
1.48	0.024931685513441	116.49397795003	0.01410639723591	0	1.5145057395513	0.82952774075352	1.3692176691472	3.3729883640351	1.0503515028494	0.53983561211396	0.017014846679362	1.9183035819926	0.066254371973857	0.48635527286227	1.145622726626	1.973804055597	0.0051031329940205	0.25648700763238	7.0965003736852	0.11605785658477	4.1926081563551e-06	0.44436187454768	1.0517831596768	0.57372828852494	0.85873561769655	0.85873560784016
1.872	0.02116477566889	116.4969126069	0.011939403322518	0	1.2931981593541	0.81662393797323	1.369455213914	3.4134828845447	1.0548779101328	0.45908776793864	0.014199102281999	1.931841682318	0.059392416022829	0.40535987129337	1.1492888242133	1.9770699811326	0.0043367079661671	0.29456356236954	7.1111438577279	0.10589282570306	3.4466568517868e-06	0.37751446310522	1.0576156068565	0.39881194277526	0.65871837371591	0.65871836807947
2	0.02005606910957	116.49789048749	0.011291810974748	0	1.2282173198799	0.81245367678823	1.3695832097117	3.4257313297453	1.0562587248517	0.43538496547144	0.013377109345431	1.935834376134	0.056676549853247	0.38350313997515	1.1504009658459	1.97799090516	0.0041067592392087	0.30449747729783	7.1153103249296	0.10195036348687	3.2061352208347e-06	0.35789331611004	1.0593063838947	0.34992484345556	0.60368468550386	0.60368468066331
2.2	0.018465213939313	116.49940337961	0.010349187895556	0	1.1334516280749	0.80598033945113	1.3698484090619	3.4437741380041	1.0582662169951	0.40082440057196	0.012215013941536	1.9414776010789	0.052271449324358	0.39936077027618	1.1520388258975	1.9792904403386	0.0037693049519459	0.32060869544991	7.1212445360727	0.095335085522999	2.866178831239e-06	0.3292854723062	1.0617466538153	0.27829362164201	0.52686332474766	0.52686332085903
2.48	0.016466862337011	116.50149280476	0.0091737180270213	0	1.0135044878846	0.79700443177963	1.3703691607468	3.4667288673829	1.060740940337	0.35709375707854	0.010778698451798	1.9481492879525	0.046140210787764	0.34721785907922	1.1541134676873	1.9808475372765	0.0033457919994633	0.33861100515207	7.128472608845	0.083474547224768	2.4406051459901e-06	0.29308969257429	1.0647873175828	0.20519199261795	0.43567477082691	0.43567476788404
2.872	0.014059161148826	116.50436368362	0.00777150541722	0	0.86767880630939	0.78460634415821	1.371399253308	3.4947578125718	1.063595125218	0.30395381713461	0.0090763894305747	1.9554766541939	0.038306710337972	0.28150708914611	1.1565841719287	1.9825734690455	0.0028370050506801	0.35584809392634	7.1367165662168	0.067760166901279	1.9850263638849e-06	0.24911095518789	1.0683934620216	0.14575025886816	0.33431405061285	0.334314048546
3	0.013351040999969	116.50530342464	0.0073637952660761	0	0.82485479414597	0.7805995667057	1.3718011367398	3.5030724487809	1.0644173504331	0.28835473280511	0.0085787590519269	1.9575254344081	0.035979495692235	0.26410141082774	1.1572917440406	1.9830394486886	0.0026888714752614	0.35978392098538	7.1390029902282	0.063393022785879	1.8665796020663e-06	0.23620237377945	1.0694306783203	0.13281626795924	0.30644164948803	0.30644164763618
3.2	0.01232983683685	116.5067593853	0.0067731070993984	0	0.76239330205565	0.7743799809155	1.3725036214726	3.5152573645959	1.0655873134335	0.2656089577345	0.0078676792145304	1.9603835721635	0.032610377519276	0.26769248817519	1.1582987579661	1.9836760869157	0.0024729254721261	0.36740445343146	7.142197012457	0.05787708271412	1.6972831258732e-06	0.2173810407162	1.07091982582	0.10864172464284	0.26754355940165	0.26754355783389
3.48	0.011044153647509	116.50877376966	0.0060350286741595	0	0.68331751593584	0.76575589327551	1.3736401298267	3.5307846931464	1.0670158921677	0.236825886155	0.0069814875461765	1.9637691252556	0.028464693107811	0.23402191173028	1.1595205431165	1.9843959826664	0.0022020036406164	0.37504445007399	7.1459580357638	0.050413451091687	1.4979312392113e-06	0.1935666347326	1.0727586700182	0.086477882956747	0.22137515875678	0.22137515750435
3.872	0.0094914908937504	116.51154848298	0.0051500911774488	0	0.58714937184029	0.75384369344563	1.3755045429765	3.5500465967129	1.0687024892807	0.20184581689736	0.0059222861079194	1.9676460450433	0.023659794604458	0.19650432085774	1.1609031031545	1.9851071951269	0.0018756993889117	0.38058610512822	7.1499889004456	0.042620209186145	1.2896575025873e-06	0.16462988260028	1.0749064766989	0.069836333442615	0.17002902468372	0.17002902375713
4	0.009035130137755	116.51245040937	0.0048920192694563	0	0.55890103145664	0.74999399272762	1.3761707287538	3.5558375467262	1.0691986807943	0.19157683896935	0.0056122265811564	1.9687689430591	0.022291221158751	0.18691975164742	1.1612847127425	1.9852754681383	0.0017804629227076	0.38132892514292	7.1510377265913	0.040628646244558	1.2329641000019e-06	0.15613622707851	1.0755156043037	0.066250061870657	0.15590123599285	0.15590123515172
4.2	0.0083753806682003	116.51384907116	0.0045172713737637	0	0.51769105637264	0.74401822111663	1.3772736400641	3.5643959542542	1.069909919532	0.17660217298313	0.0051664219779458	1.9703529892065	0.020324367723264	0.18694300295127	1.1618144424579	1.9854785897756	0.0016416174031664	0.38295163390145	7.1524273109118	0.038476145836621	1.1453576798557e-06	0.14375165120866	1.0763812230414	0.057486857102861	0.13618021734509	0.13618021662042
4.48	0.0075441725200619	116.51578613445	0.00404755827735	0	0.46550359426922	0.73573218454965	1.3789421883269	3.5754373230626	1.0707850219309	0.15765093054535	0.0046083779508826	1.9722616528593	0.017934752693399	0.16769264247111	1.1624321571841	1.985650750841	0.0014671453961341	0.38335437283173	7.1539045329855	0.035101521608768	1.044575354416e-06	0.1280807817109	1.0774316568571	0.050323798237752	0.11276429062461	0.11276429003412
4.872	0.0065401235965124	116.51845759001	0.0034826474106173	0	0.40200552992853	0.72428687299474	1.3814817394091	3.5894164623086	1.0718474685736	0.13461584743875	0.0039385766316637	1.9745457825033	0.015168562541834	0.14696589865563	1.1630855419078	1.9856973212174	0.001256699468983	0.3808728043475	7.1551589214261	0.03145245651177	9.3827495415684e-07	0.10903766577263	1.0786220955315	0.044823572386372	0.086689123083173	0.086689122637124
5	0.0062452217886606	116.51932313814	0.0033176809370957	0	0.383346565198	0.7205880959066	1.3823526308757	3.5936777032818	1.072165408432	0.12785274260357	0.0037424278402976	1.975224819123	0.014377952513189	0.14161485044319	1.1632540497712	1.9856705121562	0.0011952147327222	0.37945803337105	7.1553920802839	0.030488599684057	9.0823655642281e-07	0.10344776122622	1.0789501686616	0.043494923523712	0.079507224025636	0.079507223618489
5.2	0.0058190820415333	116.52066591027	0.0030780402181403	0	0.35611839814942	0.71484658985002	1.3837545794974	3.6000383107026	1.0726280413732	0.1179895771816	0.0034596543050239	1.9762064188266	0.013237312547377	0.14102594291832	1.1634751127393	1.9855893661163	0.0011056484233596	0.37681263175277	7.1555920282761	0.02962437273667	8.6243098496305e-07	0.095296753931345	1.0794062104936	0.040550662748645	0.069474565490978	0.069474565137556
5.48	0.0052829412749281	116.52252641674	0.0027774966476074	0	0.32162202376925	0.70688536995643	1.3857936289954	3.6083772065692	1.0732146972737	0.10550539320332	0.003105197674443	1.9774420466322	0.011837556446828	0.12960747464846	1.1637058376223	1.9854020520729	0.00099311472769856	0.37212943785397	7.1555630340488	0.027849306434271	8.0899288071954e-07	0.084982088155042	1.0799385420114	0.037917190853973	0.05754716424668	0.057547163956212
5.872	0.004637372926527	116.52509377419	0.0024162136779408	0	0.27962045128833	0.69588868309309	1.3887618368711	3.619116614035	1.0739463115004	0.090327523156651	0.0026795848623087	1.9789757148783	0.010195845167604	0.11757860903489	1.163893731037	1.985011933421	0.00085751918882281	0.36408962160725	7.154985257454	0.025796458041727	7.490669842865e-07	0.072446357225889	1.0804995230964	0.035394055134953	0.044247477225773	0.044247477004353
6	0.0044480303388803	116.5259243241	0.0023107871121322	0	0.26727131299602	0.69233491618165	1.3897533361702	3.6224228103661	1.0741671052202	0.085870502517385	0.0025550248192368	1.9794374507902	0.0097231021628866	0.114441277238	1.1639262025471	1.984856890424	0.00081792830835513	0.36119313308036	7.1546800238704	0.025231365446735	7.3168621138614e-07	0.068766318047879	1.0806427837088	0.0347075168045	0.04058195392262	0.040581953720022
6.2	0.0041758906130642	116.52721304089	0.0021579279810077	0	0.24924352548605	0.68681849898397	1.3913202296307	3.6273902200674	1.0744914026517	0.079369611437024	0.0023756630153983	1.9801140966303	0.009039501800824	0.11448512173108	1.1639497614278	1.9845887630649	0.00076037817063748	0.35583410054524	7.1540944240769	0.024833470192322	7.0565760194729e-07	0.06339985067698	1.0808293918488	0.033363242653203	0.035459806091782	0.035459805915337
6.48	0.0038354389296564	116.52899902331	0.001966821665101	0	0.22638896682568	0.67916937703672	1.3935407968839	3.6339582055449	1.0749072051487	0.071139453980512	0.0021513168940021	1.9809799041104	0.0081953369245376	0.10733740222804	1.163931833948	1.9841647855238	0.00068826770885239	0.34798092323077	7.1530703290922	0.023689956907369	6.7431163672225e-07	0.056608155158467	1.0810207643997	0.032034688558376	0.0293689616674	0.029368961521831
6.872	0.0034298137079541	116.53146414376	0.0017384660697131	0	0.19853459392399	0.66860375996929	1.3966694296138	3.6424789316477	1.0754263409603	0.061130209080522	0.0018831751700767	1.9820608680236	0.0072004698740782	0.099909919414033	1.1638187920639	1.9834868143817	0.00060179628185418	0.3365963247206	7.1512811447279	0.022292569960166	6.3830743642982e-07	0.048352641467264	1.0811672888332	0.030656147089641	0.022580585058756	0.022580584947317
7	0.0033112678684239	116.53226102945	0.0016720999210121	0	0.1903382712112	0.6651893205588	1.3976921545695	3.6451126796116	1.0755823650381	0.058190183563149	0.0018048736571801	1.9823859860498	0.0069135317025017	0.097980011957877	1.1637629964042	1.9832471890403	0.00057662368069564	0.33283778174653	7.1506197578498	0.021897390184779	6.2781762058456e-07	0.045928805240122	1.0811888372587	0.030273865254427	0.020711010676358	0.020711010574267
7.2	0.0031435970370417	116.53349759756	0.0015764480304981	0	0.17836601711422	0.65988917314892	1.3992837667396	3.6490753456386	1.0758104953903	0.053901111839573	0.0016928776908834	1.9828615552239	0.0064996519909603	0.098589477824939	1.1636579721352	1.9828556361363	0.00054019939872685	0.32621960810571	7.1495142106469	0.021682567945075	6.1206097001957e-07	0.042393870370256	1.0811979338742	0.029531893853771	0.018101398003836	0.018101397914756
7.48	0.0029370647043397	116.53521142525	0.0014580039930635	0	0.1631744953367	0.65253992475192	1.4014891476147	3.654318202097	1.0760999855978	0.048469473060069	0.001553820528213	1.9834662606529	0.005989867307875	0.093885235433448	1.1634774135385	1.9822752736992	0.00049486288551039	0.31703220469925	7.1478309708604	0.020814456321825	5.930301867609e-07	0.037919443366367	1.0811645773337	0.028816034047875	0.015005412460927	0.015005412387228
7.872	0.0026975513059396	116.53757712601	0.0013186380933275	0	0.14463340343114	0.64238850126352	1.4045005358508	3.6611020217879	1.0764526329825	0.041860555025482	0.0013895174901471	1.9842073848479	0.0053935898534331	0.089163716883569	1.1631664479954	1.9814068321951	0.00044103948506149	0.30452121597729	7.1452384410959	0.019704076615855	5.7137955415751e-07	0.032479345301612	1.0810377838201	0.028118121469516	0.011571374529404	0.011571374472694
8	0.0026280487768337	116.538341589	0.0012785102082157	0	0.13917117124814	0.63910792845207	1.4054634780081	3.6631928784472	1.0765562602238	0.039918548819383	0.0013416947038216	1.9844264588874	0.0052225935670805	0.087974270257487	1.1630524219709	1.9811112009984	0.00042545692834301	0.30054709553023	7.1443406961388	0.019383200537248	5.6512174086542e-07	0.030881810838025	1.0809790495877	0.027934290297908	0.010629719144091	0.010629719092027
8.2	0.002533512562204	116.53952787119	0.0012213890916616	0	0.13118598179141	0.63401557566564	1.406938562535	3.6663270602483	1.0767044824522	0.037084650389011	0.0012742063932946	1.9847413905533	0.0049783624815816	0.089029122050525	1.1628623777506	1.9806378800115	0.00040307651713611	0.29388660360283	7.1428898327183	0.019236711808887	5.5570865030551e-07	0.028551631415558	1.0808710266167	0.027550033697475	0.0093213029740021	0.0093213029283843
8.48	0.0024208472026301	116.54117205061	0.0011518833043458	0	0.12104049081917	0.62695445235579	1.4089354036994	3.6704457921208	1.0768853336925	0.033494246882546	0.0011912679226497	1.9851296050284	0.0046809008179822	0.085878774050319	1.162574009678	1.9799538742131	0.00037545907626903	0.28491400999307	7.1407684406951	0.018486387532881	5.4455672883366e-07	0.025601498979575	1.0806893732296	0.027248602579166	0.0077818069916023	0.0077818069535556
8.872	0.0022961566025406	116.54344174532	0.0010718552601423	0	0.10863315657426	0.61720100168507	1.4115748962859	3.6757126616276	1.0770903384253	0.029122640751753	0.001093984607643	1.9855793817519	0.0043386676524957	0.082956428404715	1.1621316306109	1.9789592742958	0.00034292095651766	0.27315188776863	7.1376413417261	0.01750061242804	5.3237161210429e-07	0.022013429751286	1.0803822578848	0.027059499413484	0.0060995350975073	0.0060995350677172
9	0.0022597750948884	116.54417507823	0.001048985715597	0	0.10497185029158	0.61404904872185	1.412400044121	3.6773218655501	1.0771468387814	0.02783732664835	0.0010654234628729	1.9857060521218	0.0042412673334101	0.082277443669886	1.1619789519884	1.9786265917268	0.00033349290224495	0.26950765884877	7.1365862260638	0.017213924235427	5.2889521078257e-07	0.020959459339443	1.0802705779885	0.027027562386984	0.0056440213180374	0.0056440212904799
9.2	0.0022131287839823	116.54531310799	0.0010168285904805	0	0.09961317908961	0.60915634769131	1.4136451848779	3.67971758078	1.0772227217258	0.025960957725046	0.0010252149881678	1.9858797701081	0.0041045097296794	0.083701644487745	1.1617325812326	1.9780992972731	0.00031998857775899	0.26359258899825	7.1349054166175	0.017100222297363	5.2358366306533e-07	0.019421814815382	1.0800853819739	0.026889158330789	0.0050184458583924	0.005018445833899
9.48	0.0021580168845965	116.546890542	0.00097764039816332	0	0.092792343510393	0.60237206144163	1.4152969187873	3.6828355466678	1.0773052720973	0.023582183102098	0.00097470791751768	1.9860771307283	0.0039380383064312	0.08159432232802	1.1613731556734	1.9773471935699	0.00030308495894669	0.25577903390489	7.1324923047646	0.016424651146077	5.1741003916582e-07	0.017474449260024	1.0798061642645	0.0268845582167	0.0042966343763265	0.0042966343553656
9.872	0.0020934108792406	116.54906843111	0.00093105353625816	0	0.084427340428888	0.59300099764984	1.4174298535621	3.6867799227004	1.0773798957385	0.020682965642873	0.00091163080171334	1.9862751870436	0.0037430345731324	0.079910978684232	1.1608452144291	1.9762704926548	0.00028235130713656	0.24575999386325	7.1290097045825	0.015557968227825	5.1072587061849e-07	0.015104799332968	1.0793807928939	0.027035467290486	0.0035319642356879	0.0035319642184657
10	0.002072412543804	116.54977211752	0.00091713534263617	0	0.081953139902972	0.58997262434283	1.4180877055296	3.6879783846082	1.0773958240709	0.019829851640762	0.00089206882203293	1.9863237988601	0.0036858852494647	0.079585314853197	1.1606676317001	1.975913878434	0.00027609578829166	0.24269561715309	7.1278499929578	0.015313513615748	5.0873051898759e-07	0.014408440909841	1.0792344630719	0.027095268351469	0.0033298653722598	0.0033298653560251
10.2	0.0020431562980362	116.55086424186	0.00089718044299827	0	0.078326030509546	0.585271752523	1.4190749452163	3.6897597219717	1.0774110644323	0.018583708600965	0.00086293160126338	1.9863810770126	0.0036068297268638	0.081265548692509	1.1603853963687	1.9753520319082	0.0002669799694714	0.23774977677867	7.1260166766678	0.015268667943257	5.0530724627766e-07	0.0133922195318	1.0789989207121	0.02706824905113	0.0030577375249443	0.003057737510039
10.48	0.002001768060651	116.55237825606	0.00087019354174347	0	0.073697520728357	0.57875345859405	1.420380701732	3.6920799374906	1.0774149422963	0.017002463395752	0.00082283487763435	1.9864276717467	0.0035028029312038	0.079795110923696	1.1599816050232	1.9745569120155	0.00025463437140083	0.23123768394115	7.123410478751	0.014720791339292	5.0092008917898e-07	0.012104617717635	1.0786562765612	0.02716234022133	0.0027529985917316	0.0027529985783143
10.872	0.0019391733181888	116.55446899449	0.00083287556154071	0	0.067999055321157	0.56974980570067	1.4220769231701	3.695041804352	1.0773929966051	0.015072529963881	0.00076703289014314	1.9864408440786	0.0033641163769664	0.078854642852249	1.1594017033072	1.9734291939308	0.00023783661624067	0.22286016099847	7.1196930453025	0.014060717986501	4.9529720364392e-07	0.010536666144551	1.078154273735	0.027341963372625	0.00244264579176	0.0024426457798576
11	0.0019172791906312	116.55514457902	0.00082066568621534	0	0.066308167399572	0.5668401694985	1.4226046784712	3.6959505321006	1.0773805021551	0.014503963363641	0.00074905429280318	1.9864350310688	0.0033195993807537	0.078730453676019	1.1592092498569	1.9730578302319	0.00023245783946183	0.22028442240077	7.1184641874479	0.013884944443033	4.9342695444567e-07	0.010075620694612	1.0779854999443	0.027391308539845	0.0023628762269076	0.0023628762153944
11.2	0.0018822029755454	116.55619317938	0.00080280141601506	0	0.063823874254532	0.56232361040382	1.4234045657287	3.6973148038041	1.07735512296	0.013672770880171	0.00072129798848871	1.9864145338443	0.0032582075839595	0.080507755184669	1.1589058423625	1.9724748028403	0.00022456507242988	0.2160303006737	7.116530112597	0.013952581502711	4.899324416584e-07	0.0094025139707628	1.0777173545814	0.027327814631388	0.0022576098195855	0.002257609808586
11.48	0.0018300760796813	116.55764702169	0.00077628726944276	0	0.0606427680502	0.55606088692636	1.4244813069525	3.6991207155003	1.077309345355	0.012616689321432	0.00068208444946919	1.9863659122884	0.0031682727977034	0.079322216240359	1.1584761602635	1.9716533903774	0.00021326457281795	0.21036122898351	7.1137960479105	0.013566997434029	4.8492799802939e-07	0.0085490835888362	1.0773335480373	0.027313326462112	0.0021431464307041	0.002143146420263
11.872	0.001753305814127	116.55965494313	0.00073764847077817	0	0.056705711447769	0.54741025013265	1.4259195333947	3.7014849140589	1.0772301768681	0.011325127621847	0.00062831040888639	1.9862687887404	0.0030362734875033	0.078699210168315	1.1578659813088	1.9704942494273	0.00019743383698682	0.20293080102946	7.1099220911357	0.013117691477867	4.7802111893593e-07	0.0075087516789876	1.076781480906	0.027285677237127	0.0020304437237153	0.002030443713824
12	0.0017281713733775	116.56030380551	0.0007249842362365	0	0.055532474746697	0.54461469725221	1.4263759951253	3.7022233348333	1.0772014060184	0.010943990829713	0.00061145114592143	1.9862314321361	0.0029924241255599	0.078652264812204	1.1576648061107	1.9701137142926	0.00019237408107727	0.20061699316294	7.1086469040751	0.013003521032413	4.7573622833434e-07	0.0072025828525963	1.0765979743287	0.027265180523655	0.0020021722310689	0.0020021722213155
12.2	0.0016886536734054	116.56131097809	0.00070631316155157	0	0.053803643617083	0.54027522690014	1.4270770287204	3.7033461261339	1.0771533113825	0.010386151708995	0.00058592761969882	1.9861668275182	0.0029289762359441	0.080406130654528	1.1573487599437	1.9695173068148	0.00018490124585144	0.19666390945346	7.1066449397842	0.013163705549762	4.7173790414348e-07	0.0067553163002621	1.076308282554	0.027136782459698	0.0019655683132655	0.0019655683036907
12.48	0.0016334516059686	116.5627074671	0.00067961954895802	0	0.051579813553722	0.53425805686516	1.4280376626726	3.7048574754337	1.0770803755182	0.0096760829810955	0.00055127320174557	1.9860652283895	0.0028372641494405	0.079290632960292	1.1569030724887	1.9686788715864	0.00017455555397458	0.19133663448322	7.1038241105597	0.012892605400252	4.6595091719639e-07	0.0061876829813883	1.0758970661095	0.026992233140166	0.0019272534107866	0.0019272534013986
12.872	0.0015584730603264	116.56463631021	0.00064276889465016	0	0.048808592024288	0.52594659967178	1.4293484929098	3.7068768013367	1.0769697655416	0.0088052282370659	0.00050614521667193	1.9859061053641	0.0027070765675718	0.07875675343402	1.1562731967873	1.9674987976197	0.00016071333589229	0.18426200325059	7.0998430010256	0.012570628357741	4.5815253140979e-07	0.0054947044457446	1.0753114118518	0.026782344091558	0.0018917259447794	0.0018917259355647
13	0.0015349874751988	116.56525963493	0.00063112145429823	0	0.047978193552336	0.52326065783367	1.4297698560618	3.7075155796567	1.0769319165084	0.0085476392921989	0.00049238938848869	1.985850681232	0.0026650146773858	0.078729725843322	1.156066156435	1.9671120620129	0.00015642144939887	0.18204227392973	7.0985359548105	0.012490850169559	4.5565219596365e-07	0.0052905076904388	1.0751179910374	0.026709140912191	0.0018833408824022	0.0018833408732284
13.2	0.0014991350341766	116.56622718958	0.00061342146115937	0	0.046749924666771	0.51909133395333	1.4304215327384	3.7084944282151	1.0768709404552	0.0081700126868113	0.00047175500164247	1.9857603362389	0.002599983062116	0.080429639754693	1.1557413577787	1.9665064713618	0.00014989372939266	0.17819117569303	7.0964870820481	0.012700403983977	4.514699345139e-07	0.0049919471292017	1.074813737261	0.026545777645515	0.0018731469254988	0.0018731469163747
13.48	0.0014509088175924	116.56756878481	0.00058964856050286	0	0.045160822194955	0.51331009106764	1.4313219231684	3.7098243833426	1.0767821468496	0.0076881114389432	0.00044478976502758	1.985626834245	0.0025111632618707	0.079314994032543	1.1552841205647	1.965656138829	0.00014132625577247	0.17297793613175	7.0936060407107	0.012486062102875	4.4546319440738e-07	0.0046125206510867	1.0743839343894	0.026333898343697	0.0018641907355129	0.0018641907264325
13.872	0.0013877209930127	116.56942186939	0.00055858585360439	0	0.043163458785945	0.50532451690025	1.4325608987325	3.7116199996753	1.0766522237028	0.007094779658879	0.00041070071244339	1.9854284001125	0.0023925779706219	0.078807614423403	1.154639423855	1.9644612559782	0.00013041887221062	0.16602357575928	7.089550222171	0.012223519508836	4.3750914671388e-07	0.0041483272802145	1.0737754768813	0.02603761107534	0.00185902422152	0.0018590242124648
14	0.0013682050980835	116.57002071851	0.0005490208522927	0	0.042560836942292	0.50274388873114	1.4329608850483	3.7121915789002	1.0766085889296	0.0069187148678357	0.00040043291969855	1.9853610974574	0.0023555374087944	0.078788915354924	1.1544278726701	1.9640701174046	0.00012711715174627	0.16383656899253	7.0882208936102	0.012159458165827	4.3499812346569e-07	0.0040113048468722	1.0735753219779	0.025940718370986	0.0018586401398947	0.0018586401308413
14.2	0.0013387559260932	116.57095029151	0.00053416789779088	0	0.041665346849585	0.49873804062558	1.4335807160787	3.7130704321064	1.0765390744317	0.0066600285574749	0.00038502152184541	1.9852531392979	0.0022965477096255	0.080448645019404	1.1540962948963	1.9634580200352	0.00012199083409704	0.16005753481678	7.0861391434872	0.012391601005466	4.3081509494596e-07	0.0038107151568836	1.0732611877736	0.025754964090442	0.0018593319581048	0.0018593319490481
14.48	0.0012996135118569	116.57223924074	0.00051488556710656	0	0.040498642124414	0.49318347527537	1.4344386681488	3.7142690590917	1.0764391736535	0.0063287687403994	0.00036524904190664	1.9850965723925	0.0022188822090426	0.079330430957908	1.1536300792421	1.9625993004234	0.00011546675660982	0.15493859459165	7.0832157755219	0.012202399404745	4.2484171787221e-07	0.0035553045419533	1.0728187855737	0.025511211793232	0.0018629888132578	0.0018629888041833
14.872	0.0012487061017036	116.57401963903	0.0004903402844095	0	0.039017069422974	0.48551100796265	1.4356204225313	3.715894057481	1.0762949037533	0.0059187605409224	0.00034048897458343	1.9848680837123	0.0021190012909634	0.078845681773486	1.1529738393081	1.9613940393237	0.0001073749372606	0.14810883546222	7.079107201767	0.011965734685128	4.1695841573094e-07	0.0032419052245884	1.0721948742574	0.025177894553133	0.0018717503574429	0.0018717503483256
15	0.0012329719900387	116.5745950014	0.00048285467083664	0	0.038566462427483	0.48303156439886	1.4360019059641	3.7164125463815	1.0762468137642	0.0057965719628046	0.00033304092194324	1.9847913933466	0.0020883910322379	0.078836194808468	1.1527587707562	1.9609998248342	0.00010495112642006	0.14596145979889	7.0777620761748	0.01190850521648	4.1448036623731e-07	0.0031491676702184	1.0719901531406	0.025070890376316	0.0018752314948651	0.0018752314857308
15.2	0.0012092725561517	116.5754881223	0.00047111762714283	0	0.03789326637491	0.47918278265639	1.4365927485141	3.7172105641365	1.0761705245069	0.0056165131398741	0.00032184059401203	1.984669113185	0.0020392335653422	0.080471809819092	1.1524219341308	1.9603832133213	0.00010115502468512	0.14227855476973	7.0756569646238	0.012150774242052	4.1031269323632e-07	0.0030131756276576	1.0716693293918	0.024870496267818	0.0018814208087601	0.0018814207995956
15.48	0.0011777401960142	116.57672653683	0.00045603233729218	0	0.037009124000413	0.47384600753702	1.4374095004485	3.7182997034566	1.0760614536737	0.0053848860567884	0.0003075226692056	1.9844930791828	0.0019755138928646	0.079359326325399	1.1519488233602	1.9595187341862	9.6374946322011e-05	0.13729478972247	7.0727034007439	0.011972283930428	4.0436504538174e-07	0.0028395556493042	1.0712184036525	0.024608864250703	0.0018918804442997	0.0018918804350842
15.872	0.0011365193335721	116.57843714923	0.00043690953069882	0	0.03587335262167	0.46647437131669	1.4385315981559	3.7197768549621	1.0759048232022	0.0050962186036311	0.00028955940090755	1.9842382220293	0.0018946994828728	0.07890675174933	1.151283803298	1.958306408676	9.0485245143145e-05	0.13065698863192	7.0685569522398	0.011745878656121	3.964711311825e-07	0.0026256457705693	1.0705840292489	0.02425399263082	0.0019088583748924	0.0019088583655941
16	0.0011236922134075	116.57898996024	0.00043106911602376	0	0.03552484815824	0.46409214509825	1.438893011457	3.7202481173128	1.0758527889801	0.0050097130718526	0.00028413249508327	1.9841530918381	0.0018700647765025	0.078909720516788	1.1510660697218	1.9579101091842	8.8722015386422e-05	0.12857302136326	7.0672004254367	0.011691203204353	3.9398828673968e-07	0.0025621354392584	1.0703762125936	0.024140534156336	0.001914767024205	0.0019147670148779
16.2	0.0011043271856281	116.57984807802	0.00042186036571868	0	0.035001149958857	0.46039427146458	1.4394517129994	3.7209730434117	1.0757703975985	0.0048817537445389	0.00027594967239874	1.9840177354246	0.0018303612049978	0.080534497646042	1.1507252667846	1.957290453042	8.5948046708791e-05	0.12500916143923	7.0650783970984	0.011937565982307	3.8976245045641e-07	0.0024687863106005	1.0700508540128	0.023929195857916	0.001924574519284	0.0019245745099091
16.48	0.0010784016237467	116.58103796134	0.00041000158390331	0	0.034307418877995	0.45526674750769	1.4402215850691	3.7219609141877	1.0756528693566	0.0047161910031742	0.00026544955421252	1.9838235480348	0.0017790385172758	0.079437383503424	1.1502469899966	1.9564221167241	8.2454406704255e-05	0.12019571442084	7.062102850667	0.011762418210406	3.8371911963989e-07	0.0023491781094203	1.0695941459851	0.023652740554235	0.0019398208635786	0.0019398208541293
16.872	0.0010441728018469	116.58268154512	0.00039486462210918	0	0.033405395399762	0.44818414756876	1.4412740777534	3.7232972522858	1.0754844917612	0.0045080702502142	0.00025217080727258	1.9835434355726	0.001713911532831	0.079028251205372	1.1495754253404	1.9552050923376	7.8131679214162e-05	0.11380408932889	7.0579286090278	0.01153769317868	3.7562482258521e-07	0.0022010042136178	1.0689526588253	0.023277020399806	0.0019630965713539	0.0019630965617911
17	0.0010334258521836	116.58321269442	0.00039020918668188	0	0.03312608470883	0.44589532693174	1.4416117839196	3.7237226313728	1.0754286311018	0.0044452730234772	0.00024812856068979	1.9834500719714	0.0016939981113207	0.079047215483229	1.1493557077091	1.9548074115611	7.683085133663e-05	0.1118022444055	7.0565636629457	0.011483095762434	3.7307515779492e-07	0.0021568142646456	1.0687427337563	0.023156750114116	0.0019709696210964	0.0019709696114952
17.2	0.0010171411188488	116.58403718786	0.00038283361997927	0	0.032703879715942	0.44234244451427	1.4421322685301	3.7243756430701	1.0753402424652	0.0043519515417322	0.00024201059420998	1.9833018106973	0.0016617957256391	0.080672018988075	1.1490119555907	1.9541857457541	7.4776316166147e-05	0.10837396727951	7.0544290907946	0.011730133773378	3.6868175879405e-07	0.0020916630534783	1.0684142833214	0.022933162824649	0.0019838201670332	0.0019838201573694
17.48	0.0009951692200583	116.58518044762	0.00037326901121833	0	0.032139776278692	0.4374159673062	1.4428459790477	3.7252620911523	1.0752142483178	0.0042303554022552	0.00023410110812879	1.9830894119427	0.0016200001189639	0.079597059725565	1.1485298423712	1.9533148772559	7.2174153978987e-05	0.10375631937931	7.0514371421175	0.011553663544809	3.6239026708175e-07	0.0020077889203717	1.0679536257459	0.022639104276968	0.002003315408431	0.0020033153986721
17.872	0.00096583851543715	116.58675962997	0.00036091893344892	0	0.031397559570601	0.4306110710443	1.4438145403834	3.7264542081369	1.0750338313727	0.0040759235155559	0.00022398275172962	1.9827834235876	0.0015665310623866	0.079240955852802	1.1478534140057	1.9520947891596	6.8922173809515e-05	0.097650642913669	7.0472419747179	0.011324797177691	3.5389264465067e-07	0.0019031407368552	1.0673072655623	0.022237653382436	0.0020325439511271	0.0020325439412256
18	0.00095654500652879	116.58726996527	0.00035708579973673	0	0.031165719715146	0.42841199364253	1.4441235820555	3.726831894476	1.0749739863962	0.0040289498445731	0.00022087273894603	1.9826815035484	0.0015500625915739	0.079279114355417	1.1476322188906	1.9516962124788	6.793529214393e-05	0.09574470868484	7.0458706456946	0.011268538392727	3.5121483443277e-07	0.0018717519700898	1.0670958924018	0.022108906575465	0.0020423420488566	0.0020423420389073
18.2	0.0009424108466541	116.58806214851	0.00035098457494509	0	0.030813312754875	0.42499841747832	1.4445978064324	3.7274094544422	1.0748792873403	0.0039587677232547	0.00021614393500684	1.9825197040344	0.0015233322566721	0.080912208183055	1.1472862673655	1.9510732485569	6.6369701728365e-05	0.0924731502869	7.0437265202752	0.011514013799246	3.4654876802177e-07	0.0018252927758186	1.0667653149779	0.021869650937768	0.002058248322245	0.0020582483122181
18.48	0.00092319734671771	116.58916060342	0.00034300503949155	0	0.030338689431906	0.42026510418835	1.4452434812362	3.7281881163356	1.0747442563112	0.0038665850609632	0.00020997318457653	1.9822879512271	0.0014883930427683	0.07986318267536	1.1468012854426	1.9502007551858	6.4370089493648e-05	0.088082644408398	7.0407219955286	0.011332730827885	3.3987419864217e-07	0.0017651238650633	1.0663019334845	0.021553596806753	0.0020821499258127	0.0020821499156693
18.872	0.00089728970935559	116.59067788997	0.00033257201023571	0	0.029707413012199	0.41372702316845	1.446110374872	3.7292245802599	1.0745507643278	0.0037481506387311	0.00020197375904562	1.9819540342522	0.0014431987638206	0.07956801081954	1.1461212021411	1.9489787207851	6.1838488261857e-05	0.082309605250234	7.0365106308553	0.011095157746021	3.3080944498028e-07	0.0016893830813115	1.0656521997398	0.021120936919212	0.0021177612855696	0.0021177612752524
19	0.00088901364627685	116.5911682198	0.00032930394619572	0	0.029508680659786	0.41161417022707	1.4463847189092	3.7295502885495	1.074486544437	0.0037118059661501	0.00019948894797592	1.9818427876141	0.0014291585644681	0.07962828922435	1.1458988918306	1.9485795799243	6.1062469652624e-05	0.080515265826042	7.0351343260818	0.011035852989899	3.279568274238e-07	0.0016665043619936	1.0654398211068	0.020982114983687	0.0021296594288233	0.0021296594184481
19.2	0.00087639197365464	116.59192934642	0.00032408034437192	0	0.029205107516494	0.40833443821123	1.4468030059376	3.7300451326187	1.0743848669141	0.0036571870266187	0.00019569253404279	1.9816661365637	0.0014062885067035	0.081275707279109	1.1455512748443	1.9479558039472	5.9825453449027e-05	0.077433271012921	7.0329827187909	0.011278174013248	3.2294407065254e-07	0.0016324797625577	1.0651077638127	0.020724233280023	0.0021489326211285	0.0021489326106593
19.48	0.00085913044106248	116.59298473177	0.00031719345349815	0	0.028793395085378	0.40378671501956	1.447366591872	3.7307047275498	1.074239749793	0.0035848273016787	0.00019069029466258	1.9814129760964	0.0013761682415488	0.080254172418612	1.1450641094725	1.9470823052571	5.8230503769103e-05	0.073316611459574	7.0299682780452	0.011089242668486	3.1580145757118e-07	0.0015880971794096	1.0646424813339	0.020383016714594	0.0021777440089408	0.002177743998331
19.872	0.0008356741666668	116.5944425141	0.0003080876107727	0	0.028240692401407	0.39750498762677	1.4481112495274	3.7315677880761	1.074031514689	0.0034907284350025	0.00018411990536747	1.9810478855345	0.0013367806948856	0.080026769966776	1.1443812226939	1.9458590881369	5.6183163422875e-05	0.06794224291716	7.0257440221198	0.010839199039299	3.0608522083509e-07	0.0015316388580272	1.0639903828209	0.019916221012184	0.0022205277975885	0.00222052778677
20	0.00082813305163094	116.59491361028	0.00030521273615218	0	0.02806554735228	0.39547497832227	1.4483439932797	3.7318353045611	1.0739623320217	0.0034615877890178	0.00018205816289167	1.980926173671	0.0013244468410632	0.08011192616463	1.1441580517956	1.9454596100501	5.5549175825549e-05	0.066280972436841	7.0243637300335	0.010775719770668	3.030377829576e-07	0.0015144445051157	1.0637772970177	0.019766699917962	0.0022347920711438	0.0022347920602557
20.2	0.00081661636473061	116.59564487716	0.00030060340209948	0	0.027796905813611	0.39232384248713	1.4486953817128	3.7322373048009	1.0738527098158	0.003417535946443	0.00017889493434156	1.980732805235	0.0013043008765375	0.081777691520008	1.1438091439804	1.944835354812	5.4533949444674e-05	0.063431116311787	7.0222061003946	0.011013812218439	2.9765431544091e-07	0.0014887336970293	1.0634441964824	0.019489165278274	0.0022578572572114	0.0022578572462108
20.48	0.00080080346767261	116.59665885022	0.00029448730169401	0	0.027430471454143	0.38795443249897	1.4491612119022	3.7327628800385	1.0736960630863	0.0033586730754013	0.00017469072595582	1.98045546278	0.0012775966302971	0.080783204731782	1.1433202749329	1.9439612755107	5.3213113984604e-05	0.059647339867873	7.019183626889	0.01081502198011	2.900342161301e-07	0.0014549218084203	1.062977569289	0.019122637230777	0.0022921801673267	0.0022921801561587
20.872	0.00077921483303841	116.59805941338	0.00028633190382004	0	0.026934836268032	0.38191900725666	1.4497612449726	3.7334303624371	1.0734709154243	0.0032812142662283	0.00016910647080421	1.9800550581664	0.0012423687491652	0.080628962088561	1.1426351795514	1.9427374000955	5.149616062341e-05	0.054752298423942	7.0149488368288	0.010549707679697	2.7969808346868e-07	0.0014114053858321	1.0623237898154	0.01862360666727	0.0023429439766219	0.0023429439652061
21	0.00077224491996108	116.59851201355	0.00028374248923412	0	0.026776946355488	0.37996859331599	1.4499450102209	3.7336322121372	1.0733960320102	0.0032570168012271	0.00016733927109994	1.9799214801134	0.0012312705141241	0.080741343766674	1.1424113257269	1.9423377408798	5.095975233934e-05	0.05324972284279	7.0135652660881	0.010481272052976	2.7647374504149e-07	0.001398033627593	1.0621101995052	0.018464442986405	0.002359819916928	0.0023598199054299
21.2	0.00076160207560822	116.59921456487	0.00027958425222993	0	0.026533983105981	0.37694101144972	1.4502179434935	3.7339294811714	1.0732772796926	0.0032202333241335	0.00016462018907509	1.9797091523215	0.0012131148615014	0.082426984541172	1.1420613883229	1.9417132355531	5.009770645728e-05	0.050677213101507	7.0114026645748	0.010714738889121	2.7076208490449e-07	0.001377921191901	1.0617763528615	0.018169130197097	0.002387039442932	0.0023870394313011
21.48	0.00074696458481987	116.60018871063	0.00027404380414181	0	0.026201077352769	0.37274292307592	1.4505698638686	3.7343041005769	1.0731073891109	0.003170688859586	0.00016098251325659	1.9794044052409	0.0011889421201999	0.081456421453898	1.1415711498322	1.9408388686276	4.8967941885143e-05	0.047287517479027	7.0083735215598	0.010504862885943	2.6275353627223e-07	0.001351242491564	1.061308760446	0.017781486308793	0.002427321246757	0.0024273212349295
21.872	0.00072695114122953	116.60153424149	0.0002666187290272	0	0.025748154443757	0.36694414261049	1.4510030053316	3.7347521191276	1.0728628643175	0.0031047841737102	0.0001561124862362	1.9789640950706	0.001156874301599	0.081377702267684	1.1408842596328	1.9396146974978	4.7484998959407e-05	0.042952257663364	7.0041299180799	0.010223111673393	2.5197609477733e-07	0.0013164878200045	1.060653768223	0.017258688580859	0.0024865191432955	0.0024865191311791
22	0.00072047793122115	116.60196905203	0.00026425393726452	0	0.025603286928947	0.36507020312158	1.4511306635833	3.7348805427648	1.072781468424	0.0030840349709423	0.00015456223572807	1.9788171494949	0.0011467353795275	0.081518640405057	1.1406598462527	1.9392149652178	4.7018688933573e-05	0.041633164059643	7.0027435893184	0.01014952759789	2.4863962374399e-07	0.0013057109432032	1.0604398125668	0.017093138416784	0.0025061073594207	0.0025061073472087
22.2	0.00071060795584159	116.60264398392	0.00026045649083699	0	0.0253798103719	0.36216133071516	1.4513142267904	3.7350610691936	1.0726523118437	0.0030523379179811	0.00015217404869898	1.9785835181333	0.001130146043335	0.083222110090657	1.1403090605941	1.9385903687151	4.6267740594146e-05	0.039378287260734	7.0005767913302	0.01037902020777	2.4272323769531e-07	0.0012894059341103	1.060105424308	0.016785654487977	0.0025375802666257	0.0025375802542601
22.48	0.00069703973007862	116.60357982189	0.00025538786664656	0	0.025072559005248	0.35812784651254	1.4515375482755	3.7352683399592	1.0724674000663	0.0030093465325348	0.00014896644046409	1.9782481245065	0.001108012553465	0.082268448571557	1.139817684511	1.9377159177964	4.5278811745146e-05	0.036434994041623	6.9975419918859	0.010158456545903	2.3453061953301e-07	0.0012675926072369	1.059637128702	0.01638639894384	0.0025838206254712	0.0025838206128799
22.872	0.00067851408870869	116.60487241949	0.00024858408248449	0	0.024652704377759	0.35255643214308	1.4517848094387	3.735475305792	1.0722010801974	0.0029516272166706	0.00014465438476049	1.9777635580064	0.001078584021558	0.082262316333142	1.1391292861157	1.9364917036761	4.3972864727801e-05	0.032723383418138	6.9932908663303	0.009861702463962	2.2365159738982e-07	0.001238840756927	1.0589812485772	0.015855759305773	0.0026511260482823	0.0026511260353625
23	0.00067252483490559	116.60529011908	0.00024641587647761	0	0.024518009909404	0.3507559685697	1.4518506049879	3.735523673184	1.072112409835	0.0029333353919533	0.00014327769178379	1.9776018898076	0.0010692694501582	0.082431321493014	1.1389043984602	1.936091973775	4.3560705315672e-05	0.03160617361118	6.9919021730869	0.0097836773792811	2.2031672494449e-07	0.0012298481721514	1.0587670244761	0.015689442444637	0.0026732428001393	0.0026732427871115
23.2	0.00066341360890685	116.60593848551	0.00024293941591551	0	0.024309846175237	0.3479611510802	1.4519363770623	3.7355776487269	1.0719716943409	0.002905277779205	0.00014115746612897	1.9773449206887	0.0010540467802151	0.084145826321926	1.138552889977	1.9354673973502	4.2896736031392e-05	0.029697542476798	6.9897317680489	0.010011308265589	2.1440385745579e-07	0.0012161678330579	1.0584322374474	0.015379552223943	0.0027085839164985	0.0027085839032983
23.48	0.00065091505375155	116.60683747845	0.00023830042226269	0	0.024022929334592	0.34408581702546	1.452020656943	3.7356052132947	1.0717702428813	0.0028670041765227	0.00013830549637962	1.9769762491485	0.0010337372971773	0.083197088082094	1.1380605368989	1.9345930055928	4.2020322480296e-05	0.027234207022575	6.9866920883271	0.0097827245948609	2.0634301402977e-07	0.0011977216018192	1.0579634225062	0.014983537882639	0.002760022169229	0.0027600221557776
23.872	0.00063390963285784	116.60807916707	0.00023208053387323	0	0.023629605341818	0.33873285394971	1.4520704789088	3.7355570566407	1.0714802553265	0.0028152317361608	0.00013446841255292	1.9764442760089	0.0010067515134741	0.083253253761126	1.1373708292403	1.9333689271728	4.0860059315158e-05	0.024179222495576	6.9824344413594	0.0094757629047005	1.9583710334006e-07	0.001173148704998	1.0573068839098	0.014467505298165	0.0028339125458221	0.00283391253201
24	0.00062426413517453	116.60840847934	0.00024610289519022	0	0.02333233196017	0.33728722075136	1.4520739426591	3.7354989462573	1.0713769470941	0.002778608002139	0.00013251797388994	1.9762537445131	0.0010147634630729	0.083314618081014	1.1371441583801	1.9329674352221	4.174351773125e-05	0.023260632883136	6.9810434177401	0.0093442594300357	1.9515256030882e-07	0.0011571504643172	1.0570924712902	0.014711746288351	0.0028619217821908	0.0028619217682419
24.2	0.00062324628245563	116.60918793115	0.00037412123801903	0	0.023604570496621	0.50646387064735	1.4520492117781	3.7355148478338	1.0712535865945	0.0028083742668155	0.00013156281628803	1.9760303468057	0.0012770282291313	0.085906618819097	1.1367969153906	1.9323511486861	5.1267000339322e-05	0.02173991713653	6.9788684069263	0.0099100852962148	2.1149338617124e-07	0.0011679256031445	1.0567572646493	0.017512890881365	0.0028800087049598	0.0028800086909226
24.48	0.00065985160394915	116.6108028439	0.0004571247373563	0	0.025374920495496	0.74104643326243	1.4519651020305	3.7356297947523	1.0711167385501	0.0030140841985492	0.00013748873564209	1.9757881927629	0.0015275655317712	0.086563844768925	1.136321005691	1.9315004134339	5.7494034382199e-05	0.019864065825078	6.97582968812	0.010285764439772	2.2011569502321e-07	0.0012504676198436	1.0562884805765	0.019081820312717	0.0028862903846889	0.002886290370621
24.872	0.00077714602677069	116.61407791044	0.00051851819964197	0	0.030234550192183	1.0650727878484	1.4517710181111	3.7358464194958	1.0709469323032	0.0035832476792475	0.00015967005558193	1.9754926000575	0.001783131730393	0.088579317819053	1.135668142683	1.9303204587791	6.3900719547258e-05	0.017655025613044	6.9716131811538	0.0105811000928	2.2478722304877e-07	0.0014816558860616	1.0556359726213	0.019751402284056	0.0028903928256098	0.0028903928115218
25	0.00082909318183405	116.61539980635	0.0005366719513994	0	0.032328221579305	1.1697857866852	1.4516917236653	3.7359274123131	1.0708935099872	0.0038289494216895	0.00016985546646884	1.975400144138	0.0018619660700097	0.089312993044847	1.1354579769673	1.9299374825832	6.6362719135034e-05	0.017025926662302	6.9702528024508	0.010642978537601	2.2619555744687e-07	0.0015817612746077	1.0554246596492	0.019855190533128	0.0028918544929771	0.002891854478882
25.2	0.00091527190621024	116.61755705015	0.00042641321184633	0	0.035613361291604	1.1604649472145	1.4515573790592	3.7359795408258	1.0707855017246	0.004214591515025	0.00018738272608786	1.9752070104198	0.0017047225501906	0.091647313439076	1.1351279701286	1.9293340744541	5.9925792990762e-05	0.015927236538002	6.9681462625963	0.010790042719125	2.0463127114164e-07	0.0017389540745651	1.0550965057127	0.01660677933165	0.0029121853827139	0.0029121853685195
25.48	0.001020772655265	116.62054816548	0.00038099496448647	0	0.039691047957857	1.1475405322816	1.4513477611182	3.7359184840717	1.0705919852025	0.004693234127948	0.00020981319203592	1.9748530745491	0.0016189958081011	0.089965910024126	1.1346615160253	1.9284815878748	6.0079093773225e-05	0.014529673357877	6.965234679385	0.010160607714301	1.9109986300943e-07	0.0019340325240271	1.0546413698947	0.01464393186224	0.0029656070699855	0.0029656070555303
25.872	0.001140950403359	116.62467973694	0.00039085212331944	0	0.044495823445876	1.1296881503315	1.451005222905	3.735747217593	1.0702923822187	0.0052571525061377	0.00023568818678156	1.9743013282894	0.0016421159131227	0.089105146838156	1.1340081582264	1.9272884810326	6.5739145796469e-05	0.012864548597931	6.9612226178971	0.0094853238662973	1.8471842380463e-07	0.0021638227357346	1.0540116379237	0.013709516872486	0.0030456881784775	0.0030456881636312
26	0.0011750294427703	116.62601489165	0.00039963126569773	0	0.045869097615765	1.1239189668824	1.4508819935019	3.7356858292754	1.0701922097469	0.0054183105766679	0.00024301373973467	1.9741165484659	0.0016669106517167	0.089085376887246	1.1337957762001	1.9269001511277	6.7850417255917e-05	0.012387195960309	6.9599260374185	0.0093428871797821	1.8386671212617e-07	0.0022294816668028	1.0538075849559	0.013568530043281	0.0030699757116278	0.0030699756966629
26.2	0.001223145327963	116.62808745415	0.00041537758232539	0	0.047833518794863	1.1149635971552	1.4506767702798	3.7355882259856	1.0700347235221	0.0056488227105646	0.00025340156912378	1.9738259014819	0.0017172902998151	0.090587614247685	1.1334652709246	1.9262949347936	7.1134688956601e-05	0.01156704448343	6.9579125175294	0.0095495631145636	1.8280757739585e-07	0.002323385072155	1.0534902026684	0.013431959711704	0.0031056254086883	0.0031056253935493
26.48	0.0012816058798926	116.63096137552	0.00043748682602363	0	0.05024335849565	1.1025459513535	1.4503638024991	3.7354481572527	1.0698132951408	0.0059315633066445	0.00026599668844279	1.973417043388	0.001797098850059	0.089151474843722	1.1330057344373	1.9254508656361	7.5358549363488e-05	0.010557500554318	6.9551163800886	0.0093243872392171	1.8175127476291e-07	0.002438540835142	1.0530485382839	0.013308455414238	0.0031512731924106	0.0031512731770486
26.872	0.0013484305278355	116.63493125858	0.00046500736973805	0	0.053027707169053	1.0853935700078	1.4498811123812	3.7352521274555	1.0695025152418	0.0062581686506959	0.00028039781213337	1.9728429309306	0.0019093783424937	0.088942682062052	1.1323688461535	1.9242750572936	8.0364421481975e-05	0.009384795990139	6.9512401607081	0.0090937645375292	1.8089439432175e-07	0.0025715152279498	1.052434714979	0.013197608690059	0.0032069345465864	0.0032069345309526
27	0.0013671268767117	116.63621418965	0.00047293832621802	0	0.053809489538669	1.0798505949069	1.4497141818413	3.7351884715962	1.069400958337	0.0063498525111487	0.00028442614472303	1.9726552748245	0.0019439267743872	0.089098108684812	1.1321623852251	1.9238923957757	8.1783537955089e-05	0.0090526679977683	6.9499824151537	0.0090473047675694	1.8068452936902e-07	0.0026088313483219	1.0522352222771	0.013169272989794	0.0032232137840067	0.0032232137682933
27.2	0.0013932816032671	116.63820569047	0.00048426654355144	0	0.054913018661413	1.0712463640356	1.4494435509876	3.7350872759632	1.0692416090748	0.0064792483709573	0.00029010687098535	1.9723606963638	0.0019956053893574	0.090784186966456	1.1318412407001	1.9232956742427	8.382912393471e-05	0.0084804362344343	6.9480244409901	0.0093605836164536	1.7976908566714e-07	0.002661483560483	1.0519243767705	0.013065392870546	0.0032474672606795	0.0032474672448477
27.48	0.0014242545869368	116.64096720379	0.00049794105284573	0	0.056236646959479	1.0593156139355	1.4490452106862	3.7349388462532	1.0690173250831	0.0066344089374023	0.00029681752743792	1.9719458580074	0.0020606971409399	0.089508441862553	1.1313944091984	1.9224624700449	8.6268396335725e-05	0.0077802471512556	6.945296489576	0.0092173523050467	1.7865838701757e-07	0.0027245927601269	1.0514907667864	0.012973309075468	0.0032796014821148	0.003279601466126
27.872	0.0014580081010972	116.64478178552	0.00051320249698653	0	0.057706972123411	1.0428357798587	1.4484544127974	3.7347235049206	1.068702116298	0.0068066790237099	0.00030414979993163	1.9713626109607	0.0021369088932453	0.089420898807873	1.1307736278318	1.9212997159509	8.8971082332296e-05	0.0069722774787277	6.9414991747011	0.0090313473887068	1.7742648252112e-07	0.0027946071252821	1.0508863255765	0.012879055395973	0.0033201039922917	0.003320103976105
28	0.0014670137741356	116.64601452862	0.00051734980630318	0	0.058104513569961	1.0375101430879	1.4482546735782	3.7346515014458	1.0685989814388	0.006853233409338	0.00030611117320479	1.9711717334414	0.0021582678467511	0.089600157071296	1.1305719231881	1.9209208181501	8.9704189433011e-05	0.0067443173649474	6.9402636243814	0.0089908227852734	1.7705203130911e-07	0.0028135133252219	1.0506894884072	0.012851978804613	0.0033321921099763	0.0033321920937306
28.2	0.0014791810131435	116.64792811419	0.00052312967414589	0	0.058649256572668	1.0292432819337	1.4479353915929	3.7345360958475	1.0684372810848	0.006916999862259	0.00030878662201878	1.9708723796378	0.0021889210308955	0.091309220072592	1.1302576858002	1.9203295046708	9.0738860827651e-05	0.0063492454784446	6.9383370132425	0.0093104519404806	1.7608512703351e-07	0.002839393319361	1.0503824111404	0.012774197587425	0.0033503526494954	0.0033503526331609
28.48	0.0014926435588016	116.65058156962	0.00052969990630491	0	0.059268771510731	1.017780334302	1.4474741923447	3.734365712906	1.0682098419158	0.0069894634921396	0.0003117520958076	1.9704511742924	0.0022248907690952	0.090032031534647	1.1298194489178	1.9195029728574	9.1908856325012e-05	0.0058674730317234	6.935646763235	0.0091675060265723	1.7478322770453e-07	0.0028687686512894	1.0499533652211	0.012693776758741	0.0033747314353492	0.0033747314188956
28.872	0.001505412316928	116.6542468536	0.00053634201653815	0	0.059889066307891	1.0019466729439	1.4468046707221	3.7341144533255	1.0678900054845	0.0070619011244131	0.0003146001816262	1.969858662711	0.0022631153193146	0.08994359255728	1.1292086849801	1.918347989719	9.3090470231761e-05	0.0053132831622043	6.9318915100179	0.008976258508214	1.7320877266737e-07	0.0028980605575998	1.0493540874339	0.012600813219739	0.0034060013385233	0.0034060013219169
29	0.001508300079419	116.6554313473	0.0005379732498026	0	0.060038480426711	0.99682985230405	1.4465811836135	3.7340294182534	1.067785275913	0.0070793145533295	0.00031525567035252	1.9696646081619	0.0022729856867358	0.090121108832252	1.1290097960512	1.9179712902335	9.3381430731359e-05	0.00515713576287	6.9306673870542	0.0089335637263277	1.7271752194759e-07	0.0029050802640598	1.049158672525	0.012572878412064	0.0034154553846202	0.0034154553679676
29.2	0.0015116344536854	116.65727002867	0.00054008041937985	0	0.060222830005534	0.98888713184796	1.4462268481345	3.7338931450587	1.0676212094556	0.0071007556804191	0.00031603256417635	1.9693605543201	0.0022866100710402	0.091819157952349	1.1286995259772	1.917383094492	9.376148218927e-05	0.0048859812408215	6.928756492918	0.0092522392807764	1.7175747789226e-07	0.0029136962544027	1.0488535718484	0.012514758695868	0.0034296693995715	0.0034296693828494
29.48	0.0015140722215407	116.65981960605	0.00054206788339519	0	0.060389119677292	0.97787364280252	1.4457206685268	3.7336928237049	1.0673906394596	0.0071199927522663	0.00031663906155359	1.9689331515651	0.002300831351203	0.09050756609393	1.1282660181568	1.9165603330305	9.4122252970956e-05	0.0045557910727196	6.9260842480531	0.0091053453710316	1.7038341664581e-07	0.0029213617947806	1.048426834708	0.012444004260263	0.0034488128089306	0.003448812792115
29.872	0.001513691861542	116.66334137662	0.00054324575223147	0	0.060463977931961	0.9626608152706	1.4449952117561	3.7333972135326	1.0670663875286	0.0071283767291501	0.0003166755861402	1.9683319345325	0.0023125824090186	0.090391899516139	1.1276604285873	1.9154096069268	9.4344502155109e-05	0.004176132520494	6.922347312545	0.0089087935209659	1.686579361318e-07	0.002924529137316	1.0478300008814	0.012354660842319	0.0034735813531998	0.0034735813362632
30	0.0015127650382547	116.66447949067	0.00054329420038321	0	0.060454601693001	0.95774462287745	1.4447549171106	3.7332970444666	1.0669601813632	0.0071271430558202	0.00031651592284559	1.968134976387	0.0023147088009239	0.090562045186389	1.1274629159408	1.9150340787848	9.4358067391153e-05	0.0040690878202159	6.9211276931951	0.0088645640803054	1.681138502622e-07	0.002923943872916	1.0476352149811	0.0123271021778	0.003481132321404	0.0034811323044305
