# Time [h]	All Liquid [L/h]	MS [g/L]	Butyric [g/L]	AA [g/L]	Propionic [g/L]	Valeric [g/L]	LCFA [g/L]	Acetic [g/L]
0.2	26.491692416667	0.051373151456686	0.014673171585961	0.032080618415964	0.034252633612201	0.0048096587437559	0.07010951608939	1.4512262091888
0.48	26.98795813737	0.045267716888969	0.022597961524406	0.032440346705003	0.06917502369567	0.0080068550393753	0.15133662992088	1.2541130738423
0.872	27.583139407444	0.038160021110346	0.022085317746628	0.027060466323645	0.089380320689492	0.0078996229443219	0.24851041297543	0.99697763308875
1	27.769873783746	0.036087764659737	0.021176967507858	0.025381455831032	0.091707716956606	0.0075744326367128	0.27618639915862	0.91287221914249
1.2	7.9857920015191	0.033138079987136	0.019420673154305	0.023037532559731	0.091751992144461	0.0069859396568334	0.31573856386983	0.77482910786335
1.48	8.3781746467014	0.029442978977026	0.017151563259842	0.020177894976564	0.087613861283036	0.0061987255999936	0.36461197541186	0.59153926887165
1.872	8.8486833795573	0.025016332182702	0.014425239162198	0.016843739720957	0.077434825961845	0.0052366986539454	0.42158542569113	0.37375580166235
2	8.9803318038194	0.02371405977344	0.013634435140769	0.015872753320583	0.073651347605313	0.0049568940955551	0.43762546770232	0.31342663361139
2.2	9.1555105026042	0.021847862783872	0.012495140748433	0.014502016865112	0.067608878718991	0.0045498696599885	0.46020121056961	0.23650389259512
2.48	9.3346837851563	0.019506238023164	0.011080551838589	0.012809735595416	0.059357280494595	0.0040409495929987	0.48695680611157	0.16321233191745
2.872	9.4871230039062	0.01668997490329	0.009398878576283	0.010807693540454	0.048967344141556	0.0034312864166179	0.51560924382183	0.10973376773381
3	9.5220275134549	0.015862150726377	0.0089107388748815	0.010222909930549	0.045902015313441	0.0032540344470602	0.52300425352914	0.09887968421745
3.2	9.5678838716363	0.014671020521343	0.0082055913298284	0.0093889321466888	0.041505629912058	0.0029964085227092	0.53267245209998	0.08681502436502
3.48	9.6175906774089	0.013174366792623	0.007325622254501	0.008351327190985	0.036125526047124	0.0026734619916104	0.54259083170341	0.075576937273783
3.872	9.6704805047743	0.011372747143978	0.006273484923959	0.0071145653260537	0.029943865692281	0.0022854133319994	0.54998670578472	0.065133124291401
4	9.685057561849	0.010843683363758	0.0059672194987071	0.0067529206738652	0.028194091730139	0.0021723399373396	0.5509577493258	0.062387606986728
4.2	9.7070608967014	0.010082254392398	0.0055241390662668	0.0062346759635573	0.025721963654654	0.0020080901293322	0.55110194279238	0.058648986826298
4.48	9.7331669722222	0.00912670833021	0.0049701668713175	0.0055879573432085	0.022727583678335	0.0018020909482059	0.54868295359181	0.054256655601436
4.872	9.7630510755208	0.0079801198191518	0.0043072001964903	0.0048156369227137	0.019284747368527	0.0015546560539125	0.54068747306078	0.04932213843763
5	9.7716220633681	0.0076439802268581	0.004114227866409	0.0045898952866188	0.018305866224996	0.0014825664863892	0.53708841436111	0.047926128693102
5.2	9.7843468411458	0.0071629334225633	0.0038354489056363	0.0042665377751785	0.016914156397652	0.0013780805742391	0.53055901561288	0.045967276005038
5.48	9.7996587300347	0.0065630136530974	0.0034878926935262	0.0038637849566302	0.015212887813283	0.0012474164874977	0.51976233510402	0.043608500749376
5.872	9.81745175	0.005851661523375	0.0030744116108241	0.0033851922466038	0.013234845949497	0.0010912945579273	0.50196534990596	0.040922554189164
6	9.82259125	0.0056440137733309	0.0029545628981371	0.0032456832608283	0.012668990162813	0.001045957444736	0.49563508024197	0.040160694534317
6.2	9.8300131759983	0.0053522791632827	0.0027824908397537	0.0030474378314763	0.011862138717902	0.00098058363954851	0.48532029364335	0.039098466218491
6.48	9.8389031891276	0.0049951744594334	0.0025703117308478	0.0028028828746698	0.010874752071119	0.00089951584337092	0.47020630419744	0.037840869575889
6.872	9.8489753479818	0.0045860185689107	0.002322480259729	0.0025170552200396	0.0097307616979371	0.00080392522003735	0.44825119812528	0.036469036514196
7	9.8518473100043	0.0044679918605114	0.0022514949347192	0.0024342958502607	0.0094047593052531	0.0007763862131539	0.44099072140007	0.036092841415496
7.2	9.8558107439236	0.0043107419026568	0.0021510859438373	0.0023191722240191	0.0089427422473163	0.00073705636371263	0.42964718267479	0.035598130832391
7.48	9.8602875555556	0.0041285081242723	0.0020305046404935	0.0021804036314528	0.0083848852394219	0.0006890765496528	0.41391208880852	0.035076351520373
7.872	9.864813851237	0.0039398887127786	0.0018952583077296	0.0020236063920819	0.0077536183452759	0.00063374290060931	0.39251999599039	0.03464616740796
8	9.8660347304687	0.0038870664857936	0.0018574280951275	0.0019785700309095	0.0075764368670099	0.00061796958566143	0.38573347884416	0.034555629240576
8.2	9.8674778166233	0.0038280129341455	0.0018052613250432	0.0019181738226041	0.007328789244985	0.00059565417420187	0.37539388870533	0.034494782853894
8.48	9.8687092315538	0.0037716120150489	0.0017452983909581	0.0018473534270231	0.0070369386316773	0.00056879478699435	0.36151759655958	0.034553293017037
8.872	9.8692794346788	0.0037322620272761	0.0016811237911404	0.001767766878672	0.006715658565582	0.00053782251982544	0.34336590707302	0.034871680409596
9	9.8693678674045	0.0037209507686319	0.0016633053592493	0.0017439426844165	0.0066260938975282	0.00052883478521684	0.33773782682527	0.035004000549675
9.2	9.8692221073134	0.0037178925156355	0.0016385827370976	0.0017111732252789	0.006500398130726	0.00051579070121783	0.3292654131943	0.035268595434888
9.48	9.868663539388	0.0037207421594409	0.0016092423030953	0.0016687100123888	0.0063495226641072	0.00049919175845005	0.3180427056295	0.035724759855952
9.872	9.8677014530165	0.0037217475096933	0.0015728622080988	0.0016086982693627	0.0061701489073881	0.00047756797279821	0.30349452729827	0.036452675065892
10	9.867473133572	0.0037163429319019	0.0015610595313365	0.0015879459127519	0.0061155364269836	0.00047063635986194	0.29899167782909	0.036683285821116
10.2	9.8671705428602	0.0037074725975148	0.0015422237898652	0.0015542847396937	0.0060324069285576	0.00045975594484145	0.29219503269337	0.037050545528714
10.48	9.8669061939019	0.0036826579449183	0.0015142626032483	0.0015028572683822	0.0059175677244859	0.00044416175436411	0.28312212941532	0.037546564676213
10.872	9.8671438428819	0.0036180629463258	0.0014695630681476	0.0014215538330466	0.0057506973490141	0.00042105629811709	0.27115715524701	0.038139192838552
11	9.8673784883898	0.0035905507546403	0.0014535454369282	0.0013936461108109	0.0056936236752274	0.00041323614527113	0.26739883420924	0.038294874433199
11.2	9.8679537748481	0.003541388432366	0.001426974849698	0.0013481226676216	0.0056012207257541	0.00040070991930463	0.26166150212794	0.038503942094857
11.48	9.8690309558377	0.0034609921095886	0.0013867050728777	0.0012817609638362	0.0054646245400478	0.00038257953617628	0.25387050536768	0.03871618679378
11.872	9.8710551818576	0.0033318360648479	0.0013252981689346	0.001186914667545	0.0052593348094085	0.00035642510187447	0.24335143266421	0.038847168028697
12	9.8718027169054	0.0032879101444024	0.001304522601082	0.0011565014045487	0.0051897082491802	0.00034787160077071	0.23999538461682	0.038852159416977
12.2	9.8730889031033	0.0032172460611042	0.0012715151138886	0.0011093687473345	0.0050786430672599	0.00033454772932021	0.23482273999922	0.038824966310194
12.48	9.874996859158	0.0031167436442796	0.0012247024731942	0.0010451950921288	0.0049196163747368	0.00031613622428781	0.22771110915633	0.038720580567651
12.872	9.8778149444444	0.0029772060344487	0.0011594879658247	0.00096056387290462	0.0046937739674327	0.00029128570076754	0.21797682949139	0.038463621335315
13	9.8787458810764	0.0029329437082799	0.0011386448883796	0.00093454080576635	0.0046203584103037	0.00028350573607762	0.2148481017127	0.038359051465525
13.2	9.8802226805556	0.0028649848787388	0.0011066589657511	0.00089543115559406	0.0045064021419845	0.0002717154680215	0.210007065973	0.038177108249194
13.48	9.8822753094618	0.0027731276823046	0.0010633519739331	0.00084403895244453	0.0043494814826066	0.00025602814068313	0.20332367912546	0.037890752999058
13.872	9.8851000477431	0.0026517936499535	0.0010061763844256	0.00077870093625065	0.0041374505417935	0.00023579178849967	0.19414605699014	0.037442665468296
14	9.8860021189236	0.0026141044089157	0.00098844957523133	0.00075894689964049	0.0040706427726818	0.0002296215028454	0.19119317688189	0.03728897599555
14.2	9.8873989444444	0.0025571562080976	0.0009617142148877	0.0007296192857534	0.0039688627672269	0.00022041434981927	0.18662324240205	0.037042050406029
14.48	9.8893000048828	0.0024813030980421	0.00092628213127038	0.00069156765947866	0.0038320984029298	0.00020840039315414	0.18031548839655	0.036685516479623
14.872	9.8918664827474	0.002382222361973	0.00088051122935006	0.00064371536550165	0.0036524208963222	0.00019322119480555	0.17166145769889	0.036170662489954
15	9.8926805748698	0.0023514908526691	0.00086646728204713	0.00062929211899462	0.0035967018042767	0.0001886418376299	0.16887871894336	0.036000759496603
15.2	9.8939366427951	0.0023051866264219	0.00084539743089102	0.00060793706323112	0.0035125755050112	0.00018184751857435	0.16457397860416	0.035733027295451
15.48	9.8956415700955	0.0022435022334018	0.00081762179449827	0.00058026744698339	0.0034007455141955	0.00017303760091338	0.15863521773415	0.035354421582183
15.872	9.8979476593967	0.0021625814761649	0.00078184185772669	0.00054541561620714	0.0032553531421289	0.00016196069291221	0.15048954491831	0.034817363278431
16	9.8986824600694	0.0021373247458527	0.00077085232291348	0.00053487026842446	0.0032104635235716	0.00015862178398516	0.14786949747259	0.034641411861786
16.2	9.8998204288194	0.002099179689754	0.00075434096087236	0.00051922816828447	0.0031428170687916	0.00015366706695782	0.14381543594507	0.034364920066181
16.48	9.9013733134766	0.0020480667793298	0.00073250391251815	0.00049887466952068	0.0030530061709208	0.00014723380933573	0.1382194039012	0.033974552064728
16.872	9.9034952394748	0.0019803389469	0.00070417842272876	0.00047303052067267	0.002936096902094	0.00013911133361134	0.13053576566967	0.033420050152437
17	9.9041770623915	0.0019590098787805	0.00069541993033746	0.00046515035587063	0.0028998933766926	0.00013665131342802	0.1280621873652	0.033237953505615
17.2	9.9052392949219	0.0019266665268274	0.00068219857435391	0.00045341177450616	0.0028451993009616	0.00013298789378961	0.12423292666527	0.032951163598139
17.48	9.9067001263021	0.0018829994346626	0.00066458567979484	0.00043802450309198	0.0027722588431667	0.00012820394059119	0.11894413015544	0.03254469225768
17.872	9.9087199574653	0.001824477964049	0.00064148087752241	0.0004182539999769	0.0026765552544616	0.00012210650742147	0.11167950904897	0.031963867102851
18	9.9093744722222	0.001805877408207	0.00063427173828784	0.00041216535323293	0.0026467109598265	0.00012024480934341	0.10934123831514	0.031772376385996
18.2	9.9104000813802	0.0017775581126066	0.00062332440240956	0.00040304508259711	0.0026014074808954	0.00011745702707255	0.10572277133949	0.03146996004426
18.48	9.9118204736328	0.0017390471941951	0.00060861551456336	0.00039098137145123	0.0025405517481265	0.00011378621223497	0.10072981488611	0.031039716813258
18.872	9.9138035692274	0.0016869030319384	0.00058908123959602	0.00037526808704993	0.0024598392497675	0.00010904879037765	0.093886695112542	0.030422127125674
19	9.9144502568359	0.0016701940231743	0.00058292944339547	0.00037037575444453	0.0024344580065558	0.00010758795352063	0.091689226952837	0.030218059709529
19.2	9.915468039388	0.0016446765666976	0.00057353272702165	0.0003630043078614	0.0023957187732159	0.00010538607024076	0.088294897042903	0.029895319044972
19.48	9.9168840349392	0.0016097773347768	0.00056080438990351	0.00035316252450579	0.0023432749211029	0.00010245921352598	0.083625991618711	0.029435462545655
19.872	9.918872390842	0.0015621548412122	0.00054371140877188	0.0003401694724659	0.0022729651498339	9.8630489036865e-05	0.07726115150961	0.028774783716984
20	9.9195229274089	0.0015467994729556	0.00053828526177652	0.00033608171740769	0.0022506806610035	9.7437744438755e-05	0.075226596630019	0.028556585084168
20.2	9.9205492747396	0.0015233117584582	0.00052995632812069	0.00032989029613868	0.002216499689491	9.5628102508717e-05	0.072094229217317	0.028211661414174
20.48	9.9219791251085	0.0014910748703191	0.00051860144526325	0.00032155620139192	0.0021699149890343	9.320055444763e-05	0.067808053692688	0.027720875491333
20.872	9.923989211263	0.001446887521785	0.00050322459554987	0.0003104286677356	0.0021069087820127	8.9985090656951e-05	0.062011932178952	0.027018081141865
21	9.9246468146701	0.0014325849584434	0.00049831527259213	0.00030689794555612	0.0020868179999342	8.8974350494381e-05	0.060171059468277	0.026786748399537
21.2	9.9256848125	0.0014107091193053	0.0004907545969635	0.00030153015258923	0.0020558893769273	8.7432239136319e-05	0.057349580798649	0.026421978516745
21.48	9.9271279414062	0.0013806519275199	0.00048040564050643	0.00029426246047108	0.0020135408511951	8.5348153170395e-05	0.053515394331904	0.025905217726606
21.872	9.9291493830295	0.0013394128818059	0.00046632417206374	0.00028448468440841	0.001955941834872	8.2561028545576e-05	0.048383897519882	0.025170761227468
22	9.929808515191	0.0013260477035587	0.00046181523716781	0.00028136486831579	0.0019375106258075	8.1679217311319e-05	0.046767218053789	0.024930494140363
22.2	9.9308474790582	0.0013056391000853	0.00045486092357745	0.00027661314494964	0.0019090815999113	8.0328612134353e-05	0.044303132115483	0.0245533660105
22.48	9.9322839990234	0.0012776338918194	0.00044532947494616	0.00027016096070029	0.0018700731707637	7.8494679706053e-05	0.04098292447221	0.024023043759518
22.872	9.9342796866319	0.0012392998396616	0.00043234816947947	0.00026145147532699	0.0018169122007621	7.6028427148193e-05	0.036594842045414	0.023278125394975
23	9.9349262027995	0.0012268914496435	0.00042819098552748	0.00025866609251551	0.0017998876769086	7.5245496974196e-05	0.035225778774534	0.023036621809553
23.2	9.9359422223307	0.0012079970655856	0.00042178121370462	0.00025442392745676	0.0017736235717166	7.4044187870485e-05	0.033152995657791	0.022660077971437
23.48	9.9373345775825	0.0011821529200664	0.00041300650027327	0.0002486632762463	0.0017375994769239	7.2410117681202e-05	0.030388132208751	0.022136090259433
23.872	9.9392449004991	0.0011469497139753	0.00040108455347304	0.000240891589208	0.0016885751963979	7.0209508508618e-05	0.026787737076301	0.021411679925679
24	10.022704814887	0.0011284334199891	0.00041152932260336	0.00023724269660841	0.0016856745723804	7.0625960181055e-05	0.025667452560911	0.021533184788228
24.2	10.015111371636	0.0011224607893778	0.00058721481251148	0.00023469412687782	0.0020127113407117	8.3616865924777e-05	0.02401897420082	0.025575117870065
24.48	10.008257256944	0.0011820159315223	0.00073315463719865	0.00024315833864124	0.002373776588749	9.4296039585706e-05	0.021910261772577	0.028759980155754
24.872	10.001097173177	0.0013859240027427	0.00085519762797835	0.00027960136768956	0.0027875341510511	0.00010534725284832	0.019307203548133	0.030814934080166
25	9.9988186843533	0.0014774699063561	0.00088939448135716	0.00029684286854834	0.002918213527631	0.00010930998038763	0.018538201209513	0.031214468423687
25.2	9.9206397879774	0.0016309540155479	0.00075444101226747	0.00032710142946562	0.0027688836658439	0.0001016489270407	0.017400938075377	0.027097608498553
25.48	9.923639921224	0.0018186025921644	0.00067380727818121	0.00036658802673803	0.0026755092936461	0.00010082018642963	0.015914171902183	0.023720588301004
25.872	9.9238460733507	0.0020297951066457	0.0006665834532451	0.00041229144086782	0.0026991669028835	0.00010836386547995	0.014045859890212	0.021570121580707
26	9.92348197602	0.002089481047517	0.00067564850823154	0.00042521121308094	0.002729831758258	0.00011155374858334	0.013487378900772	0.021192763094068
26.2	9.9226997144097	0.0021735306320225	0.00069585099846186	0.00044345685621003	0.0027943768400823	0.00011675422661231	0.012666196502427	0.020810846797614
26.48	9.9214480911458	0.0022754790201198	0.00072898304917847	0.00046557896104364	0.0029055566658554	0.00012383382389416	0.011617661805485	0.020525767545906
26.872	9.9197704532335	0.002391668037051	0.000774513660132	0.00049081361402034	0.003075723213677	0.00013258681912333	0.010332809555796	0.020352440133312
27	9.9192766597222	0.0024240954282954	0.00078814693383656	0.00049785695582706	0.0031305548770564	0.00013511110658209	0.0099537498515146	0.020320071919074
27.2	9.9186009917535	0.0024693531126212	0.00080790467919886	0.00050771892248558	0.0032138311551417	0.00013871382622681	0.0093998003521657	0.020282845781461
27.48	9.9177809440104	0.002522802074594	0.00083217560489223	0.00051940583655192	0.0033226726773139	0.00014308157326414	0.0086969202734059	0.020243333708088
27.872	9.9169120287543	0.0025804397996677	0.00085963300369361	0.00053209336611986	0.0034554253339008	0.00014798170586926	0.0078397566713756	0.020191296597242
28	9.9166912310113	0.0025956614074123	0.00086713552601794	0.00053546150752901	0.003493545222517	0.00014931746255879	0.0075872680801903	0.020173016133077
28.2	9.9164208026259	0.0026160674865836	0.00087748040019219	0.00054000346663468	0.003547822951217	0.00015115846489385	0.007218362997485	0.020142580506596
28.48	9.9161432399089	0.0026383803454054	0.00088936821896442	0.0005450233441881	0.0036131714935065	0.0001532760222838	0.0067499718699853	0.020095424918576
28.872	9.9159500404731	0.0026587841426001	0.00090150823426445	0.00054973514198118	0.003684914178345	0.00015544796794599	0.0061773587974291	0.020019498601003
29	9.9159289288194	0.0026631681746204	0.00090450955217268	0.00055078449003115	0.0037038991088726	0.00015598811632149	0.0060082266197693	0.019992477825214
29.2	9.9159393732639	0.0026679431571941	0.00090831133460085	0.00055197760613107	0.0037293660561887	0.00015667621819602	0.0057605668999207	0.019948219588326
29.48	9.9160213487413	0.002670760468976	0.00091198835555512	0.00055281862311433	0.0037570581879894	0.00015735086307358	0.0054449474748276	0.019882482293844
29.872	9.9162590068359	0.002668020188984	0.00091431602606163	0.00055256529135378	0.0037818998290206	0.00015780138490384	0.0050567606444469	0.019783710944655
30	9.9163626167535	0.0026657125186651	0.00091447719662509	0.00055217975940226	0.0037870049777788	0.00015784360081722	0.0049415271331988	0.019750093147248
