# Time [h]	All Liquid [L]	MS [g]	Butyric [g]	AA [g]	Propionic [g]	Valeric [g]	LCFA [g]	Acetic [g]
1.0	27.222101253834538	1.1551478840187113	0.5625817843928919	0.7979268590746202	1.9966239074070722	0.19832706929715904	5.183816636584522	31.1907093490774	
2.0	8.561213657055557	0.23602936474000882	0.13696269196621821	0.16080074875902833	0.7053327157272041	0.04956148889608669	3.325013061996813	4.2819293711383555	
3.0	9.38258529961806	0.17239166343396267	0.09765580660992132	0.11268880431763312	0.5169950495223559	0.03562002308787217	4.670413922754848	1.3882638451104095	
4.0	9.637017889789949	0.12010662062209272	0.06660857433924751	0.07579754996958861	0.3251714702895167	0.024289923478531733	5.248386822397238	0.6938998904425745	
5.0	9.744582577277766	0.08454839617762232	0.04589985868811985	0.05150375561302835	0.20857746665649393	0.016613940475523847	5.306280899188762	0.510432798413766	
6.0	9.806506578638878	0.06164115351967064	0.03262235604847382	0.03605939728097381	0.1417036458718077	0.011634371713311303	5.0193548060501785	0.4175912593621098	
7.0	9.842730320244803	0.0476237590380845	0.024357162958933195	0.02650049133577346	0.10270802608809228	0.008488744293981842	4.536221838192921	0.36742921459417877	
8.0	9.861902139525185	0.040039857676210135	0.019520754701289847	0.020915240552247038	0.0803284797792928	0.006586408279500173	3.9946681358211853	0.344626937344145	
9.0	9.86877077358159	0.03711624653205523	0.016990430287189263	0.01793233355815635	0.0682599339559925	0.005496007424889069	3.4948541207122696	0.34268419173560316	
10.0	9.868245743171002	0.03670990567207815	0.01573673209371019	0.016216914479725786	0.06196707890859856	0.004839200355551847	3.080338934517526	0.35566664230540157	
11.0	9.86711267578817	0.036019989025784814	0.014746997777904863	0.01447793915189377	0.05768764697038613	0.004284938318407061	2.7453642550092163	0.372734695212092	
12.0	9.869963801656247	0.033600068182685607	0.013424748753675013	0.012256624994731326	0.05306349059394999	0.003666768133004597	2.462833399190107	0.38238711758088556	
13.0	9.876199832184886	0.03020732160810691	0.011826508063923345	0.009981653123787813	0.04764824062981265	0.0030210958298738234	2.209006023923387	0.3811661943870044	
14.0	9.88344911269794	0.02691818644952184	0.010278826475312895	0.008082710982236176	0.0421235050528986	0.0024496097399520564	1.9718329567335697	0.3725593653296267	
15.0	9.89035856507638	0.02414240226473761	0.00897810551967116	0.006650688613211641	0.037176482403049	0.0020010334033244595	1.7478193614908277	0.3606744644184693	
16.0	9.89659380555815	0.021876588222691805	0.007948548484070766	0.005604678912774176	0.033071869763648704	0.0016686721577023576	1.536454179071468	0.3476503403527868	
17.0	9.902253411397561	0.020005846491162802	0.007139698917898506	0.004837197730466479	0.029761495054757368	0.0014257354802499561	1.3370576599174024	0.3341110564168633	
18.0	9.907542050119806	0.01841727094295322	0.006491108260139068	0.004260636412039083	0.027079791050205165	0.0012458840500691461	1.1485236490835278	0.320007489179505	
19.0	9.912650380905358	0.01702487724543332	0.005953635791499143	0.003812358192056893	0.02485591816289178	0.001108922269910403	0.9703291149775586	0.30509582971976446	
20.0	9.917718049578978	0.015769397565448824	0.0054920878963531684	0.003449876480152877	0.02295299590421121	0.0010007032294099402	0.8032254216865218	0.2891597968092718	
21.0	9.92282257307117	0.014613432179050296	0.005082929747056756	0.0031453713342647484	0.021273440955633615	9.11751499718482E-4	0.6491017429358628	0.27212241620080546	
22.0	9.927974834185749	0.013536830710157988	0.0047115622490769	0.002881407307375167	0.019753626506780725	8.359601181098097E-4	0.5103608886917609	0.25411463074084445	
23.0	9.933117206656233	0.01253270070677126	0.004370094142080338	0.0026478211277030303	0.01835685906621288	7.696032907275418E-4	0.38927325899486087	0.23552172632241106	
24.0	9.948732343490423	0.011606204929207208	0.004077982957675656	0.002440400423237254	0.0171008763807336	7.127732001700391E-4	0.28773370728220793	0.21767139231939925	
25.0	10.005613189754126	0.012885047669727277	0.0077217653778264405	0.0026275747040602924	0.025346773167935675	9.846401577251174E-4	0.20892856671571328	0.29257956373098587	
26.0	9.923100489222234	0.01883949890719877	0.006820481973102358	0.0038115999004646	0.026895646580136774	0.0010450730258635009	0.15051732542987742	0.23050573051157855	
27.0	9.920762838514738	0.02301266726858861	0.007418482580531985	0.004714104782847065	0.02955207181988597	0.0012628311127378324	0.11022809947450532	0.20326186571574192	
28.0	9.917464855514744	0.025230318729281616	0.008356040195255692	0.0051977074880244795	0.03346953972777553	0.001437306448169301	0.08290503347975815	0.20054938424288055	
29.0	9.91609558645401	0.026228951265320516	0.008861890193081543	0.005420175009602427	0.03609297176643623	0.0015275847319413981	0.06469509001810772	0.19893588324182543	
30.0	9.916141797924464	0.02646099298110418	0.009048320759620018	0.005478364309995749	0.03733517809764593	0.0015613522085221566	0.05247086565947759	0.1967359009472782	
