# Time [h]	MS [g]	Lignin [g]	Butyric [g]	Initial_Substrate [g]	Carbohydrates [g]	Substrate [g]	MO_AcidoLCFA [g]	MO_hydroM [g]	MO_Acetic [g]	Proteins [g]	AA [g]	MO_acetoM [g]	Propionic [g]	Carbondioxide [g]	Carbondioxide_gas [g]	Carbondioxide_sum [g]	MO_Propionic [g]	MO_ButyricValeric [g]	Valeric [g]	LCFA [g]	MO_AcidoMS [g]	Methane [g]	Methane_gas [g]	Methane_sum [g]	Hydrogen [g]	Hydrogen_gas [g]	Hydrogen_sum [g]	Lipids [g]	MO_AcidoAA [g]	Acetic [g]
0.2	4.3229156256821	11648.658000325	1.2086317770306	0	255.9760002848	17.18420956442	136.99340109232	321.57785201077	103.35917601543	91.950821448237	2.6759767671211	186.45655353679	2.8005823957191	76.90873166927	8.7739832478371	85.682714917107	113.42160690713	195.93291017094	0.39483239153769	5.7316640592163	702.24501503028	8.6760814415205	10.500192299763	19.176273741284	0.00061022252545001	0.0026256637101084	0.0032358862355584	75.833516886352	102.41853229404	123.86308077725
0.48	3.8041161770917	11648.72911082	1.8083487665424	0	227.83844710792	41.012042703846	136.96009618704	325.18108891501	103.73833092791	81.793361433192	2.6809717224103	187.69770966394	5.3912439438463	69.315532550817	14.310479519454	83.626012070271	113.60327754601	196.24133765621	0.63799676306194	11.708417537135	704.28232133415	10.85821158706	5.9577807573138	16.815992344374	0.00060342091815695	0.0023172407240452	0.0029206616422022	67.446354002134	103.13860950675	108.11741520676
0.872	3.20645134724	11648.933475476	1.7374460261192	0	193.93052088947	73.923326072394	136.93075209435	330.1828188715	104.25997713328	69.485953205225	2.2348973910218	189.38622846049	6.5784079429985	57.122243515148	13.206786698838	70.329030213986	113.96370692251	196.73284523881	0.61922986190147	17.624656904887	706.69757584416	11.879411989551	4.9422975079983	16.821709497549	0.00053968105800022	0.0020168293935938	0.002556510451594	57.270471838183	104.04134289428	89.293781323119
1	3.032228527333	11649.028295455	1.662109308185	0	184.04550724674	84.560739064669	136.92470558244	331.74878414685	104.42796340438	65.881413683628	2.0970502494914	189.92501283955	6.6407065078913	53.46198040575	11.805941439949	65.267921845699	114.08727214398	196.88177497341	0.59252778384894	19.036086701535	707.39311007623	11.969085586847	4.8075757233053	16.776661310152	0.00051085744303423	0.0019111469214093	0.0024220043644435	54.28687383159	104.30493581538	83.580907786709
1.2	2.8056050126992	11649.183666544	1.5689761809871	0	169.65819230502	83.88698809763	136.91945801432	334.1303434193	104.68610990475	60.629114322207	1.9358365932565	190.7445728758	6.8036672710224	55.577542058169	17.854288426843	73.431830485012	114.28460201638	197.1016817702	0.56424223037321	22.106906519268	708.40050594142	12.005483201428	6.5839484683604	18.589431669788	0.00047498627586343	0.0021077632220715	0.0025827494979349	49.938171169503	104.6911141873	72.074494412521
1.48	2.4931685513441	11649.397795003	1.410639723591	0	151.45057395513	82.952774075352	136.92176691472	337.29883640351	105.03515028494	53.983561211396	1.7014846679362	191.83035819926	6.6254371973857	48.635527286227	10.977726969501	59.613254255728	114.5622726626	197.3804055597	0.51031329940205	25.648700763238	709.65003736852	11.605785658477	4.9701472064409	16.575932864918	0.00041926081563551	0.001943534728491	0.0023627955441265	44.436187454768	105.17831596768	57.372828852494
1.872	2.116477566889	11649.69126069	1.1939403322518	0	129.31981593541	81.662393797323	136.9455213914	341.34828845447	105.48779101328	45.908776793864	1.4199102281999	193.1841682318	5.9392416022829	40.535987129337	8.9810549876616	49.517042116998	114.92888242133	197.70699811326	0.43367079661671	29.456356236954	711.11438577279	10.589282570306	4.9204017827223	15.509684353028	0.00034466568517868	0.0017287939491111	0.0020734596342898	37.751446310522	105.76156068565	39.881194277526
2	2.005606910957	11649.789048749	1.1291810974748	0	122.82173198799	81.245367678823	136.95832097117	342.57313297453	105.62587248517	43.538496547144	1.3377109345431	193.5834376134	5.6676549853247	38.350313997515	8.5858843023556	46.93619829987	115.04009658459	197.799090516	0.41067592392087	30.449747729783	711.53103249296	10.195036348687	4.9263531543631	15.12138950305	0.00032061352208347	0.0016570399663649	0.0019776534884484	35.789331611004	105.93063838947	34.992484345556
2.2	1.8465213939313	11649.940337961	1.0349187895556	0	113.34516280749	80.598033945113	136.98484090619	344.37741380041	105.82662169951	40.082440057196	1.2215013941536	194.14776010789	5.2271449324358	39.936077027618	13.190681149898	53.126758177516	115.20388258975	197.92904403386	0.37693049519459	32.060869544991	712.12445360727	9.5335085522999	6.3552803902394	15.888788942539	0.0002866178831239	0.0015734102390117	0.0018600281221356	32.92854723062	106.17466538153	27.829362164201
2.48	1.6466862337011	11650.149280476	0.91737180270213	0	101.35044878846	79.700443177963	137.03691607468	346.67288673829	106.0740940337	35.709375707854	1.0778698451798	194.81492879525	4.6140210787764	34.721785907922	8.7277218366522	43.449507744574	115.41134676873	198.08475372765	0.33457919994633	33.861100515207	712.8472608845	8.3474547224768	4.7761841728845	13.123638895361	0.00024406051459901	0.0014156557960348	0.0016597163106338	29.308969257429	106.47873175828	20.519199261795
2.872	1.4059161148826	11650.436368362	0.777150541722	0	86.767880630939	78.460634415821	137.1399253308	349.47578125718	106.3595125218	30.395381713461	0.90763894305747	195.54766541939	3.8306710337972	28.150708914611	7.3010016748387	35.45171058945	115.65841719287	198.25734690455	0.28370050506801	35.584809392634	713.67165662168	6.7760166901279	4.5162524453294	11.292269135457	0.00019850263638849	0.0012678911645609	0.0014663938009494	24.911095518789	106.83934620216	14.575025886816
3	1.3351040999969	11650.530342464	0.73637952660761	0	82.485479414597	78.05995667057	137.18011367398	350.30724487809	106.44173504331	28.835473280511	0.85787590519269	195.75254344081	3.5979495692235	26.410141082774	6.9892833286388	33.399424411412	115.72917440406	198.30394486886	0.26888714752614	35.978392098538	713.90029902282	6.3393022785879	4.4778530670174	10.817155345605	0.00018665796020663	0.0012252546264833	0.00141191258669	23.620237377945	106.94306783203	13.281626795924
3.2	1.232983683685	11650.67593853	0.67731070993984	0	76.239330205565	77.43799809155	137.25036214726	351.52573645959	106.55873134335	26.56089577345	0.78676792145304	196.03835721635	3.2610377519276	26.769248817519	9.4542273179387	36.223476135458	115.82987579661	198.36760869157	0.2472925472126	36.740445343146	714.2197012457	5.787708271412	5.755363130651	11.543071402063	0.00016972831258732	0.0011287578018529	0.0012984861144402	21.73810407162	107.091982582	10.864172464284
3.48	1.1044153647509	11650.877376966	0.60350286741595	0	68.331751593584	76.575589327551	137.36401298267	353.07846931464	106.70158921677	23.6825886155	0.69814875461765	196.37691252556	2.8464693107811	23.402191173028	6.7283215248292	30.130512697858	115.95205431165	198.43959826664	0.22020036406164	37.504445007399	714.59580357638	5.0413451091687	4.365361484302	9.4067065934707	0.00014979312392113	0.00099055623934479	0.0011403493632659	19.35666347326	107.27586700182	8.6477882956747
3.872	0.94914908937504	11651.154848298	0.51500911774488	0	58.714937184029	75.384369344563	137.55045429765	355.00465967129	106.87024892807	20.184581689736	0.59222861079194	196.76460450433	2.3659794604458	19.650432085774	5.7720323263874	25.422464412161	116.09031031545	198.51071951269	0.18756993889117	38.058610512822	714.99889004456	4.2620209186145	4.1524161930906	8.4144371117052	0.00012896575025873	0.00087851073840617	0.0010074764886649	16.462988260028	107.49064766989	6.9836333442615
4	0.9035130137755	11651.245040937	0.48920192694563	0	55.890103145664	74.999399272762	137.61707287538	355.58375467262	106.91986807943	19.157683896935	0.56122265811564	196.87689430591	2.2291221158751	18.691975164742	5.557194493203	24.249169657945	116.12847127425	198.52754681383	0.17804629227076	38.132892514292	715.10377265913	4.0628646244558	4.1412885534017	8.2041531778575	0.00012329641000019	0.00085229948251549	0.00097559589251567	15.613622707851	107.55156043037	6.6250061870657
4.2	0.83753806682003	11651.384907116	0.45172713737637	0	51.769105637264	74.401822111663	137.72736400641	356.43959542542	106.9909919532	17.660217298313	0.51664219779458	197.03529892065	2.0324367723264	18.694300295127	6.6223015433879	25.316601838515	116.18144424579	198.54785897756	0.16416174031664	38.295163390145	715.24273109118	3.8476145836621	5.3235575338254	9.1711721174875	0.00011453576798557	0.00074510830472033	0.0008596440727059	14.375165120866	107.63812230414	5.7486857102861
4.48	0.75441725200619	11651.578613445	0.404755827735	0	46.550359426922	73.573218454965	137.89421883269	357.54373230626	107.07850219309	15.765093054535	0.46083779508826	197.22616528593	1.7934752693399	16.769264247111	5.1155563066103	21.884820553721	116.24321571841	198.5650750841	0.14671453961341	38.335437283173	715.39045329855	3.5101521608768	4.2366572437692	7.746809404646	0.0001044575354416	0.00065223647302936	0.00075669400847096	12.80807817109	107.74316568571	5.0323798237752
4.872	0.65401235965124	11651.845759001	0.34826474106173	0	40.200552992853	72.428687299474	138.14817394091	358.94164623086	107.18474685736	13.461584743875	0.39385766316637	197.45457825033	1.5168562541834	14.696589865563	4.5573689212933	19.253958786856	116.30855419078	198.56973212174	0.1256699468983	38.08728043475	715.51589214261	3.145245651177	4.1082620618097	7.2535077129867	9.3827495415684e-05	0.000595324558711	0.00068915205412668	10.903766577263	107.86220955315	4.4823572386372
5	0.62452217886606	11651.932313814	0.33176809370957	0	38.3346565198	72.05880959066	138.23526308757	359.36777032818	107.2165408432	12.785274260357	0.37424278402976	197.5224819123	1.4377952513189	14.161485044319	4.4245409503133	18.586025994632	116.32540497712	198.56705121562	0.11952147327222	37.945803337105	715.53920802839	3.0488599684057	4.1136101240592	7.1624700924649	9.0823655642281e-05	0.00058175289546618	0.00067257655110847	10.344776122622	107.89501686616	4.3494923523712
5.2	0.58190820415333	11652.066591027	0.30780402181403	0	35.611839814942	71.484658985002	138.37545794974	360.00383107026	107.26280413732	11.79895771816	0.34596543050239	197.62064188266	1.3237312547377	14.102594291832	4.9490214170085	19.051615708841	116.34751127393	198.55893661163	0.11056484233596	37.681263175277	715.55920282761	2.962437273667	5.153699278189	8.116136551856	8.6243098496305e-05	0.00053266262698164	0.00061890572547795	9.5296753931345	107.94062104936	4.0550662748645
5.48	0.52829412749281	11652.252641674	0.27774966476074	0	32.162202376925	70.688536995643	138.57936289954	360.83772065692	107.32146972737	10.550539320332	0.3105197674443	197.74420466322	1.1837556446828	12.960747464846	4.0699175697894	17.030665034635	116.37058376223	198.54020520729	0.099311472769856	37.212943785397	715.55630340488	2.7849306434271	4.2914666656799	7.076397309107	8.0899288071954e-05	0.00049434437838296	0.00057524366645491	8.4982088155042	107.99385420114	3.7917190853973
5.872	0.4637372926527	11652.509377419	0.24162136779408	0	27.962045128833	69.588868309309	138.87618368711	361.9116614035	107.39463115004	9.0327523156651	0.26795848623087	197.89757148783	1.0195845167604	11.757860903489	3.7460247492472	15.503885652736	116.3893731037	198.5011933421	0.085751918882281	36.408962160725	715.4985257454	2.5796458041727	4.1961459246609	6.7757917288335	7.490669842865e-05	0.00046643459064146	0.00054134128907011	7.2446357225889	108.04995230964	3.5394055134953
6	0.44480303388803	11652.59243241	0.23107871121322	0	26.727131299602	69.233491618165	138.97533361702	362.24228103661	107.41671052202	8.5870502517385	0.25550248192368	197.94374507902	0.97231021628866	11.4441277238	3.6651959597756	15.109323683576	116.39262025471	198.4856890424	0.081792830835513	36.119313308036	715.46800238704	2.5231365446735	4.2014520575191	6.7245886021926	7.3168621138614e-05	0.00045880962800038	0.00053197824913899	6.8766318047879	108.06427837088	3.47075168045
6.2	0.41758906130642	11652.721304089	0.21579279810077	0	24.924352548605	68.681849898397	139.13202296307	362.73902200674	107.44914026517	7.9369611437024	0.23756630153983	198.01140966303	0.9039501800824	11.448512173108	4.0155823170446	15.464094490152	116.39497614278	198.45887630649	0.076037817063748	35.583410054524	715.40944240769	2.4833470192322	5.1001220093832	7.5834690286155	7.0565760194729e-05	0.0004367792178414	0.00050734497803613	6.339985067698	108.08293918488	3.3363242653203
6.48	0.38354389296564	11652.899902331	0.1966821665101	0	22.638896682568	67.916937703672	139.35407968839	363.39582055449	107.49072051487	7.1139453980512	0.21513168940021	198.09799041104	0.81953369245376	10.733740222804	3.4330891127586	14.166829335562	116.3931833948	198.41647855238	0.068826770885239	34.798092323077	715.30703290922	2.3689956907369	4.3637711184979	6.7327668092348	6.7431163672225e-05	0.0004165106353461	0.00048394179901833	5.6608155158467	108.10207643997	3.2034688558376
6.872	0.34298137079541	11653.146414376	0.17384660697131	0	19.853459392399	66.860375996929	139.66694296138	364.24789316477	107.54263409603	6.1130209080522	0.18831751700767	198.20608680236	0.72004698740782	9.9909919414033	3.2332486407488	13.224240582152	116.38187920639	198.34868143817	0.060179628185418	33.65963247206	715.12811447279	2.2292569960166	4.275366179318	6.5046231753346	6.3830743642982e-05	0.00040004715464341	0.0004638778982864	4.8352641467264	108.11672888332	3.0656147089641
7	0.33112678684239	11653.226102945	0.16720999210121	0	19.03382712112	66.51893205588	139.76921545695	364.51126796116	107.55823650381	5.8190183563149	0.18048736571801	198.23859860498	0.69135317025017	9.7980011957877	3.1829495631883	12.980950758976	116.37629964042	198.32471890403	0.057662368069564	33.283778174653	715.06197578498	2.1897390184779	4.2771617661043	6.4669007845823	6.2781762058456e-05	0.00039541420341763	0.00045819596547609	4.5928805240122	108.11888372587	3.0273865254427
7.2	0.31435970370417	11653.349759756	0.15764480304981	0	17.836601711422	65.988917314892	139.92837667396	364.90753456386	107.58104953903	5.3901111839573	0.16928776908834	198.28615552239	0.64996519909603	9.8589477824939	3.4602432592938	13.319191041788	116.36579721352	198.28556361363	0.054019939872685	32.621960810571	714.95142106469	2.1682567945075	5.0724099724204	7.2406667669279	6.1206097001957e-05	0.00038220085642245	0.0004434069534244	4.2393870370256	108.11979338742	2.9531893853771
7.48	0.29370647043397	11653.521142525	0.14580039930635	0	16.31744953367	65.253992475192	140.14891476147	365.4318202097	107.60999855978	4.8469473060069	0.1553820528213	198.34662606529	0.5989867307875	9.3885235433448	3.036032509508	12.424556052853	116.34774135385	198.22752736992	0.049486288551039	31.703220469925	714.78309708604	2.0814456321825	4.4114397247414	6.4928853569239	5.930301867609e-05	0.00036937891614074	0.00042868193481683	3.7919443366367	108.11645773337	2.8816034047875
7.872	0.26975513059396	11653.757712601	0.13186380933275	0	14.463340343114	64.238850126352	140.45005358508	366.11020217879	107.64526329825	4.1860555025482	0.13895174901471	198.42073848479	0.53935898534331	8.9163716883569	2.9104795115313	11.826851199888	116.31664479954	198.14068321951	0.044103948506149	30.452121597729	714.52384410959	1.9704076615855	4.322720241956	6.2931279035415	5.7137955415751e-05	0.00035945188190235	0.0004165898373181	3.2479345301612	108.10377838201	2.8118121469516
8	0.26280487768337	11653.8341589	0.12785102082157	0	13.917117124814	63.910792845207	140.54634780081	366.31928784472	107.65562602238	3.9918548819383	0.13416947038216	198.44264588874	0.52225935670805	8.7974270257487	2.8799715177407	11.677398543489	116.30524219709	198.11112009984	0.042545692834301	30.054709553023	714.43406961388	1.9383200537248	4.3208890816592	6.259209135384	5.6512174086542e-05	0.00035672119411357	0.00041323336820012	3.0881810838025	108.09790495877	2.7934290297908
8.2	0.2533512562204	11653.952787119	0.12213890916616	0	13.118598179141	63.401557566564	140.6938562535	366.63270602483	107.67044824522	3.7084650389011	0.12742063932946	198.47413905533	0.49783624815816	8.9029122050525	3.1219362900781	12.024848495131	116.28623777506	198.06378800115	0.040307651713611	29.388660360283	714.28898327183	1.9236711808887	5.0476936251901	6.9713648060789	5.5570865030551e-05	0.00034820460322897	0.00040377546825952	2.8551631415558	108.08710266167	2.7550033697475
8.48	0.24208472026301	11654.117205061	0.11518833043458	0	12.104049081917	62.695445235579	140.89354036994	367.04457921208	107.68853336925	3.3494246882546	0.11912679226497	198.51296050284	0.46809008179822	8.5878774050319	2.792793696806	11.380671101838	116.2574009678	197.99538742131	0.037545907626903	28.491400999307	714.07684406951	1.8486387532881	4.431625221913	6.280263975201	5.4455672883366e-05	0.0003399718253053	0.00039442749818866	2.5601498979575	108.06893732296	2.7248602579166
8.872	0.22961566025406	11654.344174532	0.10718552601423	0	10.863315657426	61.720100168507	141.15748962859	367.57126616276	107.70903384253	2.9122640751753	0.1093984607643	198.55793817519	0.43386676524957	8.2956428404715	2.7193976135035	11.015040453975	116.21316306109	197.89592742958	0.034292095651766	27.315188776863	713.76413417261	1.750061242804	4.3384323100839	6.0884935528879	5.3237161210429e-05	0.00033477558762954	0.00038801274883997	2.2013429751286	108.03822578848	2.7059499413484
9	0.22597750948884	11654.417507823	0.1048985715597	0	10.497185029158	61.404904872185	141.2400044121	367.73218655501	107.71468387814	2.783732664835	0.10654234628729	198.57060521218	0.42412673334101	8.2277443669886	2.7035714790286	10.931315846017	116.19789519884	197.86265917268	0.033349290224495	26.950765884877	713.65862260638	1.7213924235427	4.3329953594735	6.0543877830162	5.2889521078257e-05	0.00033342825197254	0.00038631777305079	2.0959459339443	108.02705779885	2.7027562386984
9.2	0.22131287839823	11654.531310799	0.10168285904805	0	9.961317908961	60.915634769131	141.36451848779	367.971758078	107.72227217258	2.5960957725046	0.10252149881678	198.58797701081	0.41045097296794	8.3701644487745	2.9282207928717	11.298385241646	116.17325812326	197.80992972731	0.031998857775899	26.359258899825	713.49054166175	1.7100222297363	5.0193041065099	6.7293263362462	5.2358366306533e-05	0.00032777158121587	0.0003801299475224	1.9421814815382	108.00853819739	2.6889158330789
9.48	0.21580168845965	11654.6890542	0.097764039816332	0	9.2792343510393	60.237206144163	141.52969187873	368.28355466678	107.73052720973	2.3582183102098	0.097470791751768	198.60771307283	0.39380383064312	8.159432232802	2.6596581533014	10.819090386103	116.13731556734	197.73471935699	0.030308495894669	25.577903390489	713.24923047646	1.6424651146077	4.4263784790122	6.0688435936199	5.1741003916582e-05	0.00032249576705217	0.00037423677096875	1.7474449260024	107.98061642645	2.68845582167
9.872	0.20934108792406	11654.906843111	0.093105353625816	0	8.4427340428888	59.300099764984	141.74298535621	368.67799227004	107.73798957385	2.0682965642873	0.091163080171334	198.62751870436	0.37430345731324	7.9910978684232	2.6254475393426	10.616545407766	116.08452144291	197.62704926548	0.028235130713656	24.575999386325	712.90097045825	1.5557968227825	4.3271891863622	5.8829860091447	5.1072587061849e-05	0.00032046986589353	0.00037154245295538	1.5104799332968	107.93807928939	2.7035467290486
10	0.2072412543804	11654.977211752	0.091713534263617	0	8.1953139902972	58.997262434283	141.80877055296	368.79783846082	107.73958240709	1.9829851640762	0.089206882203293	198.63237988601	0.36858852494647	7.9585314853197	2.6207103089135	10.579241794233	116.06676317001	197.5913878434	0.027609578829166	24.269561715309	712.78499929578	1.5313513615748	4.3189154339377	5.8502667955125	5.0873051898759e-05	0.00031997689967537	0.00037084995157413	1.4408440909841	107.92344630719	2.7095268351469
10.2	0.20431562980362	11655.086424186	0.089718044299827	0	7.8326030509546	58.5271752523	141.90749452163	368.97597219717	107.74110644323	1.8583708600965	0.086293160126338	198.63810770126	0.36068297268638	8.1265548692509	2.8348399646482	10.961394833899	116.03853963687	197.53520319082	0.02669799694714	23.774977677867	712.60166766678	1.5268667943257	4.9877769288431	6.5146437231687	5.0530724627766e-05	0.00031562823993363	0.0003661589645614	1.33922195318	107.89989207121	2.706824905113
10.48	0.2001768060651	11655.237825606	0.087019354174347	0	7.3697520728357	57.875345859405	142.0380701732	369.20799374906	107.74149422963	1.7002463395752	0.082283487763435	198.64276717467	0.35028029312038	7.9795110923696	2.6035200276773	10.583031120047	115.99816050232	197.45569120155	0.025463437140083	23.123768394115	712.3410478751	1.4720791339292	4.4045391921329	5.876618326062	5.0092008917898e-05	0.00031143902934632	0.00036153103826422	1.2104617717635	107.86562765612	2.716234022133
10.872	0.19391733181888	11655.446899449	0.083287556154071	0	6.7999055321157	56.974980570067	142.20769231701	369.5041804352	107.73929966051	1.5072529963881	0.076703289014314	198.64408440786	0.33641163769664	7.8854642852249	2.5952812342684	10.480745519493	115.94017033072	197.34291939308	0.023783661624067	22.286016099847	711.96930453025	1.4060717986501	4.3021680830209	5.708239881671	4.9529720364392e-05	0.00031027548683041	0.0003598052071948	1.0536666144551	107.8154273735	2.7341963372625
11	0.19172791906312	11655.514457902	0.082066568621534	0	6.6308167399572	56.68401694985	142.26046784712	369.59505321006	107.73805021551	1.4503963363641	0.074905429280318	198.64350310688	0.33195993807537	7.8730453676019	2.5973607270776	10.470406094679	115.92092498569	197.30578302319	0.023245783946183	22.028442240077	711.84641874479	1.3884944443033	4.2928728286179	5.6813672729212	4.9342695444567e-05	0.00030992880596546	0.00035927150141002	1.0075620694612	107.79854999443	2.7391308539845
11.2	0.18822029755454	11655.619317938	0.080280141601506	0	6.3823874254532	56.232361040382	142.34045657287	369.73148038041	107.735512296	1.3672770880171	0.072129798848871	198.64145338443	0.32582075839595	8.0507755184669	2.801653629208	10.852429147675	115.89058423625	197.24748028403	0.022456507242988	21.60303006737	711.6530112597	1.3952581502711	4.9602063546206	6.3554645048917	4.899324416584e-05	0.00030616630676739	0.00035515955093323	0.94025139707628	107.77173545814	2.7327814631388
11.48	0.18300760796814	11655.764702169	0.077628726944276	0	6.06427680502	55.606088692636	142.44813069525	369.91207155003	107.7309345355	1.2616689321432	0.068208444946919	198.63659122884	0.31682727977034	7.9322216240359	2.5897817646442	10.52200338868	115.84761602635	197.16533903774	0.021326457281795	21.036122898351	711.37960479105	1.3566997434029	4.3808570138023	5.7375567572052	4.8492799802939e-05	0.00030178899419273	0.00035028179399567	0.85490835888362	107.73335480373	2.7313326462112
11.872	0.1753305814127	11655.965494313	0.073764847077817	0	5.6705711447769	54.741025013265	142.59195333947	370.14849140589	107.72301768681	1.1325127621847	0.062831040888639	198.62687887404	0.30362734875033	7.8699210168315	2.594233565735	10.464154582567	115.78659813088	197.04942494273	0.019743383698682	20.293080102946	710.99220911357	1.3117691477867	4.2787477059229	5.5905168537096	4.7802111893593e-05	0.00030002654116927	0.00034782865306286	0.75087516789876	107.6781480906	2.7285677237127
12	0.17281713733775	11656.030380551	0.07249842362365	0	5.5532474746697	54.461469725221	142.63759951253	370.22233348333	107.72014060184	1.0943990829713	0.061145114592143	198.62314321361	0.29924241255599	7.8652264812204	2.5991349222711	10.464361403491	115.76648061107	197.01137142926	0.019237408107727	20.061699316294	710.86469040751	1.3003521032413	4.2697291745027	5.570081277744	4.7573622833434e-05	0.0002994830027587	0.00034705662559213	0.72025828525963	107.65979743287	2.7265180523655
12.2	0.16886536734054	11656.131097809	0.070631316155157	0	5.3803643617083	54.027522690014	142.70770287204	370.33461261339	107.71533113825	1.0386151708995	0.058592761969882	198.61668275182	0.29289762359441	8.0406130654528	2.7940888060262	10.834701871479	115.73487599437	196.95173068148	0.018490124585144	19.666390945346	710.66449397842	1.3163705549762	4.9415316724835	6.2579022274597	4.7173790414348e-05	0.00029656068000801	0.00034373447042236	0.67553163002621	107.6308282554	2.7136782459698
12.48	0.16334516059686	11656.27074671	0.067961954895802	0	5.1579813553722	53.425805686516	142.80376626726	370.48574754337	107.70803755182	0.96760829810955	0.055127320174557	198.60652283895	0.28372641494405	7.9290632960292	2.5908164720689	10.519879768098	115.69030724887	196.86788715864	0.017455555397458	19.133663448322	710.38241105597	1.2892605400252	4.3638577918425	5.6531183318677	4.6595091719639e-05	0.00029203333232024	0.00033862842403988	0.61876829813883	107.58970661095	2.6992233140166
12.872	0.15584730603264	11656.463631021	0.064276889465016	0	4.8808592024288	52.594659967178	142.93484929098	370.68768013367	107.69697655416	0.88052282370659	0.050614521667193	198.59061053641	0.27070765675718	7.875675343402	2.6001904224057	10.475865765808	115.62731967873	196.74987976197	0.016071333589229	18.426200325059	709.98430010256	1.2570628357741	4.2627267447976	5.5197895805717	4.5815253140979e-05	0.00028972231507534	0.00033553756821631	0.54947044457446	107.53114118518	2.6782344091558
13	0.15349874751988	11656.525963493	0.063112145429823	0	4.7978193552336	52.326065783367	142.97698560618	370.75155796567	107.69319165084	0.85476392921989	0.049238938848869	198.5850681232	0.26650146773858	7.8729725843322	2.6059746993491	10.478947283681	115.6066156435	196.71120620129	0.015642144939887	18.204227392973	709.85359548105	1.2490850169559	4.2541267746892	5.5032117916451	4.5565219596365e-05	0.00028904242902633	0.00033460764862269	0.52905076904388	107.51179910374	2.6709140912191
13.2	0.14991350341766	11656.622718958	0.061342146115937	0	4.6749924666771	51.909133395333	143.04215327384	370.84944282151	107.68709404552	0.81700126868113	0.047175500164247	198.57603362389	0.2599983062116	8.0429639754693	2.7937301910518	10.836694166521	115.57413577787	196.65064713618	0.014989372939266	17.819117569303	709.64870820481	1.2700403983977	4.9302138441399	6.2002542425376	4.514699345139e-05	0.00028654412848972	0.00033169112194111	0.49919471292017	107.4813737261	2.6545777645515
13.48	0.14509088175924	11656.756878481	0.058964856050286	0	4.5160822194955	51.331009106764	143.13219231684	370.98243833426	107.67821468496	0.76881114389432	0.044478976502758	198.5626834245	0.25111632618707	7.9314994032543	2.5942620712109	10.525761474465	115.52841205647	196.5656138829	0.014132625577247	17.297793613175	709.36060407107	1.2486062102875	4.3530040220345	5.601610232322	4.4546319440738e-05	0.00028193286073569	0.00032647918017643	0.46125206510867	107.43839343894	2.6333898343697
13.872	0.13877209930127	11656.942186939	0.055858585360439	0	4.3163458785945	50.532451690025	143.25608987325	371.16199996753	107.66522237028	0.7094779658879	0.041070071244339	198.54284001125	0.23925779706219	7.8807614423403	2.6058285788658	10.486590021206	115.4639423855	196.44612559782	0.013041887221062	16.602357575928	708.9550222171	1.2223519508836	4.2522699647932	5.4746219156768	4.3750914671388e-05	0.00027935356637295	0.00032310448104434	0.41483272802145	107.37754768813	2.603761107534
14	0.13682050980835	11657.002071851	0.05490208522927	0	4.2560836942292	50.274388873114	143.29608850483	371.21915789002	107.66085889296	0.69187148678357	0.040043291969855	198.53610974574	0.23555374087944	7.8788915354924	2.612020493346	10.490912028838	115.44278726701	196.40701174046	0.012711715174627	16.383656899253	708.82208936102	1.2159458165827	4.2438549162792	5.459800732862	4.3499812346569e-05	0.0002786288289755	0.00032212864132207	0.40113048468722	107.35753219779	2.5940718370986
14.2	0.13387559260932	11657.095029151	0.053416789779088	0	4.1665346849585	49.873804062558	143.35807160787	371.30704321064	107.65390744317	0.66600285574749	0.038502152184541	198.52531392979	0.22965477096255	8.0448645019404	2.7946611022389	10.839525604179	115.40962948963	196.34580200352	0.012199083409704	16.005753481678	708.61391434872	1.2391601005466	4.9228477088797	6.1620078094263	4.3081509494596e-05	0.00027603322878363	0.00031911473827822	0.38107151568836	107.32611877736	2.5754964090442
14.48	0.12996135118569	11657.223924074	0.051488556710656	0	4.0498642124414	49.318347527537	143.44386681488	371.42690590917	107.64391736535	0.63287687403994	0.036524904190664	198.50965723925	0.22188822090426	7.9330430957908	2.59727674338	10.530319839171	115.36300792421	196.25993004234	0.011546675660982	15.493859459165	708.32157755219	1.2202399404745	4.3454287668434	5.5656687073179	4.2484171787221e-05	0.00027135343545353	0.00031383760724076	0.35553045419533	107.28187855737	2.5511211793232
14.872	0.12487061017036	11657.401963903	0.04903402844095	0	3.9017069422974	48.551100796265	143.56204225313	371.5894057481	107.62949037533	0.59187605409224	0.034048897458343	198.48680837123	0.21190012909634	7.8845681773486	2.6103159356571	10.494884113006	115.29738393081	196.13940393237	0.01073749372606	14.810883546222	707.9107201767	1.1965734685128	4.2445506684256	5.4411241369384	4.1695841573094e-05	0.00026870491873335	0.00031040076030644	0.32419052245884	107.21948742574	2.5177894553133
15	0.12329719900387	11657.45950014	0.048285467083664	0	3.8566462427483	48.303156439886	143.60019059641	371.64125463815	107.62468137642	0.57965719628046	0.033304092194324	198.47913933466	0.20883910322379	7.8836194808468	2.616869025335	10.500488506182	115.27587707562	196.09998248342	0.010495112642006	14.596145979889	707.77620761748	1.190850521648	4.2361386392404	5.4269891608884	4.1448036623731e-05	0.00026798803909265	0.00030943607571638	0.31491676702184	107.19901531406	2.5070890376316
15.2	0.12092725561517	11657.54881223	0.047111762714283	0	3.789326637491	47.918278265639	143.65927485141	371.72105641365	107.61705245069	0.56165131398741	0.032184059401203	198.4669113185	0.20392335653422	8.0471809819092	2.7957684430745	10.842949424984	115.24219341308	196.03832133213	0.010115502468512	14.227855476973	707.56569646238	1.2150774242052	4.9171769864678	6.132254410673	4.1031269323632e-05	0.00026524112567615	0.00030627239499978	0.30131756276576	107.16693293918	2.4870496267818
15.48	0.11777401960142	11657.672653683	0.045603233729218	0	3.7009124000413	47.384600753702	143.74095004485	371.82997034566	107.60614536737	0.53848860567884	0.03075226692056	198.44930791828	0.19755138928646	7.9359326325399	2.6000693826907	10.536002015231	115.19488233602	195.95187341862	0.0096374946322011	13.729478972247	707.27034007439	1.1972283930428	4.3392170981221	5.5364454911648	4.0436504538174e-05	0.00026057503398189	0.00030101153852006	0.28395556493042	107.12184036525	2.4608864250703
15.872	0.11365193335721	11657.843714923	0.043690953069882	0	3.587335262167	46.647437131669	143.85315981559	371.97768549621	107.59048232022	0.50962186036311	0.028955940090755	198.42382220293	0.18946994828728	7.890675174933	2.6146736208639	10.505348795797	115.1283803298	195.8306408676	0.0090485245143145	13.065698863192	706.85569522398	1.1745878656121	4.2378295303092	5.4124173959213	3.964711311825e-05	0.00025794029723761	0.00029758741035586	0.26256457705693	107.05840292489	2.425399263082
16	0.11236922134075	11657.898996024	0.043106911602376	0	3.552484815824	46.409214509825	143.8893011457	372.02481173128	107.58527889801	0.50097130718526	0.028413249508327	198.41530918381	0.18700647765025	7.8909720516788	2.6216810289991	10.512653080678	115.10660697218	195.79101091842	0.0088722015386422	12.857302136326	706.72004254367	1.1691203204353	4.2292976470915	5.3984179675268	3.9398828673968e-05	0.00025724500890871	0.00029664383758268	0.25621354392584	107.03762125936	2.4140534156336
16.2	0.11043271856281	11657.984807802	0.042186036571868	0	3.5001149958857	46.039427146458	143.94517129995	372.09730434117	107.57703975985	0.48817537445389	0.027594967239874	198.40177354246	0.18303612049978	8.0534497646042	2.7978713467058	10.85132111131	115.07252667846	195.7290453042	0.0085948046708791	12.500916143923	706.50783970984	1.1937565982307	4.9121219229908	6.1058785212215	3.8976245045641e-05	0.00025434539680118	0.00029332164184682	0.24687863106005	107.00508540128	2.3929195857916
16.48	0.10784016237467	11658.103796134	0.041000158390331	0	3.4307418877995	45.526674750769	144.02215850691	372.19609141877	107.56528693566	0.47161910031742	0.026544955421252	198.38235480348	0.17790385172758	7.9437383503424	2.6038126302233	10.547550980566	115.02469899966	195.64221167241	0.0082454406704255	12.019571442084	706.2102850667	1.1762418210406	4.3332355332585	5.5094773542991	3.8371911963989e-05	0.00024967084502629	0.00028804275699028	0.23491781094203	106.95941459851	2.3652740554235
16.872	0.10441728018469	11658.268154512	0.039486462210918	0	3.3405395399762	44.818414756876	144.12740777534	372.32972522858	107.54844917612	0.45080702502142	0.025217080727258	198.35434355726	0.1713911532831	7.9028251205372	2.6203661348452	10.523191255382	114.95754253404	195.52050923376	0.0078131679214162	11.380408932889	705.79286090278	1.153769317868	4.2310064072935	5.3847757251615	3.7562482258521e-05	0.00024699868937851	0.00028456117163703	0.22010042136178	106.89526588253	2.3277020399806
17	0.10334258521836	11658.321269442	0.039020918668188	0	3.312608470883	44.589532693174	144.16117839196	372.37226313728	107.54286311018	0.44452730234772	0.024812856068979	198.34500719714	0.16939981113207	7.9047215483229	2.6279707644984	10.532692312821	114.93557077091	195.48074115611	0.007683085133663	11.18022444055	705.65636629457	1.1483095762434	4.2222513073528	5.3705608835962	3.7307515779492e-05	0.00024630807730273	0.00028361559308222	0.21568142646456	106.87427337563	2.3156750114116
17.2	0.10171411188488	11658.403718786	0.038283361997927	0	3.2703879715942	44.234244451427	144.21322685301	372.43756430701	107.53402424652	0.43519515417322	0.024201059420998	198.33018106973	0.16617957256391	8.0672018988075	2.8022605331279	10.869462431935	114.90119555907	195.41857457541	0.0074776316166147	10.837396727951	705.44290907946	1.1730133773378	4.9070945517622	6.0801079291	3.6868175879405e-05	0.00024314929966439	0.00028001747554379	0.20916630534783	106.84142833214	2.2933162824649
17.48	0.09951692200583	11658.518044762	0.037326901121833	0	3.2139776278692	43.74159673062	144.28459790477	372.52620911523	107.52142483178	0.42303554022552	0.023410110812879	198.30894119427	0.16200001189639	7.9597059725565	2.6097684286463	10.569474401203	114.85298423712	195.33148772559	0.0072174153978987	10.375631937931	705.14371421175	1.1553663544809	4.3266837659599	5.4820501204407	3.6239026708175e-05	0.00023834687143813	0.0002745858981463	0.20077889203717	106.79536257459	2.2639104276968
17.872	0.096583851543715	11658.675962997	0.036091893344892	0	3.1397559570601	43.06110710443	144.38145403834	372.64542081369	107.50338313727	0.40759235155559	0.022398275172962	198.27834235876	0.15665310623866	7.9240955852802	2.6287116727373	10.552807258018	114.78534140057	195.20947891596	0.0068922173809515	9.7650642913669	704.72419747179	1.1324797177691	4.2232539031555	5.3557336209246	3.5389264465067e-05	0.00023552118273653	0.0002709104472016	0.19031407368552	106.73072655623	2.2237653382436
18	0.095654500652879	11658.726996527	0.035708579973673	0	3.1165719715146	42.841199364253	144.41235820555	372.6831894476	107.49739863962	0.40289498445731	0.022087273894603	198.26815035484	0.15500625915739	7.9279114355417	2.6370641079414	10.564975543483	114.76322188906	195.16962124788	0.006793529214393	9.574470868484	704.58706456946	1.1268538392727	4.2141776789549	5.3410315182276	3.5121483443277e-05	0.00023480676289281	0.00026992824633609	0.18717519700898	106.70958924018	2.2108906575465
18.2	0.09424108466541	11658.806214851	0.035098457494509	0	3.0813312754875	42.499841747832	144.45978064324	372.74094544422	107.48792873403	0.39587677232547	0.021614393500684	198.25197040344	0.15233322566721	8.0912208183055	2.8100299967377	10.901250815043	114.72862673655	195.10732485569	0.0066369701728365	9.24731502869	704.37265202752	1.1514013799246	4.9016666796117	6.0530680595363	3.4654876802177e-05	0.00023125970093783	0.00026591457774001	0.18252927758186	106.67653149779	2.1869650937768
18.48	0.092319734671771	11658.916060342	0.034300503949155	0	3.0338689431906	42.026510418835	144.52434812362	372.81881163356	107.47442563112	0.38665850609632	0.020997318457653	198.22879512271	0.14883930427683	7.986318267536	2.6189526221061	10.605270889642	114.68012854426	195.02007551858	0.0064370089493648	8.8082644408398	704.07219955286	1.1332730827885	4.318938747083	5.4522118298715	3.3987419864217e-05	0.00022621102364698	0.0002601984435112	0.17651238650633	106.63019334845	2.1553596806753
18.872	0.089728970935559	11659.067788997	0.033257201023571	0	2.9707413012199	41.372702316845	144.6110374872	372.92245802599	107.45507643278	0.37481506387311	0.020197375904562	198.19540342522	0.14431987638206	7.956801081954	2.6407401669911	10.597541248945	114.61212021411	194.89787207851	0.0061838488261857	8.2309605250234	703.65106308553	1.1095157746021	4.2139124791727	5.3234282537749	3.3080944498028e-05	0.00022313118700833	0.00025621213150636	0.16893830813115	106.56521997398	2.1120936919212
19	0.088901364627685	11659.11682198	0.032930394619572	0	2.9508680659786	41.161417022707	144.63847189092	372.95502885495	107.4486544437	0.37118059661501	0.019948894797592	198.18427876141	0.14291585644681	7.962828922435	2.6499931519214	10.612822074356	114.58988918306	194.85795799243	0.0061062469652624	8.0515265826042	703.51343260818	1.1035852989899	4.2044177683191	5.308003067309	3.279568274238e-05	0.00022236984564622	0.0002551655283886	0.16665043619936	106.54398211068	2.0982114983687
19.2	0.087639197365464	11659.192934642	0.032408034437192	0	2.9205107516494	40.833443821123	144.68030059376	373.00451326187	107.43848669141	0.36571870266187	0.019569253404279	198.16661365637	0.14062885067035	8.1275707279109	2.8220004549669	10.949571182878	114.55512748443	194.79558039472	0.0059825453449027	7.7433271012921	703.29827187909	1.1278174013248	4.8954872388581	6.0233046401829	3.2294407065254e-05	0.000218352091428	0.00025064649849325	0.16324797625577	106.51077638127	2.0724233280023
19.48	0.085913044106248	11659.298473177	0.031719345349815	0	2.8793395085378	40.378671501956	144.7366591872	373.07047275498	107.4239749793	0.35848273016787	0.019069029466258	198.14129760964	0.13761682415488	8.0254172418612	2.6321385997624	10.657555841624	114.50641094725	194.70823052571	0.0058230503769103	7.3316611459574	702.99682780452	1.1089242668486	4.3095009560744	5.418425222923	3.1580145757118e-05	0.00021299651611424	0.00024457666187135	0.15880971794096	106.46424813339	2.0383016714594
19.872	0.08356741666668	11659.44425141	0.03080876107727	0	2.8240692401407	39.750498762677	144.81112495274	373.15677880761	107.4031514689	0.34907284350025	0.018411990536747	198.10478855345	0.13367806948856	8.0026769966776	2.6572470837918	10.659924080469	114.43812226939	194.58590881369	0.0056183163422875	6.794224291716	702.57440221198	1.0839199039299	4.2024506380026	5.2863705419325	3.0608522083509e-05	0.00020961726633218	0.00024022578841569	0.15316388580272	106.39903828209	1.9916221012184
20	0.082813305163094	11659.491361028	0.030521273615218	0	2.806554735228	39.547497832227	144.83439932797	373.18353045611	107.39623320217	0.34615877890178	0.018205816289167	198.0926173671	0.13244468410632	8.011192616463	2.6675571410882	10.678749757551	114.41580517956	194.54596100501	0.0055549175825549	6.6280972436841	702.43637300335	1.0775719770668	4.1924400312727	5.2700120083395	3.030377829576e-05	0.00020879919153915	0.00023910296983491	0.15144445051157	106.37772970177	1.9766699917962
20.2	0.081661636473061	11659.564487716	0.030060340209948	0	2.7796905813611	39.232384248713	144.86953817128	373.22373048009	107.38527098158	0.3417535946443	0.017889493434156	198.0732805235	0.13043008765375	8.1777691520008	2.8387787974129	11.016547949414	114.38091439804	194.4835354812	0.0054533949444674	6.3431116311787	702.22061003946	1.1013812218439	4.888268884916	5.9896501067599	2.9765431544091e-05	0.00020427877373671	0.0002340442052808	0.14887336970293	106.34441964824	1.9489165278274
20.48	0.080080346767261	11659.665885022	0.029448730169401	0	2.7430471454143	38.795443249897	144.91612119022	373.27628800385	107.36960630863	0.33586730754013	0.017469072595582	198.045546278	0.12775966302971	8.0783204731782	2.6499022388731	10.728222712051	114.33202749329	194.39612755107	0.0053213113984604	5.9647339867873	701.9183626889	1.081502198011	4.2979784213584	5.3794806193694	2.900342161301e-05	0.00019861122802859	0.0002276146496416	0.14549218084203	106.2977569289	1.9122637230777
20.872	0.077921483303841	11659.805941338	0.028633190382004	0	2.6934836268032	38.191900725666	144.97612449726	373.34303624371	107.34709154243	0.32812142662283	0.016910647080421	198.00550581664	0.12423687491652	8.0628962088561	2.6788164261927	10.741712635049	114.26351795514	194.27374000955	0.005149616062341	5.4752298423942	701.49488368288	1.0549707679697	4.1884613780289	5.2434321459986	2.7969808346868e-05	0.00019493965355219	0.00022290946189906	0.14114053858321	106.23237898154	1.862360666727
21	0.077224491996108	11659.851201355	0.028374248923412	0	2.6776946355488	37.996859331599	144.99450102209	373.36322121372	107.33960320102	0.32570168012271	0.016733927109994	197.99214801134	0.12312705141241	8.0741343766674	2.6903365768818	10.764470953549	114.24113257269	194.23377408798	0.005095975233934	5.324972284279	701.35652660881	1.0481272052976	4.1778421359628	5.2259693412604	2.7647374504149e-05	0.00019406754863172	0.00022171492313587	0.1398033627593	106.21101995052	1.8464442986405
21.2	0.076160207560822	11659.921456487	0.027958425222993	0	2.6533983105981	37.694101144972	145.02179434935	373.39294811714	107.32772796926	0.32202333241335	0.016462018907509	197.97091523215	0.12131148615014	8.2426984541172	2.8607414640924	11.10343991821	114.20613883229	194.17132355531	0.005009770645728	5.0677213101507	701.14026645748	1.0714738889121	4.8797974611837	5.9512713500958	2.7076208490449e-05	0.00018904233018309	0.00021611853867354	0.1377921191901	106.17763528615	1.8169130197097
21.48	0.074696458481987	11660.018871063	0.027404380414181	0	2.6201077352769	37.274292307592	145.05698638686	373.43041005769	107.31073891109	0.3170688859586	0.016098251325659	197.94044052409	0.11889421201999	8.1456421453898	2.6725832796742	10.818225425064	114.15711498322	194.08388686276	0.0048967941885143	4.7287517479027	700.83735215598	1.0504862885943	4.2841112663392	5.3345975549335	2.6275353627223e-05	0.0001830913377785	0.00020936669140573	0.1351242491564	106.1308760446	1.7781486308793
21.872	0.072695114122953	11660.153424149	0.02666187290272	0	2.5748154443757	36.694414261049	145.10030053316	373.47521191276	107.28628643175	0.31047841737102	0.01561124862362	197.89640950706	0.1156874301599	8.1377702267684	2.705744327821	10.843514554589	114.08842596328	193.96146974978	0.0047484998959407	4.2952257663364	700.41299180799	1.0223111673393	4.1717060330614	5.1940172004007	2.5197609477733e-05	0.00017916885798514	0.00020436646746287	0.13164878200045	106.0653768223	1.7258688580859
22	0.072047793122115	11660.196905203	0.026425393726452	0	2.5603286928947	36.507020312158	145.11306635833	373.48805427648	107.2781468424	0.30840349709423	0.015456223572807	197.88171494949	0.11467353795275	8.1518640405057	2.7186046691187	10.870468709624	114.06598462527	193.92149652178	0.0047018688933573	4.1633164059643	700.27435893184	1.014952759789	4.1604010003162	5.1753537601052	2.4863962374399e-05	0.00017825404293046	0.00020311800530486	0.13057109432032	106.04398125668	1.7093138416784
22.2	0.071060795584159	11660.264398392	0.026045649083699	0	2.53798103719	36.216133071516	145.13142267904	373.50610691936	107.26523118437	0.30523379179811	0.015217404869898	197.85835181333	0.1130146043335	8.3222110090657	2.8879204990162	11.210131508082	114.03090605941	193.85903687151	0.0046267740594146	3.9378287260734	700.05767913302	1.037902020777	4.869964060337	5.907866081114	2.4272323769531e-05	0.00017275086758846	0.00019702319135799	0.12894059341103	106.0105424308	1.6785654487977
22.48	0.069703973007862	11660.357982189	0.025538786664656	0	2.5072559005248	35.812784651254	145.15375482755	373.52683399592	107.24674000663	0.30093465325348	0.014896644046409	197.82481245065	0.1108012553465	8.2268448571557	2.7001601831287	10.927005040284	113.9817684511	193.77159177964	0.0045278811745146	3.6434994041623	699.75419918859	1.0158456545903	4.2678395983254	5.2836852529156	2.3453061953301e-05	0.00016657523358124	0.00019002829553454	0.12675926072369	105.9637128702	1.638639894384
22.872	0.067851408870869	11660.487241949	0.024858408248449	0	2.4652704377759	35.255643214308	145.17848094387	373.5475305792	107.22010801974	0.29516272166706	0.014465438476049	197.77635580064	0.1078584021558	8.2262316333142	2.7378766563335	10.964108289648	113.91292861157	193.64917036761	0.0043972864727801	3.2723383418138	699.32908663303	0.9861702463962	4.152207229284	5.1383774756802	2.2365159738982e-05	0.00016247298110978	0.00018483814084876	0.1238840756927	105.89812485772	1.5855759305773
23	0.067252483490559	11660.529011908	0.024641587647761	0	2.4518009909404	35.07559685697	145.18506049879	373.5523673184	107.2112409835	0.29333353919533	0.014327769178379	197.76018898076	0.10692694501582	8.2431321493014	2.7521535745235	10.995285723825	113.89043984602	193.6091973775	0.0043560705315672	3.160617361118	699.19021730869	0.97836773792811	4.1401721342339	5.118539872162	2.2031672494449e-05	0.00016153405055175	0.0001835657230462	0.12298481721514	105.87670244761	1.5689442444637
23.2	0.066341360890685	11660.593848551	0.024293941591551	0	2.4309846175237	34.79611510802	145.19363770623	373.55776487269	107.19716943409	0.2905277779205	0.014115746612897	197.73449206887	0.10540467802151	8.4145826321926	2.9198298445166	11.334412476709	113.8552889977	193.54673973502	0.0042896736031392	2.9697542476798	698.97317680489	1.0011308265589	4.8588216374413	5.8599524640003	2.1440385745579e-05	0.00015563924797962	0.0001770796337252	0.12161678330579	105.84322374474	1.5379552223943
23.48	0.065091505375155	11660.683747845	0.023830042226269	0	2.4022929334592	34.408581702546	145.2020656943	373.56052132947	107.17702428813	0.28670041765227	0.013830549637962	197.69762491485	0.10337372971773	8.3197088082094	2.7320747274137	11.051783535623	113.80605368989	193.45930055928	0.0042020322480296	2.7234207022575	698.66920883271	0.97827245948609	4.2494047625011	5.2276772219872	2.0634301402977e-05	0.00014935128321728	0.00016998558462026	0.11977216018192	105.79634225062	1.4983537882639
23.872	0.063390963285784	11660.807916707	0.023208053387323	0	2.3629605341818	33.873285394971	145.20704789088	373.55570566407	107.14802553265	0.28152317361608	0.013446841255292	197.64442760089	0.10067515134741	8.3253253761126	2.774407070588	11.099732446701	113.73708292403	193.33689271728	0.0040860059315158	2.4179222495576	698.24344413594	0.94757629047005	4.1303717098347	5.0779480003048	1.9583710334006e-05	0.00014518358936373	0.00016476729969774	0.1173148704998	105.73068839098	1.4467505298165
24	0.062426413517453	11660.840847934	0.024610289519022	0	2.333233196017	33.728722075136	145.20739426591	373.54989462573	107.13769470941	0.2778608002139	0.013251797388994	197.62537445131	0.10147634630729	8.3314618081014	2.7878411663562	11.119302974458	113.71441583801	193.29674352221	0.004174351773125	2.3260632883136	698.10434177401	0.93442594300357	4.1169913724397	5.0514173154432	1.9515256030882e-05	0.00014558703773622	0.0001651022937671	0.11571504643172	105.70924712902	1.4711746288351
24.2	0.062324628245563	11660.918793115	0.037412123801903	0	2.3604570496621	50.646387064735	145.20492117781	373.55148478338	107.12535865945	0.28083742668155	0.013156281628803	197.60303468057	0.12770282291313	8.5906618819097	2.9767361119585	11.567397993868	113.67969153906	193.23511486861	0.0051267000339322	2.173991713653	697.88684069263	0.99100852962148	4.8509695094266	5.8419780390481	2.1149338617124e-05	0.00014939036672926	0.00017053970534638	0.11679256031445	105.67572646493	1.7512890881365
24.48	0.065985160394915	11661.08028439	0.04571247373563	0	2.5374920495496	74.104643326243	145.19651020305	373.56297947523	107.11167385501	0.30140841985492	0.013748873564209	197.57881927629	0.15275655317712	8.6563844768925	2.8083051873442	11.464689664237	113.6321005691	193.15004134339	0.0057494034382199	1.9864065825078	697.582968812	1.0285764439772	4.2376571554539	5.2662335994311	2.2011569502321e-05	0.00014817488908266	0.00017018645858498	0.12504676198436	105.62884805765	1.9081820312717
24.872	0.077714602677069	11661.407791044	0.051851819964197	0	3.0234550192183	106.50727878484	145.17710181111	373.58464194958	107.09469323032	0.35832476792475	0.015967005558193	197.54926000575	0.1783131730393	8.8579317819053	2.8957665122554	11.753698294161	113.5668142683	193.03204587791	0.0063900719547258	1.7655025613044	697.16131811538	1.05811000928	4.1166149985134	5.1747250077934	2.2478722304877e-05	0.00014806287907298	0.00017054160137786	0.14816558860616	105.56359726213	1.9751402284056
25	0.082909318183405	11661.539980635	0.05366719513994	0	3.2328221579305	116.97857866852	145.16917236653	373.59274123131	107.08935099872	0.38289494216895	0.016985546646884	197.5400144138	0.18619660700097	8.9312993044847	2.9257103364708	11.857009640956	113.54579769673	192.99374825832	0.0066362719135034	1.7025926662302	697.02528024508	1.0642978537601	4.1023312592276	5.1666291129877	2.2619555744687e-05	0.00014846848547715	0.00017108804122183	0.15817612746077	105.54246596492	1.9855190533128
25.2	0.091527190621024	11661.755705015	0.042641321184633	0	3.5613361291604	116.04649472145	145.15573790592	373.59795408258	107.07855017246	0.4214591515025	0.018738272608786	197.52070104198	0.17047225501906	9.1647313439076	3.1576079651778	12.322339309085	113.51279701286	192.93340744541	0.0059925792990762	1.5927236538002	696.81462625963	1.0790042719125	4.8582470941423	5.9372513660548	2.0463127114164e-05	0.00013564772406168	0.00015611085117584	0.17389540745651	105.50965057127	1.660677933165
25.48	0.1020772655265	11662.054816548	0.038099496448647	0	3.9691047957857	114.75405322816	145.13477611182	373.59184840717	107.05919852025	0.4693234127948	0.020981319203592	197.48530745491	0.16189958081011	8.9965910024126	2.9336612250412	11.930252227454	113.46615160253	192.84815878748	0.0060079093773225	1.4529673357877	696.5234679385	1.0160607714301	4.1974746559869	5.2135354274171	1.9109986300943e-05	0.00012833264071525	0.00014744262701619	0.19340325240271	105.46413698947	1.464393186224
25.872	0.1140950403359	11662.467973694	0.039085212331944	0	4.4495823445876	112.96881503315	145.1005222905	373.5747217593	107.02923822187	0.52571525061377	0.023568818678156	197.43013282894	0.16421159131227	8.9105146838156	2.9681259032172	11.878640587033	113.40081582264	192.72884810326	0.0065739145796469	1.2864548597931	696.12226178971	0.94853238662973	4.062685723265	5.0112181098947	1.8471842380463e-05	0.00012655389549806	0.00014502573787853	0.21638227357346	105.40116379237	1.3709516872486
26	0.11750294427703	11662.601489165	0.039963126569773	0	4.5869097615765	112.39189668824	145.08819935019	373.56858292754	107.01922097469	0.54183105766679	0.024301373973467	197.41165484659	0.16669106517167	8.9085376887246	2.981223868457	11.889761557182	113.37957762001	192.69001511277	0.0067850417255917	1.2387195960309	695.99260374185	0.93428871797821	4.0483084991288	4.982597217107	1.8386671212617e-05	0.00012652370591616	0.00014491037712877	0.22294816668028	105.38075849559	1.3568530043281
26.2	0.1223145327963	11662.808745415	0.041537758232539	0	4.7833518794863	111.49635971552	145.06767702798	373.55882259856	107.00347235221	0.56488227105646	0.025340156912378	197.38259014819	0.17172902998151	9.0587614247685	3.1471574088491	12.205918833618	113.34652709246	192.62949347936	0.0071134688956601	1.156704448343	695.79125175294	0.95495631145636	4.826157878215	5.7811141896713	1.8280757739585e-05	0.00012496612060737	0.00014324687834696	0.2323385072155	105.34902026684	1.3431959711704
26.48	0.12816058798926	11663.096137552	0.043748682602363	0	5.024335849565	110.25459513535	145.03638024991	373.54481572527	106.98132951408	0.59315633066445	0.026599668844279	197.3417043388	0.1797098850059	8.9151474843722	2.9308305395287	11.845978023901	113.30057344373	192.54508656361	0.0075358549363488	1.0557500554318	695.51163800886	0.93243872392171	4.1771514227845	5.1095901467062	1.8175127476291e-05	0.00012233534256263	0.00014051047003892	0.2438540835142	105.30485382839	1.3308455414238
26.872	0.13484305278355	11663.493125858	0.046500736973805	0	5.3027707169053	108.53935700078	144.98811123812	373.52521274555	106.95025152418	0.62581686506959	0.028039781213337	197.28429309306	0.19093783424937	8.8942682062052	2.9733750460629	11.867643252268	113.23688461535	192.42750572936	0.0080364421481975	0.9384795990139	695.12401607081	0.90937645375292	4.0506387816065	4.9600152353594	1.8089439432175e-05	0.00012137937486703	0.00013946881429921	0.25715152279498	105.2434714979	1.3197608690059
27	0.13671268767117	11663.621418965	0.047293832621802	0	5.3809489538669	107.98505949069	144.97141818413	373.51884715962	106.9400958337	0.63498525111487	0.028442614472303	197.26552748245	0.19439267743872	8.9098108684812	2.9891942788214	11.899005147303	113.21623852251	192.38923957757	0.0081783537955089	0.90526679977683	694.99824151537	0.90473047675694	4.0377704877474	4.9425009645044	1.8068452936902e-05	0.00012127951085178	0.00013934796378868	0.26088313483219	105.22352222771	1.3169272989794
27.2	0.13932816032671	11663.820569047	0.048426654355144	0	5.4913018661413	107.12463640356	144.94435509876	373.50872759632	106.92416090748	0.64792483709573	0.029010687098535	197.23606963638	0.19956053893574	9.0784186966456	3.155298624647	12.233717321293	113.18412407001	192.32956742427	0.008382912393471	0.84804362344343	694.80244409901	0.93605836164536	4.8200177829918	5.7560761446371	1.7976908566714e-05	0.00011702162831154	0.00013499853687826	0.2661483560483	105.19243767705	1.3065392870546
27.48	0.14242545869368	11664.096720379	0.049794105284573	0	5.6236646959479	105.93156139355	144.90452106862	373.49388462532	106.90173250831	0.66344089374023	0.029681752743792	197.19458580074	0.20606971409399	8.9508441862553	2.9415449564697	11.892389142725	113.13944091984	192.24624700449	0.0086268396335725	0.77802471512556	694.5296489576	0.92173523050467	4.169780517533	5.0915157480376	1.7865838701757e-05	0.00011350096415921	0.00013136680286096	0.27245927601269	105.14907667864	1.2973309075468
27.872	0.14580081010972	11664.478178552	0.051320249698653	0	5.7706972123411	104.28357798587	144.84544127974	373.47235049206	106.8702116298	0.68066790237099	0.030414979993163	197.13626109607	0.21369088932453	8.9420898807873	2.9877811496453	11.929871030433	113.07736278318	192.12997159509	0.0088971082332296	0.69722774787277	694.14991747012	0.90313473887068	4.0424029280988	4.9455376669694	1.7742648252112e-05	0.00011218719774425	0.00012992984599636	0.27946071252821	105.08863255765	1.2879055395973
28	0.14670137741356	11664.601452862	0.051734980630318	0	5.8104513569961	103.75101430879	144.82546735782	373.46515014458	106.85989814388	0.6853233409338	0.030611117320479	197.11717334414	0.21582678467511	8.9600157071296	3.0045343465731	11.964550053703	113.05719231881	192.09208181501	0.0089704189433011	0.67443173649474	694.02636243814	0.89908227852734	4.0292801341488	4.9283624126761	1.7705203130911e-05	0.00011198425952713	0.00012968946265804	0.28135133252219	105.06894884072	1.2851978804613
28.2	0.14791810131435	11664.792811419	0.052312967414589	0	5.8649256572668	102.92432819337	144.79353915929	373.45360958475	106.84372810848	0.6916999862259	0.030878662201878	197.08723796378	0.21889210308955	9.1309220072592	3.171602700609	12.302524707868	113.02576858002	192.03295046708	0.0090738860827651	0.63492454784446	693.83370132425	0.93104519404806	4.8159234050186	5.7469685990666	1.7608512703351e-05	0.00010911580333233	0.00012672431603568	0.2839393319361	105.03824111404	1.2774197587425
28.48	0.14926435588016	11665.058156962	0.052969990630491	0	5.9268771510731	101.7780334302	144.74741923447	373.4365712906	106.82098419158	0.69894634921396	0.03117520958076	197.04511742924	0.22248907690952	9.0032031534646	2.9574808152181	11.960683968683	112.98194489178	191.95029728574	0.0091908856325012	0.58674730317234	693.5646763235	0.91675060265723	4.162508692381	5.0792592950382	1.7478322770453e-05	0.00010629824218222	0.00012377656495267	0.28687686512894	104.99533652211	1.2693776758741
28.872	0.1505412316928	11665.42468536	0.053634201653815	0	5.9889066307891	100.19466729439	144.68046707221	373.41144533255	106.78900054845	0.70619011244131	0.03146001816262	196.9858662711	0.22631153193146	8.994359255728	3.0052985383887	11.999657794117	112.92086849801	191.8347989719	0.0093090470231761	0.53132831622043	693.18915100179	0.8976258508214	4.0338532808791	4.9314791317005	1.7320877266737e-05	0.00010509968978999	0.00012242056705673	0.28980605575998	104.93540874339	1.2600813219739
29	0.1508300079419	11665.54313473	0.05379732498026	0	6.0038480426711	99.682985230405	144.65811836135	373.40294182534	106.7785275913	0.70793145533295	0.031525567035252	196.96646081619	0.22729856867358	9.0121108832252	3.0223956060418	12.034506489267	112.90097960512	191.79712902335	0.0093381430731359	0.515713576287	693.06673870542	0.89335637263277	4.0204967180211	4.9138530906539	1.7271752194759e-05	0.00010486739238208	0.00012213914457684	0.29050802640598	104.9158672525	1.2572878412064
29.2	0.15116344536854	11665.727002867	0.054008041937985	0	6.0222830005534	98.888713184796	144.62268481345	373.38931450587	106.76212094556	0.71007556804191	0.031603256417635	196.93605543201	0.22866100710402	9.1819157952349	3.1891575630597	12.371073358295	112.86995259772	191.7383094492	0.009376148218927	0.48859812408215	692.8756492918	0.92522392807764	4.8120625506331	5.7372864787107	1.7175747789226e-05	0.00010324434380881	0.00012042009159804	0.29136962544027	104.88535718484	1.2514758695868
29.48	0.15140722215407	11665.981960605	0.054206788339519	0	6.0389119677292	97.787364280252	144.57206685268	373.36928237049	106.73906394596	0.71199927522663	0.031663906155359	196.89331515651	0.2300831351203	9.050756609393	2.9735911232105	12.024347732603	112.82660181568	191.65603330305	0.0094122252970956	0.45557910727196	692.60842480531	0.91053453710316	4.1554721527718	5.0660066898749	1.7038341664581e-05	0.00010108523493556	0.00011812357660014	0.29213617947806	104.8426834708	1.2444004260263
29.872	0.1513691861542	11666.334137662	0.054324575223147	0	6.0463977931961	96.26608152706	144.49952117561	373.33972135326	106.70663875286	0.71283767291501	0.03166755861402	196.83319345325	0.23125824090186	9.0391899516139	3.0219409736777	12.061130925292	112.76604285873	191.54096069268	0.0094344502155109	0.4176132520494	692.2347312545	0.89087935209659	4.0258588864528	4.9167382385494	1.686579361318e-05	0.00010006496216026	0.00011693075577344	0.2924529137316	104.78300008814	1.2354660842319
30	0.15127650382547	11666.447949067	0.054329420038321	0	6.0454601693001	95.774462287745	144.47549171106	373.32970444666	106.69601813632	0.71271430558202	0.031651592284559	196.8134976387	0.23147088009239	9.0562045186389	3.0391113567572	12.095315875396	112.74629159408	191.50340787848	0.0094358067391153	0.40690878202159	692.11276931951	0.88645640803054	4.012380934655	4.8988373426855	1.681138502622e-05	9.9832160450312e-05	0.00011664354547653	0.2923943872916	104.76352149811	1.23271021778
