# Time [h]	MS [1]	Lignin [1]	Butyric [1]	Initial_Substrate [1]	Carbohydrates [1]	Substrate [1]	MO_AcidoLCFA [1]	MO_hydroM [1]	Proteins [1]	AA [1]	MO_acetoM [1]	Propionic [1]	Carbondioxide [1]	Carbondioxide_gas [1]	MO_Propionic [1]	MO_ButyricValeric [1]	Valeric [1]	LCFA [1]	MO_AcidoMS [1]	Methane [1]	Methane_gas [1]	Hydrogen [1]	Hydrogen_gas [1]	Lipids [1]	MO_AcidoAA [1]	Acetic [1]	Phi [1]
0.2	5.9064700696289e-05	1.3104332630416	1.1461327564698e-05	0	0.028798688909984	0.0056239902103908	0.015423160843163	0.036095930339322	0.010344410491803	3.8698619653462e-05	0.020930148474999	2.7156705785543e-05	0.69952591442635	0.58237272274971	0.012763172550596	0.022047113870772	3.4276093711826e-06	6.3436733149785e-05	0.079005527774273	0.065781686330542	0.94553660471515	4.6503584662485e-07	2.6118648431225e-05	0.0085311111642435	0.011517221930144	0.0015277461200653	0.90925685620919
0.48	5.2997626944434e-05	1.3059961986914	1.7408930563478e-05	0	0.025556718732163	0.013414008478808	0.015379732601049	0.036280786549723	0.0091717434803293	4.4222813246644e-05	0.020937627899567	5.2895582743511e-05	0.58708207955621	1.025174711697	0.012744399870113	0.022016034720278	5.7637495088992e-06	0.00013571336758881	0.078988160020756	0.073907544004775	0.60627525174444	5.1639700112536e-07	2.9410803321253e-05	0.007562351763369	0.01155943753915	0.001578988742687	0.90898547950344
0.872	4.4248315565982e-05	1.2986315850243	1.6772449878741e-05	0	0.021658940476792	0.024135278165818	0.01531226186084	0.036510750083641	0.0077510074403578	3.8085025879471e-05	0.020929234720047	6.5969831561287e-05	0.45684475130718	0.93776158878476	0.012716327716742	0.021960367270472	5.7332485095291e-06	0.00021976962432278	0.078842197864674	0.078224206662837	0.50067956902839	4.8049051647692e-07	2.7310288957789e-05	0.0063864760181674	0.011602540569992	0.0016488184077917	0.90851641960784
1	4.1734155042849e-05	1.2960069119715	1.6021160051744e-05	0	0.020526605300539	0.027587084227229	0.015288922798357	0.036572647716261	0.007335579357889	3.5727808317525e-05	0.02092280472586	6.6913572032536e-05	0.42259590927709	0.8523175765239	0.012705431576307	0.021936908414505	5.4970201128057e-06	0.00024359025081347	0.078769657945867	0.078788009588675	0.48702524457856	4.6134055533152e-07	2.6189742953735e-05	0.0060421085384248	0.011611134264989	0.0016655326240371	0.90834533985681
1.2	3.8139858289144e-05	1.2989292982375	1.4335903486728e-05	0	0.018986429401305	0.027538378996979	0.015336408765342	0.036859194075025	0.0067684696688721	3.2233140479046e-05	0.021026273073904	6.4646748859135e-05	0.40806333592446	0.97455454697399	0.012757168726248	0.022016642620502	5.0302995194558e-06	0.00027639867338329	0.079073218414956	0.080206208202951	0.66113433497232	4.232012801831e-07	2.3405351196794e-05	0.0055715979661283	0.011683952575977	0.0016642482729069	0.90856188598942
1.48	3.3765646346734e-05	1.3026359185594	1.2514145180178e-05	0	0.017027371971892	0.027462000922712	0.015400553006529	0.037232515763469	0.0060472423792329	2.8070684463118e-05	0.021165519536392	5.8773211287094e-05	0.35709167796624	0.71569909985511	0.012824859474856	0.022117122154732	4.4493925679885e-06	0.00031764506455905	0.079457419300091	0.079754523000373	0.52870688585389	3.7444981274227e-07	2.091899309438e-05	0.0049732450890803	0.011776151306628	0.0016519492541326	0.90883515038058
1.872	2.854937467047e-05	1.3071570457293	1.0442060375304e-05	0	0.014631335766678	0.027341098301545	0.015486389007125	0.037701807060016	0.0051653683731444	2.3234492128313e-05	0.021350605327695	4.8060992247926e-05	0.31154576197868	0.6158724443273	0.012909498404469	0.02223868594198	3.743126969529e-06	0.00036439699900072	0.079924035400674	0.078593278721071	0.53109305545306	3.1350555337768e-07	1.7644487549668e-05	0.0042416594994948	0.011888175462279	0.00160630399512	0.90916628425051
2	2.7016794145891e-05	1.308488508387	9.8491651740204e-06	0	0.013924710655247	0.027298636433735	0.015513572741462	0.037842711469679	0.0049053474282022	2.1836323383202e-05	0.021408882296869	4.4440609970858e-05	0.30127756800584	0.59411774006569	0.012934653399642	0.022274254296954	3.5388589535867e-06	0.00037730200061507	0.080060918451661	0.078189213270939	0.53564118112997	2.9445886670309e-07	1.6599278430587e-05	0.0040259622723276	0.011921065337518	0.0015850034882836	0.90926330582259
2.2	2.4823708380365e-05	1.3104347094715	8.9868214546206e-06	0	0.012891697299249	0.027229580226096	0.015555292277621	0.03805052019881	0.0045252811805376	1.9848600577539e-05	0.02149789147406	3.8987600194834e-05	0.30963961656579	0.72540840648501	0.012971361406654	0.022325954472559	3.2362430940881e-06	0.00039450069034092	0.080260296729522	0.07829582400434	0.66922300236907	2.6807425299589e-07	1.4939628303436e-05	0.003710694317218	0.011968951648589	0.0015428768329491	0.90940471251401
2.48	2.2125844096871e-05	1.3129061809342	7.951384423222e-06	0	0.011579949247347	0.02712786945873	0.015612289265026	0.038317556601116	0.0040427787049681	1.7461353276488e-05	0.021618566349441	3.2384779387715e-05	0.29337680276327	0.58036377108058	0.013017603813676	0.022391066612988	2.8690507482963e-06	0.00041554478450831	0.08051218507445	0.07696440670286	0.55521522665923	2.3619023538046e-07	1.3247844314556e-05	0.0033104776005372	0.012029458823123	0.0014757281191653	0.90958356051505
2.872	1.8884828192209e-05	1.3159241334841	6.7239477811189e-06	0	0.0099788417882917	0.026976902565522	0.015689610498881	0.038649023660712	0.0034540622406653	1.4646944994849e-05	0.021780397985147	2.5165245432087e-05	0.27861507587102	0.54238398365291	0.013073083946237	0.02246960052496	2.4291603742455e-06	0.00043780734718749	0.080817219099557	0.075191953097077	0.5465139461741	1.9969835755275e-07	1.1260355508974e-05	0.0028222043925069	0.012102805740251	0.0013619052088858	0.90980080366961
3	1.7932873234668e-05	1.3168130741601	6.3682046295491e-06	0	0.0095073280123901	0.026925781449922	0.015714297205949	0.038748094662671	0.0032807448316638	1.3828368662172e-05	0.021831640849997	2.3200343357827e-05	0.2754728193665	0.53529808903882	0.013089212106101	0.022492498472682	2.3015066038153e-06	0.00044352937941118	0.080906441682571	0.074667918666498	0.54703811635722	1.8926363380944e-07	1.0680897979452e-05	0.0026784682431657	0.012124288746759	0.0013205700397462	0.9098645332504
3.2	1.6563277300714e-05	1.3181123103646	5.8504680881445e-06	0	0.0088185334168825	0.026844249560424	0.015752344379482	0.03889416529055	0.0030276167053908	1.2655036388069e-05	0.021910132410655	2.053816769107e-05	0.2914969241974	0.67724157536037	0.013112507505451	0.022525704374885	2.1138330501706e-06	0.00045055551087332	0.081036147319209	0.074587474168805	0.6665321452896	1.7479829503777e-07	9.8067558355068e-06	0.0024685544168312	0.012155532032742	0.0012509501183044	0.90995745702738
3.48	1.4860891513805e-05	1.3197614831193	5.2161669740418e-06	0	0.0079447274164459	0.026727043807536	0.015804574211426	0.039082391214255	0.0027066117251007	1.1217160887084e-05	0.0220168848902	1.7549008464276e-05	0.28439448409202	0.55972847085929	0.013141602865643	0.022567351123817	1.8824417391335e-06	0.00045838870706297	0.081199452089033	0.073153674354974	0.55338101265941	1.5764968300568e-07	8.8699433998013e-06	0.0022023742656775	0.012194916860668	0.0011485781698279	0.91007501634349
3.872	1.2810715444469e-05	1.3217738022316	4.4577539637179e-06	0	0.0068793784102413	0.026557799053912	0.015875780759037	0.039317912528982	0.0023154583743051	9.5043734492563e-06	0.022160321010966	1.4350250227105e-05	0.27658318318135	0.53833300555785	0.013176363716157	0.022617230369544	1.6039945465604e-06	0.00046473588755456	0.081396149825227	0.071245302931031	0.54044068519027	1.3810653108473e-07	7.7836676951267e-06	0.0018780695622474	0.012242471333187	0.00099541128301607	0.91021782011053
4	1.2208804730648e-05	1.3223662975189	4.2370140590147e-06	0	0.0065658930045676	0.026501458082504	0.015898592144313	0.039388801557743	0.0022004131548957	9.0046217574831e-06	0.022205743092749	1.346864125172e-05	0.27472488316651	0.53465669095522	0.013186448863745	0.022631685972441	1.522887928761e-06	0.00046581630211453	0.08145342744447	0.070661895362419	0.53978307630945	1.3247598750231e-07	7.4664890160443e-06	0.0017826964318682	0.01225635261147	0.00094353195514916	0.91025971834312
4.2	1.1339933995009e-05	1.3232322487277	3.9153913351153e-06	0	0.0061081309759774	0.026412462282249	0.015933805922552	0.039493911129633	0.0020324757765595	8.2841799087596e-06	0.022275196860547	1.2239548793212e-05	0.29147189953858	0.67715653023663	0.013201022902574	0.022652565212364	1.4039585758392e-06	0.00046623362439531	0.081536452579308	0.070450078468369	0.65938891021831	1.2455796367464e-07	6.9880431974681e-06	0.0016434864163165	0.012276500299097	0.00086057179905707	0.9103208199473
4.48	1.025632251126e-05	1.3243321173866	3.5182794035436e-06	0	0.0055277055462208	0.026286123785113	0.015982254793897	0.039630466493805	0.0018196488392518	7.3935129732824e-06	0.022369183577577	1.0791756335079e-05	0.28429272079712	0.56315761063034	0.013219229545971	0.02267859200703	1.2564663999185e-06	0.00046562073634564	0.081640535772605	0.068688755934323	0.54377012542852	1.1493500954377e-07	6.4519802926274e-06	0.0014670877510072	0.012301818962928	0.00074384059920448	0.91039817453512
4.872	8.9512582303988e-06	1.3256777138594	3.0417077039354e-06	0	0.0048204372164993	0.026106419393837	0.016048488528264	0.039803269811851	0.0015605246859174	6.3270639729322e-06	0.022493688366503	9.1447214014475e-06	0.27395832141357	0.54080495281321	0.013240957555049	0.022709488035666	1.0786954890922e-06	0.0004618666986466	0.081765179897579	0.065942368340437	0.52859171027754	1.0364628405849e-07	5.8168741067852e-06	0.0012523584850617	0.012332256504667	0.00058162334733344	0.91049235739517
5	8.5685631881979e-06	1.3260751625744	2.9028074953564e-06	0	0.0046123944973819	0.026047176478236	0.016069748546268	0.03985571370935	0.0014843561427466	6.0155796942016e-06	0.022532550534712	8.6760035232209e-06	0.27078268906076	0.53578459679197	0.013247246827257	0.022718378197036	1.0268460400091e-06	0.00046002203189673	0.081801317212506	0.065007478338646	0.52737616907385	1.0035194351887e-07	5.6295051325532e-06	0.0011892501156321	0.012341110936723	0.00052953892284823	0.91052006537866
5.2	8.0184613499997e-06	1.3266580574377	2.701888649065e-06	0	0.0043086483188137	0.02595413019973	0.01610259535747	0.039933926728	0.0013732027911524	5.5675923167548e-06	0.022591018820957	8.0123452521156e-06	0.28296937949918	0.66107427754628	0.013256328703519	0.022731166767436	9.5150276503159e-07	0.00045658057248777	0.081853584440093	0.064079837263067	0.64802745870307	9.5686500493445e-08	5.3699535474102e-06	0.0010971663283862	0.01235394132243	0.00045041848543344	0.91056058870798
5.48	7.3300175680374e-06	1.3274038803874	2.4509241207497e-06	0	0.0039235677684209	0.025823053229299	0.016147830596223	0.04003639536508	0.0012323941641496	5.0083967721246e-06	0.022667518465028	7.2029987954292e-06	0.27008971054779	0.54792888346654	0.013267663111711	0.022747023319342	8.5705118484137e-07	0.00045073720713726	0.081918955653737	0.06088538685799	0.53095522942379	8.9892113680285e-08	5.0286025053137e-06	0.00098053648559974	0.012370030288329	0.0003466801899418	0.91061220614104
5.872	6.5080552253258e-06	1.32833135463	2.1513628255042e-06	0	0.0034543736911281	0.025638399927892	0.016209701281455	0.040167634994777	0.0010610346472213	4.3409733424049e-06	0.02276142505051	6.2623562639504e-06	0.24836254090739	0.51198388415244	0.013281195205174	0.022765756668929	7.4379168515538e-07	0.00044085950252165	0.081997234489124	0.055098745623452	0.51209272493071	8.3030698934203e-08	4.6324756331148e-06	0.00083864275268853	0.012389348161686	0.00022331027400686	0.91067592032564
6	6.2679197884182e-06	1.3286094956157	2.0643655185785e-06	0	0.0033163599790963	0.025577912721187	0.016229561179641	0.040207834264336	0.001010680128297	4.1464162030491e-06	0.022788757431181	5.9925273727449e-06	0.24077466825498	0.50095814588532	0.013285116016558	0.022771132927818	7.1085092570837e-07	0.00043727924148273	0.082019958368781	0.053025515528401	0.50980417641149	8.1023442396146e-08	4.51607396122e-06	0.00079695699775532	0.012394966666795	0.00018892671893596	0.91069490766884
6.2	5.9257337342164e-06	1.3290230524651	1.9387481808016e-06	0	0.0031148437118059	0.025483283302616	0.016260223655803	0.040268157204891	0.00093720873943535	3.8669545872532e-06	0.022827093764954	5.6074693509107e-06	0.23882755289136	0.56731997797191	0.013290795100877	0.022778874937108	6.6306123226785e-07	0.00043129191562766	0.082052939157249	0.050002093467652	0.62453716788822	7.8163259043028e-08	4.3471075524343e-06	0.0007361444426292	0.012403119494869	0.00014381263542783	0.91072300540794
6.48	5.503563995593e-06	1.3295636178909	1.7837879417102e-06	0	0.0028593220143014	0.025350657306649	0.016302362263857	0.040347869576278	0.0008441517495492	3.5208186656434e-06	0.022871799927553	5.1388700867953e-06	0.21396025642373	0.46614159538384	0.013297919297088	0.022788497005059	6.0376045481888e-07	0.00042251261557106	0.08209443964767	0.043875443044005	0.51438512398691	7.4622482480271e-08	4.135801692177e-06	0.00065914163431445	0.012413369653176	9.8744803465955e-05	0.91075946128117
6.872	5.0107500261684e-06	1.3302531510999	1.6013534643865e-06	0	0.0025478512056826	0.025164868275389	0.016359634440338	0.04045092654752	0.00073091826063494	3.1114099266994e-06	0.022919633420279	4.5961440711316e-06	0.18020563184984	0.41196370296865	0.013306454259093	0.022799844936779	5.3332669854273e-07	0.00040943683403443	0.082144378748762	0.035752898707884	0.49746902619	7.0446042573495e-08	3.8874226767842e-06	0.00056548297493982	0.012425692095515	6.4706858491523e-05	0.91080546998127
7	4.8684436659305e-06	1.3304627820748	1.5489454175344e-06	0	0.0024561909618457	0.025104203600544	0.016377903378307	0.040482659232983	0.00069764517388248	2.9928056311208e-06	0.022932762105243	4.4414593005632e-06	0.17032106489515	0.3954610535773	0.013308921132673	0.022803074564122	5.1298446293753e-07	0.0004050156413868	0.082158856853707	0.03354203461187	0.49687517610814	6.9230320936019e-08	3.8140328400719e-06	0.00053797175336607	0.012429267690819	5.8068832553967e-05	0.9108193470353
7.2	4.6734287318012e-06	1.3307758880718	1.4745678787833e-06	0	0.002322305291049	0.025009436797797	0.016405927279954	0.040530335931665	0.00064909491708068	2.8250696774255e-06	0.022951219044825	4.2232970908172e-06	0.15915596885396	0.39267220670584	0.01331247413692	0.022807674792406	4.8381684453463e-07	0.00039797652426567	0.082179768786755	0.03115627267776	0.5965000141668	6.7520698284317e-08	3.7092690581585e-06	0.00049783908203971	0.012434434663177	5.112234131544e-05	0.91083996567235
7.48	4.4444582413884e-06	1.331186257354	1.38551838115e-06	0	0.0021524289355341	0.024876842391965	0.01644399952426	0.040593322812926	0.00058759559685739	2.6217076817731e-06	0.022974038399695	3.9641810556489e-06	0.1392826303903	0.33085312303345	0.013316873643884	0.0228132627883	4.4828137917347e-07	0.00038805540699211	0.082205784094587	0.027792328940807	0.51708708296723	6.5450456571982e-08	3.574717557975e-06	0.00044702290868138	0.012440872893815	4.5626520000124e-05	0.91086678307078
7.872	4.2058042753915e-06	1.3317116743663	1.2873009807031e-06	0	0.0019451367389312	0.024691483377068	0.01649474429422	0.040674483612248	0.00051274548153438	2.3921145658114e-06	0.02300195985383	3.6816005224548e-06	0.11894797104685	0.29089632042844	0.013322026892569	0.022819594145345	4.0773020482296e-07	0.00037416511094421	0.082236496160008	0.024639848058529	0.51233478897829	6.3140580167302e-08	3.419940154358e-06	0.00038521423226442	0.012448497611857	4.1883960948516e-05	0.91090074299227
8	4.1416887342783e-06	1.3318724792426	1.2605497557399e-06	0	0.0018840799140419	0.02463105811411	0.016510692710436	0.040699406741539	0.00049074692713094	2.3276634254324e-06	0.02301034713977	3.6052147247471e-06	0.1135586499893	0.27939243819359	0.013323491585552	0.022821337196084	3.963768468018e-07	0.00036965410559314	0.082245280563153	0.023891098167033	0.51417082556236	6.2495509546734e-08	3.3748395067859e-06	0.00036705827445273	0.012450685919837	4.1123058165748e-05	0.91091104830876
8.2	4.0714370866996e-06	1.3321142687315	1.2252401509788e-06	0	0.0017948383784804	0.02453676607376	0.016534859279119	0.040736710877061	0.00045864287250144	2.2420014384749e-06	0.023022773281901	3.5045862407284e-06	0.10673332437267	0.26723435952476	0.013325577131812	0.022823762771412	3.8070849327611e-07	0.00036267110431627	0.082257867029702	0.023349240251236	0.59005730919847	6.1659698684271e-08	3.3117700329161e-06	0.00034057195638674	0.012453825342413	4.0248873173713e-05	0.91092645481127
8.48	4.0179207791495e-06	1.3324354713484	1.1893403666299e-06	0	0.0016814912146137	0.024405048416247	0.016567045851612	0.040785664845651	0.00041796574683766	2.1482974686219e-06	0.023038900148515	3.4028740004949e-06	0.096317005205946	0.23450389757339	0.01332811950046	0.022826607228771	3.6308222176171e-07	0.0003531911808026	0.082273385973104	0.022092105574519	0.53444251931305	6.0790236088158e-08	3.2348617555729e-06	0.0003070326975874	0.012457701164836	3.9488688673168e-05	0.91094674667201
8.872	4.0304397747945e-06	1.3328568336901	1.1635253792271e-06	0	0.0015429543166546	0.024221320508243	0.0166085831852	0.040847953630282	0.00036843657508085	2.0638470335246e-06	0.023059184666486	3.331643690225e-06	0.085814940681612	0.21174174664956	0.01333103533417	0.022829657647865	3.4599766661594e-07	0.0003406284225766	0.082291552454506	0.020618183103776	0.53182685097288	6.0147556558904e-08	3.1558013173743e-06	0.0002662327863751	0.012462239085331	3.9064223240433e-05	0.91097304194386
9	4.0461415746901e-06	1.3329883458509	1.1595575645807e-06	0	0.001502092780501	0.024161517612394	0.016621319525732	0.040866896191463	0.00035387428231564	2.0439659534477e-06	0.023065312700186	3.3215117112419e-06	0.083008371433815	0.20522975562559	0.013331851007565	0.022830455193879	3.4184496022248e-07	0.00033670380508712	0.082296720810927	0.02020325627758	0.53301940984019	6.003178407355e-08	3.1345773428789e-06	0.00025424645473189	0.012463530655463	3.9030391649202e-05	0.91098117399479
9.2	4.1097375987106e-06	1.3331889404173	1.1596636916745e-06	0	0.0014423103906038	0.024068283786895	0.016640246640443	0.040894987404079	0.00033261636273513	2.0274215285491e-06	0.023074359483348	3.3231617841104e-06	0.079406877236873	0.19819781664043	0.013332997915438	0.022831521584084	3.3708769206841e-07	0.00033079039512421	0.082304107186025	0.019906446982304	0.58944356737338	6.0047921140321e-08	3.1090570111813e-06	0.00023675857934152	0.012465372476527	3.9105114637315e-05	0.91099350358167
9.48	4.2488817097582e-06	1.3334610262551	1.173111113657e-06	0	0.0013662611880953	0.023938205763637	0.01666471539852	0.040931332678035	0.00030566895479239	2.0269852843906e-06	0.023085987806427	3.3631148406395e-06	0.073810184164665	0.17999098937357	0.013334368989185	0.022832686551744	3.3406004138907e-07	0.00032308640111131	0.082313200503228	0.018954637432645	0.54569098096654	6.0388365658129e-08	3.0871720069706e-06	0.00021460962408351	0.012467628303511	3.9476483153052e-05	0.91101008402637
9.872	4.523001103311e-06	1.3338278159385	1.2130262087148e-06	0	0.0012730820872342	0.023757029814879	0.016695012285357	0.040976692787393	0.0002728317894735	2.0592566887932e-06	0.023100369781728	3.4812413321087e-06	0.068213157776797	0.16779085826288	0.013335893642903	0.022833770502031	3.3545092740137e-07	0.00031340257199017	0.082323829260902	0.017710147939365	0.54200940443677	6.138351789943e-08	3.0843903388076e-06	0.00018765664828	0.012470240266103	4.0457941109638e-05	0.9110321780266
10	4.6142680464165e-06	1.3339443457896	1.2287623096418e-06	0	0.0012455417140947	0.023698110439107	0.016704051625283	0.040990334068513	0.00026317067641419	2.0722403186843e-06	0.023104672959968	3.5284807430183e-06	0.066732361046379	0.16433902874674	0.01333630960301	0.022834008235308	3.3666980044047e-07	0.00031047657952997	0.082326845099059	0.017350573884438	0.54233454329223	6.175286436831e-08	3.0866092237496e-06	0.00017973589534012	0.012470976867027	4.0847229252741e-05	0.9110391396055
10.2	4.7872510926832e-06	1.3341238534183	1.2571125481261e-06	0	0.0012051896345626	0.023606296940619	0.016717276552008	0.041010439819372	0.00024906055300671	2.1001702575518e-06	0.023110987367882	3.6134380937738e-06	0.064921534347329	0.16127145410138	0.013336881643372	0.022834273363725	3.394487047296e-07	0.00030616581776137	0.082331135657715	0.01708071651506	0.58744712806354	6.2474465646571e-08	3.0989976010873e-06	0.00016817697504296	0.012472019231668	4.1551631817529e-05	0.91104980853925
10.48	5.0404229734167e-06	1.3343700422597	1.3027737359722e-06	0	0.0011537383106287	0.023478267507701	0.016734112571968	0.041036369721228	0.00023115985638534	2.1431479568352e-06	0.023119078716356	3.7514362234275e-06	0.061873870020658	0.15063584752997	0.013337540711381	0.022834448446975	3.4467564719462e-07	0.00030061586661926	0.082336370727367	0.016302072359137	0.5500321339867	6.359526162883e-08	3.121025454841e-06	0.00015353167812041	0.012473280492572	4.2700627026733e-05	0.91106433606981
10.872	5.3625884568579e-06	1.3347048384372	1.3686602992682e-06	0	0.0010904683268295	0.023300024508974	0.01675491148293	0.041069029419638	0.00020931914035937	2.1912991416342e-06	0.023129195850564	3.9583426935847e-06	0.058978036707196	0.14456414339041	0.013338228608527	0.022834358677674	3.523405286842e-07	0.00029362956422693	0.082342339573664	0.01540061857607	0.54583551980773	6.5109164451563e-08	3.1591065025821e-06	0.00013569881927285	0.012474708756498	4.4493020176711e-05	0.9110839074066
11	5.446379903677e-06	1.3348116480647	1.3883290163211e-06	0	0.0010717112757367	0.023242072818569	0.016761172807068	0.041078985951696	0.00020288644328605	2.2006263192979e-06	0.023132273941801	4.0227737448192e-06	0.058240974635225	0.14287118395617	0.013338404806912	0.022834255957255	3.5441331168723e-07	0.00029148994159111	0.082343981652385	0.015165721138103	0.5457997859713	6.5520955327325e-08	3.1690720599363e-06	0.00013045544144753	0.01247510151612	4.5075718222957e-05	0.91109010976915
11.2	5.5662549784385e-06	1.3349761794888	1.4164621657987e-06	0	0.0010441700705091	0.023151771925672	0.016770475559768	0.041093888236776	0.00019348427530764	2.2089887797508e-06	0.023136873760839	4.1182033034284e-06	0.057467309828223	0.14219768495599	0.01333863452425	0.022834026680292	3.5700225739375e-07	0.00028823405732695	0.08234625090399	0.015083381606857	0.58524074231165	6.6101923788594e-08	3.1815271942318e-06	0.00012280073569699	0.012475646290807	4.5976425781796e-05	0.9110996247751
11.48	5.6923584976345e-06	1.3352016261136	1.4501733120423e-06	0	0.0010089364343539	0.023025857616657	0.016782684108188	0.04111362243216	0.00018154187271677	2.2059275319906e-06	0.023142962116458	4.2400814673291e-06	0.05585099526057	0.13556424116337	0.013338872836364	0.022833575002072	3.5921198370798e-07	0.00028393454103333	0.082348862865457	0.014645074117572	0.55157246889523	6.6725800382299e-08	3.1946811497788e-06	0.00011309620701014	0.012476279178286	4.7207569281575e-05	0.91111258737545
11.872	5.7793641829829e-06	1.3355078013339	1.4812133446956e-06	0	0.00096538739316939	0.02285057027175	0.016798561382536	0.041139491676584	0.00016694335900513	2.1707305970142e-06	0.023150967451275	4.3721995407729e-06	0.05449487758005	0.13295722180153	0.013339064814984	0.022832709298379	3.5847194313453e-07	0.00027818922649989	0.082351486556166	0.014203461710389	0.54758762231681	6.7149297379811e-08	3.1978954887113e-06	0.00010126813822764	0.012476933735192	4.874785138863e-05	0.91113005740681
12	5.7892396067219e-06	1.3356055450462	1.4872650221147e-06	0	0.00095242242811624	0.022793585317516	0.016803522365616	0.041147589438517	0.00016263689834036	2.1533573853113e-06	0.023153485773833	4.404615483184e-06	0.054176417637506	0.13224802666789	0.013339096211814	0.022832373192422	3.5730130855403e-07	0.00027635677807788	0.082352105405673	0.014100074087831	0.54748505043435	6.718681630829e-08	3.1947711448738e-06	9.7787543834734e-05	0.012477094658987	4.9188460922285e-05	0.91113560432258
12.2	5.7887573418227e-06	1.3357561384889	1.4923633849475e-06	0	0.00093333028283398	0.022704795567022	0.016811081726395	0.041159927879646	0.00015633549039025	2.1203965497616e-06	0.023157335702155	4.4433613939468e-06	0.054017409887435	0.13318777678762	0.01333911564756	0.022831797236695	3.5447785128549e-07	0.00027348567279191	0.082352844530837	0.014191350930543	0.5842450799611	6.7143722616154e-08	3.1833401544042e-06	9.2703397541279e-05	0.012477296227455	4.9803364966232e-05	0.91114412175749
12.48	5.764008124777e-06	1.3359627996562	1.4926629066971e-06	0	0.000908794986612	0.022581002473714	0.016821338262491	0.041176633295508	0.00014831760506362	2.0666833728748e-06	0.023162579066512	4.4782254045942e-06	0.053170146442886	0.12854797455826	0.013339085910911	0.022830892063766	3.4900041090573e-07	0.00026957622967963	0.082353438783225	0.013978540549645	0.55247640832363	6.6931507177458e-08	3.163996389011e-06	8.6251990676856e-05	0.012477481817033	5.0546473898772e-05	0.91115575550268
12.872	5.6929490274975e-06	1.33624457002	1.4807725899447e-06	0	0.00087826028946073	0.022408703231802	0.016835196087953	0.041199067715691	0.00013848983022116	1.9813866066261e-06	0.023169685075733	4.4892882194559e-06	0.052594987432308	0.12775625283428	0.013338940521974	0.022829444011284	3.3870364395711e-07	0.00026416640914395	0.082353472337579	0.01376335772463	0.54856768113756	6.6381501858393e-08	3.1286867134196e-06	7.8377828326033e-05	0.012477566459522	5.1320565122309e-05	0.91117152017754
13	5.6644656991472e-06	1.3363348761241	1.4746367699582e-06	0	0.00086911887368941	0.022352699389941	0.01683962342472	0.041206187207467	0.00013558413605883	1.9526256202792e-06	0.02317195583408	4.4852561837131e-06	0.052479423967933	0.1275501006082	0.013338868832644	0.022828929449923	3.3490765487162e-07	0.00026240925986013	0.082353302255366	0.01371429799989	0.54840546026311	6.6159753304913e-08	3.1154146978204e-06	7.60579959556e-05	0.012477554238849	5.1512094867027e-05	0.91117655101608
13.2	5.6147039226041e-06	1.3364743794375	1.4627349346431e-06	0	0.00085560552882138	0.02226544788863	0.016846454343938	0.041217119874374	0.00013132565325371	1.9066883365552e-06	0.023175457538079	4.4708532282997e-06	0.052624349008446	0.12941214735309	0.013338733533181	0.022828085671361	3.2853499550672e-07	0.00025962769248465	0.08235286518627	0.013867332905269	0.58392262183073	6.5764919507225e-08	3.0900327812672e-06	7.2666569099439e-05	0.012477497484067	5.1741118167762e-05	0.91118430214783
13.48	5.5417553414014e-06	1.3366666134902	1.4437637401037e-06	0	0.00083813671197189	0.022143819029441	0.016855862938501	0.04123206229142	0.00012589369002336	1.8434954710989e-06	0.023180272808176	4.4410573406002e-06	0.052118964823433	0.12565378070197	0.013338498486018	0.022826827131202	3.1929540257431e-07	0.00025580360327853	0.082351924765951	0.013724883496849	0.55288433084664	6.5170683817804e-08	3.0561790713921e-06	6.8357442030528e-05	0.012477345596032	5.1972690228229e-05	0.9111949443375
13.872	5.4337699775487e-06	1.3369302601071	1.4133101373839e-06	0	0.00081620287806441	0.021974568548925	0.016868780887969	0.041252342944387	0.0001192099078	1.7578458638097e-06	0.023186859359114	4.3817959021602e-06	0.051863578588965	0.12566292041696	0.013338085329372	0.022824924977871	3.0596605587331e-07	0.00025046201813753	0.082350019466096	0.013569924347092	0.54891891552514	6.42667618394e-08	3.0080996915719e-06	6.3087206344244e-05	0.012477003230962	5.210906247389e-05	0.91120947172185
14	5.3982424138453e-06	1.3370151208192	1.4028416949312e-06	0	0.00080958945717138	0.021919563979018	0.01687294617262	0.041258822094825	0.0001172274542911	1.7310220396572e-06	0.023188974407244	4.3594040930388e-06	0.051826753635221	0.1256697614877	0.013337930825042	0.022824271878651	3.0163021093523e-07	0.00024871942660164	0.082349264658129	0.013534075184253	0.54870959517239	6.3963115438609e-08	2.9920755133343e-06	6.1531853433958e-05	0.012476862304847	5.2114615049386e-05	0.911214132619
14.2	5.341592056263e-06	1.3371465640176	1.3857188782512e-06	0	0.00079976575632477	0.02183387709806	0.016879405483392	0.041268810288591	0.00011431557709156	1.6898914579674e-06	0.023192244647568	4.320602391092e-06	0.052084096202047	0.12789161163555	0.013337670584723	0.022823221045486	2.9482114139281e-07	0.00024595604276158	0.082347959981408	0.013700194667145	0.58370631357544	6.3469609911255e-08	2.9635680758507e-06	5.9255294141486e-05	0.012476614650785	5.2074087534629e-05	0.91122133789439
14.48	5.2651017181886e-06	1.3373283716863	1.3620946879914e-06	0	0.00078697275278677	0.021714444167154	0.016888357920493	0.041282532792194	0.00011058838005463	1.6358366993289e-06	0.023196756034178	4.2645881644259e-06	0.051700316660495	0.12448364360151	0.013337269540006	0.022821691298729	2.8564676023035e-07	0.00024214780917876	0.082345893717728	0.013573699427454	0.5529348607332	6.2785443363699e-08	2.9272877357809e-06	5.6357208325735e-05	0.012476215478504	5.1973683922013e-05	0.91123127725075
14.872	5.1597513929136e-06	1.3375789341822	1.3290750062654e-06	0	0.00077073432380354	0.021548275380327	0.016900734859105	0.041301278982526	0.00010597773766457	1.5656638692767e-06	0.023202949491376	4.1814309632542e-06	0.05155068036086	0.1247867518823	0.013336641000669	0.022819444159684	2.7339292685693e-07	0.00023681978276694	0.082342570817386	0.013433066097801	0.54893389439243	6.1823433441469e-08	2.8782523056731e-06	5.280224747458e-05	0.01247556324567	5.1726203266774e-05	0.91124492857104
15	5.1260930159574e-06	1.3376598531954	1.3184443377335e-06	0	0.00076579598019656	0.021494278014811	0.016904742266531	0.041307294517402	0.00010460418282488	1.5441218697832e-06	0.023204943103194	4.1536712088475e-06	0.051538502676044	0.12486806131621	0.013336420256327	0.022818686440539	2.6956554324761e-07	0.00023508065154165	0.082341388286952	0.013400705298729	0.54870560580496	6.1512061152194e-08	2.8623213847519e-06	5.175051879394e-05	0.012475329353574	5.1624006341626e-05	0.91124932696102
15.2	5.0743269838301e-06	1.3377854428012	1.3020384870836e-06	0	0.00075841817736055	0.021410165376949	0.016910971414689	0.04131659359889	0.00010258054586144	1.5118185352097e-06	0.023208030475868	4.1099371655858e-06	0.051823840027536	0.12716346254379	0.013336060556952	0.022817479846744	2.6376699614011e-07	0.00023236413555414	0.0823394484949	0.013570394054198	0.5834894174108	6.1026112837676e-08	2.8384239554313e-06	5.020845786993e-05	0.012474944222329	5.1444942756945e-05	0.91125614382354
15.48	5.003587668555e-06	1.3379596377629	1.2795918378379e-06	0	0.0007487270249798	0.021292936553768	0.016919630214369	0.041329416168379	9.9978086091353e-05	1.4692899994509e-06	0.023212298354801	4.0484751985876e-06	0.051475380732543	0.12389723130127	0.013335528171812	0.022815746907792	2.560364447271e-07	0.00022856299153167	0.082336555190251	0.01344976844924	0.55285101094085	6.0348926983206e-08	2.8020343889081e-06	4.8240089536402e-05	0.01247436736651	5.1159548891523e-05	0.91126558078505
15.872	4.9080094452896e-06	1.3382005654824	1.2493659083547e-06	0	0.00073627106833807	0.021129851617772	0.016931640408259	0.041347013068439	9.673570316831e-05	1.4147401646528e-06	0.023218172122517	3.963024429288e-06	0.051354943223528	0.1242960669575	0.013334730171155	0.02281324192212	2.4598571407903e-07	0.00022324629520013	0.082332183692475	0.013316001098641	0.54884800812032	5.9416809757018e-08	2.7541586514788e-06	4.5815487322307e-05	0.012473492518522	5.0703655067538e-05	0.91127860128768
16	4.8775972090704e-06	1.3382785606273	1.239813430374e-06	0	0.000732446241641	0.021076860117777	0.016935536809373	0.041352677566218	9.5764138651347e-05	1.3980530283356e-06	0.023220066254962	3.9354582973484e-06	0.051349281241512	0.12440040048494	0.01333445743897	0.022812405997343	2.4289058230056e-07	0.00022151159624467	0.082330682808979	0.013285690104575	0.54861606701743	5.9117997747154e-08	2.7387433266014e-06	4.5095691642005e-05	0.012473191733483	5.0543698796431e-05	0.91128280944618
16.2	4.8299303761467e-06	1.3383997931187	1.2248263791039e-06	0	0.00072669545293155	0.02099431786939	0.016941599745399	0.041361449454674	9.4327037784341e-05	1.3727132021138e-06	0.023223002278057	3.8915310062179e-06	0.051634167766229	0.12666153230845	0.013334019614686	0.022811082798364	2.3815948610965e-07	0.00021876359122815	0.082328267695679	0.013457633836066	0.58328390753719	5.8642865321601e-08	2.7115079561257e-06	4.4037780011681e-05	0.01247270744909	5.0269369736809e-05	0.91128934398935
16.48	4.7668350550918e-06	1.3385682808611	1.2051446374931e-06	0	0.0007190698387256	0.020879284264122	0.016950038755315	0.041373575584264	9.2467536160838e-05	1.3399936765712e-06	0.023227066826497	3.8330684750182e-06	0.051293894906437	0.12346628209714	0.01333338399803	0.022809197385588	2.3202327183643e-07	0.00021497536819169	0.082324751688841	0.013341256356446	0.55274663786685	5.8000221138252e-08	2.6774528382839e-06	4.2682341743757e-05	0.012472002084942	4.9889056736006e-05	0.91129841346203
16.872	4.6807619465638e-06	1.3388018981422	1.1788284072803e-06	0	0.00070913681708977	0.020719264514979	0.016961761908237	0.041390271158932	9.0129462355283e-05	1.2978053627021e-06	0.023232672731396	3.7534195459593e-06	0.05118198425441	0.12390020745896	0.013332452861313	0.022806498267699	2.2410319633261e-07	0.00020968166619029	0.082319583128297	0.013213179940582	0.54875594983046	5.7114547448984e-08	2.631552948483e-06	4.1003140658489e-05	0.012470965526467	4.9326571240208e-05	0.91131096752808
17	4.6532328857415e-06	1.3388776550145	1.1705215490268e-06	0	0.00070605574693743	0.020667271465835	0.016965568553943	0.04139565723771	8.9423702987315e-05	1.2848300354524e-06	0.02323448321566	3.7279674227903e-06	0.051178664934047	0.12401357939935	0.013332139233119	0.022805603239613	2.2166829275089e-07	0.00020795563241191	0.082317838271132	0.013184629456043	0.54852505347555	5.683048243029e-08	2.6166692796006e-06	4.0502283041947e-05	0.012470615925034	4.9136991545098e-05	0.91131503388369
17.2	4.6100291486108e-06	1.3389955294989	1.1574838898491e-06	0	0.00070139275868891	0.020586286750377	0.016971494502154	0.041404008627859	8.837455916346e-05	1.2650360404611e-06	0.023237292118892	3.6876411324319e-06	0.051458763862778	0.12622491761919	0.01333163995261	0.022804191721555	2.1794235848935e-07	0.00020522652117971	0.082315057159372	0.013358637212249	0.58310177558526	5.6378116868766e-08	2.5904019366756e-06	3.9763759940141e-05	0.012470059092322	4.8822039886977e-05	0.91132135667164
17.48	4.5526114663446e-06	1.3391595803111	1.1403567864923e-06	0	0.00069515026761706	0.020473428112394	0.016979747104463	0.041415573119235	8.7006731987043e-05	1.2393848479503e-06	0.023241185525925	3.6342050916659e-06	0.051123717841225	0.1230855006867	0.013330922989552	0.022802190326754	2.1311413742326e-07	0.0002014616387292	0.08231105748578	0.013245954060653	0.55265567733795	5.576405725176e-08	2.5570750325079e-06	3.8812768493896e-05	0.012469259203244	4.8391438830268e-05	0.91133014827079
17.872	4.4738349815295e-06	1.3393874511228	1.1173778723447e-06	0	0.0006869107190182	0.02031644148771	0.016991216726849	0.041431528469119	8.5267598469451e-05	1.2059900024968e-06	0.023246563886611	3.5617145519171e-06	0.051020124494995	0.12354734733167	0.013329886351542	0.022799342364191	2.0686092494503e-07	0.00019620585969489	0.082305262242387	0.013122447071769	0.54867548528673	5.4914071361804e-08	2.5117868338432e-06	3.7625624487404e-05	0.012468102649775	4.7771646124601e-05	0.91134234594375
18	4.448502536182e-06	1.3394614337973	1.1100953468265e-06	0	0.00068432988719047	0.020265435623888	0.016994941817382	0.041436682749767	8.4738007615243e-05	1.195632209771e-06	0.023248302768568	3.5385749848936e-06	0.051019634522576	0.12366911502173	0.013329540154151	0.022798401725441	2.0493009004659e-07	0.0001944935019467	0.082303323852925	0.013095246450285	0.54844479560401	5.4640748994392e-08	2.4970603789081e-06	3.7269342449818e-05	0.012467716572427	4.7565916848902e-05	0.91134630307859
18.2	4.4086404184365e-06	1.3395766322303	1.0986171655925e-06	0	0.00068039956758696	0.020185990114843	0.017000741071677	0.041444680899868	8.3946116020927e-05	1.179716619367e-06	0.023251002289052	3.5018994214717e-06	0.051297222278977	0.12583955719525	0.013328991764006	0.022796921756308	2.0195900158464e-07	0.00019178951443502	0.082300250749109	0.013270708276635	0.58293891734682	5.4203911604248e-08	2.4710418838183e-06	3.6741778359549e-05	0.012467105281514	4.7228563196445e-05	0.91135246191852
18.48	4.3554432888279e-06	1.3397371196328	1.0834952914621e-06	0	0.00067509072114073	0.020075279443253	0.017008817040989	0.041455767408482	8.2904566002775e-05	1.1589761410211e-06	0.02325474727816	3.4533127528043e-06	0.050969549404539	0.12275338088503	0.013328209458679	0.022794829888909	1.9809851389833e-07	0.00018805926384653	0.0822958620091	0.013160709246912	0.55257028921911	5.3608379366489e-08	2.4377763292402e-06	3.6058030401974e-05	0.012466233946734	4.6769693708621e-05	0.91136103673795
18.872	4.2819733529462e-06	1.3399603261978	1.0630548241163e-06	0	0.00066799824516012	0.019921285863401	0.017020038939822	0.041471081292484	8.1563370498522e-05	1.1316235635928e-06	0.023259926060382	3.38725506864e-06	0.050877655287583	0.12324838883361	0.013327087427707	0.02279186474137	1.9305289390548e-07	0.00018285748622378	0.082289556866393	0.013040335658673	0.54859392321477	5.2779217336456e-08	2.3922186142712e-06	3.5196216302226e-05	0.012464985785486	4.6116533855411e-05	0.91137295343541
19	4.2582179880592e-06	1.3400328577365	1.0565366334073e-06	0	0.00066575721916771	0.019871253617035	0.017023682687989	0.041476031981233	8.1150945328083e-05	1.1230526426195e-06	0.023261601574103	3.3661124764883e-06	0.050881124898225	0.12338068126878	0.013326714709211	0.022790887937031	1.9148253430577e-07	0.00018116410055439	0.082287459675232	0.013014016907086	0.54836147122151	5.251177902117e-08	2.3773801667081e-06	3.4935571173087e-05	0.012464571643847	4.590110682841e-05	0.91137682379343
19.2	4.2207564769528e-06	1.3401458568708	1.0462141796171e-06	0	0.00066232558536417	0.019793325680049	0.017029354007072	0.041483717177914	8.0530268508875e-05	1.109779197716e-06	0.023264203723237	3.3325302993041e-06	0.051159084623675	0.12552226282498	0.013326126172205	0.022789353441785	1.890479496833e-07	0.00017849359901997	0.082284145694529	0.013190297311285	0.5827852671539	5.2082877541956e-08	2.3512168515301e-06	3.4547607133179e-05	0.012463918239785	4.5550320722972e-05	0.91138285173583
19.48	4.1705312630385e-06	1.3403033959148	1.0325488006332e-06	0	0.00065765420261549	0.019684731890477	0.017037248628544	0.041494374898309	7.9706117997145e-05	1.0923567670489e-06	0.023267815430675	3.287921914246e-06	0.050841022470247	0.12248867458633	0.013325290138538	0.022787189020497	1.8586678226757e-07	0.00017480973035852	0.082279433527937	0.01308193246402	0.55247534519999	5.1495424212862e-08	2.3174864586811e-06	3.4040806221651e-05	0.012462991238434	4.5073387320481e-05	0.91139125226963
19.872	4.1007650848053e-06	1.3405227091059	1.013920054459e-06	0	0.00065134868136566	0.019533686509747	0.01704821094993	0.041509103445287	7.8630537546359e-05	1.0690615577175e-06	0.023272812728825	3.2269737275455e-06	0.050763656648896	0.12302313833882	0.01332409731337	0.022784129017084	1.8165822310994e-07	0.00016967860481611	0.082272700120593	0.012963265045901	0.54849522207505	5.0673071106765e-08	2.2710023059185e-06	3.3394593011673e-05	0.012461670942029	4.4397653830285e-05	0.91140294097288
20	4.0781009077726e-06	1.3405940218297	1.0079414157766e-06	0	0.00064934170671434	0.0194846129622	0.01705176832883	0.041513866055568	7.8296433711876e-05	1.0616856554814e-06	0.023274430069001	3.2073865978929e-06	0.050771930329121	0.12316797549073	0.013323702471594	0.022783122735719	1.8033576710799e-07	0.0001680096792859	0.08227046856218	0.012937379027217	0.54825910432417	5.0407153850456e-08	2.2558563587911e-06	3.3197375916108e-05	0.01246123452515	4.417537383764e-05	0.91140674045168
20.2	4.0430414709845e-06	1.3407051633783	9.9870318959884e-07	0	0.00064625450090705	0.019408178991621	0.01705730313255	0.041521260735693	7.7790326963003e-05	1.0504154251647e-06	0.02327694274473	3.1770973358709e-06	0.051052675416575	0.12529189014494	0.013323080374554	0.022781543636261	1.7831846879357e-07	0.00016540920163723	0.082266950027551	0.013114031437102	0.58263228886508	4.9987547245933e-08	2.2324532860342e-06	3.290204640674e-05	0.012460547553832	4.3826274734292e-05	0.91141266084183
20.48	3.9944302332427e-06	1.340860197658	9.8597775699957e-07	0	0.00064202528056856	0.019301668571656	0.017065002635546	0.041531516394572	7.7111889711316e-05	1.0350986599152e-06	0.023280431248883	3.1353268778099e-06	0.05074590929015	0.12230993851853	0.013322199220956	0.022779319514829	1.7558866950807e-07	0.00016178389782483	0.08226196115213	0.013006419173674	0.55235844179052	4.9397438075119e-08	2.1971182669396e-06	3.2512761642045e-05	0.012459575843168	4.3334108108769e-05	0.91142091727047
20.872	3.9271177158594e-06	1.3410761848045	9.6852754971701e-07	0	0.00063626918228137	0.019153523801818	0.017075682012138	0.04154568715199	7.6214793592294e-05	1.0144432375761e-06	0.023285258282161	3.0779875975177e-06	0.050684857747194	0.12288851627642	0.013320946411113	0.022776180749946	1.7193237162729e-07	0.00015674048480731	0.082254857964126	0.012888115873276	0.5483667818006	4.8569688260865e-08	2.1489088119785e-06	3.200992548558e-05	0.012458196974906	4.2638590539568e-05	0.91143241628184
21	3.9051948630239e-06	1.341146452135	9.6290405912363e-07	0	0.00063442648616327	0.019105393275941	0.017079144483923	0.041550268578424	7.5933431264679e-05	1.0078502393163e-06	0.023286820479836	3.0595014961953e-06	0.050698401382056	0.12304714397832	0.013320532706782	0.022775149838203	1.7077350180476e-07	0.00015510168274246	0.082252509698891	0.012862237750727	0.54812531935321	4.8301721260816e-08	2.1332693162721e-06	3.1854935738813e-05	0.01245774233365	4.2410178166828e-05	0.91143615652049
21.2	3.87054204359e-06	1.3412560031759	9.5393253747236e-07	0	0.00063158192099287	0.019030428756559	0.017084527771307	0.041557379801907	7.550459129742e-05	9.9750188034344e-07	0.023289246878871	3.0299931534035e-06	0.050982113487801	0.12515311355022	0.01331988177144	0.022773533267367	1.6894905872282e-07	0.00015252302482385	0.08224881248176	0.013038542971805	0.58246905288297	4.786979545409e-08	2.1058919561224e-06	3.1621326311421e-05	0.012457027715171	4.2040800052898e-05	0.91144198715608
21.48	3.8237577733196e-06	1.3414088893397	9.4195378494575e-07	0	0.00062766595854084	0.018925967215642	0.017092008648877	0.041567238735706	7.4924654504094e-05	9.8373616988014e-07	0.023292614792366	2.9905455917898e-06	0.050685741580174	0.12221856262773	0.01331896155263	0.022771258693801	1.6653476644584e-07	0.00014896912397201	0.082243581237258	0.012930571556554	0.55220691398739	4.7274237419504e-08	2.0702839904539e-06	3.131043655632e-05	0.012456018958069	4.1537454178987e-05	0.91145012308074
21.872	3.7582635406043e-06	1.3416220082011	9.2540300337934e-07	0	0.00062230243139608	0.018780674343404	0.017102369364844	0.041580854196204	7.4148649610401e-05	9.6489582191793e-07	0.023297274079414	2.9361064089863e-06	0.050640967163417	0.12284338017935	0.013317656603355	0.022768053048341	1.6326315487705e-07	0.0001440324705212	0.082236152656486	0.012811521929339	0.54819832204585	4.6434523857138e-08	2.0208594064211e-06	3.090343184945e-05	0.012454591229111	4.0826361042235e-05	0.91146146247599
22	3.7368461607313e-06	1.3416913714129	9.2003893864987e-07	0	0.00062057792206505	0.018733470861936	0.017105724587493	0.041585253959237	7.3903177253625e-05	9.5882783024939e-07	0.023298781644529	2.9184774425682e-06	0.050659893588212	0.12301658380057	0.013317226452643	0.022767001147904	1.6221660846842e-07	0.00014243010217803	0.082233701265722	0.012785336791152	0.54795057203179	4.616229633668e-08	2.0047948817107e-06	3.0776712030234e-05	0.012454121300709	4.0592854066611e-05	0.91146515269936
22.2	3.7030320624324e-06	1.3417995417554	9.1147339261206e-07	0	0.00061790873467442	0.01865995072054	0.017110936793412	0.041592080591822	7.3527026709602e-05	9.4927095233776e-07	0.023301122735035	2.8903299599305e-06	0.050947240386939	0.12510826639728	0.013316550379585	0.022765352604547	1.6056108845341e-07	0.00013991340009585	0.082229845941792	0.012961099532347	0.5822907941722	4.572335730538e-08	1.9769601577845e-06	3.0584469176484e-05	0.012453383435092	4.0216714933541e-05	0.9114709072458
22.48	3.6571724927983e-06	1.3419505588876	8.9996085055632e-07	0	0.00061422080882193	0.018557502849711	0.017118170650359	0.041601539024678	7.3014479567791e-05	9.3645860302877e-07	0.023304371098778	2.8524758288589e-06	0.050661569439584	0.12221989017832	0.013315596049782	0.022763034867498	1.5835131915789e-07	0.00013644506127582	0.082224399227216	0.012852181004866	0.55201691906602	4.5115895044385e-08	1.9403059658302e-06	3.0326215967988e-05	0.012452343359675	3.9702041838496e-05	0.9114789407381
22.872	3.5928903201658e-06	1.3421611824279	8.8397910413951e-07	0	0.00060914608781229	0.018415012540194	0.017128169994364	0.041614588128395	7.2321738944746e-05	9.1878510066434e-07	0.02330886222717	2.8000163455711e-06	0.050633643617881	0.12289398141308	0.013314245312517	0.022759771723717	1.5532726288113e-07	0.00013163520913476	0.082216679896188	0.012731384149388	0.5479849040167	4.4258022250626e-08	1.8893618964287e-06	2.9983734195092e-05	0.012450874009058	3.8975182334439e-05	0.91149014442787
23	3.5718312790414e-06	1.3422297592922	8.7878327482757e-07	0	0.00060750925632328	0.0183687199916	0.017131403342433	0.04161880140147	7.2101047961612e-05	9.1306033164752e-07	0.023310314613413	2.7829802814661e-06	0.050658109706908	0.12308245804051	0.013313800664867	0.02275870172481	1.543533679214e-07	0.00013007597129201	0.082214136111715	0.012704567426052	0.54772968154422	4.397988884358e-08	1.8728389217237e-06	2.9876092615835e-05	0.012450390996727	3.8736586441815e-05	0.91149379213216
23.2	3.5386221262683e-06	1.3423367294418	8.7048297915008e-07	0	0.00060497090781761	0.018296619059069	0.01713642092937	0.0416253347191	7.1761383423976e-05	9.0402398355898e-07	0.023312569128843	2.7557722321101e-06	0.050949089820462	0.12515912668394	0.013313102383735	0.022757025566591	1.5280720563668e-07	0.00012763052636434	0.082210138919803	0.01287945059837	0.58209262190952	4.3531338836413e-08	1.8444232839069e-06	2.9711811715549e-05	0.012449633179112	3.8353264007263e-05	0.91149948202572
23.48	3.4934756520845e-06	1.3424861235513	8.5928574850945e-07	0	0.00060145455336308	0.018196149640926	0.017143373473275	0.041634378233899	7.1295711015648e-05	8.9184943389436e-07	0.023315695397994	2.7190532527044e-06	0.050673568684958	0.12231442527181	0.013312117833103	0.022754670478419	1.5073148618235e-07	0.00012426293790476	0.082204498519039	0.012768857318144	0.55178257251535	4.2909519572472e-08	1.8068347526083e-06	2.9489229117355e-05	0.012448566128923	3.782762095434e-05	0.91150742857041
23.872	3.4301634737072e-06	1.3426945847563	8.4369990781041e-07	0	0.00059659981760588	0.018056412655932	0.017152960969022	0.041646836907702	7.0661282849555e-05	8.7496767769324e-07	0.023320013452827	2.6680364912198e-06	0.050662373233586	0.12303944327968	0.013310726401912	0.022751357491407	1.4787132870872e-07	0.00011960178714883	0.082196517305853	0.012645351671147	0.54772143579693	4.2031031258027e-08	1.7546132985009e-06	2.9190645451071e-05	0.012447060777845	3.7085829041941e-05	0.91151851733071
24	3.3924312140133e-06	1.3427614139708	8.8081740162818e-07	0	0.00059216780949233	0.018015882958319	0.017156079303632	0.041650726090371	7.0120708431956e-05	8.6667016121197e-07	0.023321141364763	2.7038072201195e-06	0.050442249011747	0.12281211376771	0.013310233059871	0.022750222006028	1.5033266093245e-07	0.00011808156601058	0.082193900303444	0.012533804050082	0.54737713376805	4.1910288486461e-08	1.7482652906726e-06	2.8957721723166e-05	0.012446568995897	3.7416423869554e-05	0.91152216163099
24.2	3.3827565980982e-06	1.3351708643139	1.3470938680401e-06	0	0.0005941128786273	0.023562270689154	0.017062471396935	0.04141863389698	7.0321542473444e-05	8.5989304601147e-07	0.023190420592172	3.5647595357914e-06	0.051776883926055	0.12722846002927	0.013233341633163	0.022618310579441	1.8549444662604e-07	0.00011570929911399	0.081718532449137	0.013111242386343	0.58246416536724	4.4728790640935e-08	1.8939722724831e-06	2.9022547510078e-05	0.012374439350357	5.0835507387378e-05	0.9110276376263
24.48	3.5407618647111e-06	1.3246956854468	1.7282673222688e-06	0	0.00061976103582495	0.031184727459486	0.016932851593909	0.041098741440416	7.3308604202091e-05	8.8077130612923e-07	0.023011550759055	4.4135188123818e-06	0.054267066239443	0.1286001572584	0.013127393046745	0.022436458175057	2.1338740556864e-07	0.00011254600496489	0.081061965331899	0.013904510528925	0.55261232935586	4.7748064193813e-08	2.0256406411851e-06	3.0225384658242e-05	0.012274806772052	6.5888776633266e-05	0.91033511724856
24.872	4.0828064142715e-06	1.3103312633247	2.0587642805042e-06	0	0.00069418741768017	0.04158434274887	0.01675415812566	0.040660157067556	8.2037134132991e-05	9.788630956479e-07	0.022767760639602	5.2962117755868e-06	0.058895185186486	0.13875982983657	0.012982204542265	0.022187088161339	2.3972803607328e-07	0.00010843595896701	0.080160978241166	0.014876347885327	0.5479878966171	5.1853035740669e-08	2.1822272326792e-06	3.3778060958294e-05	0.012138041010238	8.2816022639436e-05	0.90936597363582
25	4.3203594411183e-06	1.3057169291385	2.1504869662236e-06	0	0.00072652948919076	0.044913463298673	0.016696518903486	0.040519307238363	8.5836280728929e-05	1.025989294807e-06	0.022689662453266	5.5594741896963e-06	0.06047580108323	0.14235122263817	0.012935571840845	0.022106955460458	2.4817907298809e-07	0.00010717885769257	0.079871515544324	0.015140031966185	0.54723218056832	5.3314559420344e-08	2.2367240426125e-06	3.5328201628783e-05	0.012094085870897	8.7720028676597e-05	0.90904976997741
25.2	4.7378444367177e-06	1.305858842402	1.7800651538022e-06	0	0.00078136611532383	0.044737610398218	0.016700280216046	0.040527060528865	9.2281950772329e-05	1.1129881916881e-06	0.022695055882732	5.0326394803955e-06	0.063450979808138	0.15514065861053	0.012935467387336	0.022106073352269	2.2268920228482e-07	0.00010529847440591	0.079869153778658	0.015504877596624	0.58610455530946	5.2418261244008e-08	2.1480085476922e-06	3.7960749968285e-05	0.012093513922476	8.0368749075318e-05	0.90905611549832
25.48	5.2633775961813e-06	1.3060698767429	1.5335538398668e-06	0	0.00085001523970924	0.04449300251681	0.016705550887901	0.040537976442104	0.0001003509588116	1.2352935083347e-06	0.022701928478756	4.6424806006151e-06	0.064580896897573	0.15313810743512	0.012935296768916	0.022104796753304	2.1127954763367e-07	0.0001027689343043	0.079867264975962	0.015173233448063	0.54746822811726	5.2392759419138e-08	2.1068179937294e-06	4.125616374126e-05	0.012092896757065	7.212135900679e-05	0.90906589595949
25.872	5.8282497499636e-06	1.3063841108898	1.4358116335328e-06	0	0.00093202578249508	0.044153449589552	0.016713031496255	0.040554104776624	0.0001099900274429	1.3825402514375e-06	0.02271067693091	4.4837436798448e-06	0.064988404773647	0.15592119154739	0.012935150182135	0.022103186779037	2.1658650325889e-07	9.9336612909834e-05	0.07986696665313	0.014562801417589	0.54038350157842	5.3273630818763e-08	2.1164506691311e-06	4.5192524886491e-05	0.01209234621273	6.3819262414431e-05	0.90908098067236
26	5.9799607410336e-06	1.3064904329779	1.4315549826645e-06	0	0.00095574806989723	0.044043265907257	0.016715499873084	0.040559631108451	0.00011277810391745	1.4241812509337e-06	0.022713400760025	4.4836674538052e-06	0.064953739251806	0.15632108978722	0.012935140589149	0.022102725950369	2.204454253673e-07	9.8236299251899e-05	0.079867348939735	0.014388651079644	0.53958016409498	5.3642058993549e-08	2.1254997089809e-06	4.6331038895235e-05	0.0120922317917	6.1714559896107e-05	0.90908618623748
26.2	6.187715480288e-06	1.3066598848313	1.4410638779184e-06	0	0.00098997842317852	0.043871769849102	0.016719379102684	0.040568535908199	0.00011680107575733	1.4827079677429e-06	0.022717547507886	4.5185760628026e-06	0.065226604116034	0.15995992723367	0.012935168711165	0.022102075979727	2.2750205114088e-07	9.6535985543349e-05	0.07986838144386	0.014411828971615	0.58240116511536	5.423585617215e-08	2.142283031433e-06	4.79737520464e-05	0.01209211281916	5.8969253034258e-05	0.9090945720143
26.48	6.4323236232816e-06	1.3069031356088	1.4718963372998e-06	0	0.0010325710491992	0.043633006032829	0.016724842830446	0.040581535894481	0.0001218066007349	1.5530276202976e-06	0.02272319762209	4.6114215442541e-06	0.064217263301605	0.15426124459193	0.012935300386727	0.022101308799721	2.3803549777739e-07	9.4193548075513e-05	0.079870619365945	0.014054636674256	0.5440077126682	5.5054193208165e-08	2.1633854701977e-06	5.0017528830919e-05	0.012092055587941	5.6032253693358e-05	0.90910677200978
26.872	6.710033573709e-06	1.3072536826725	1.5272228597736e-06	0	0.0010829512602721	0.043301265968455	0.016732513702694	0.040600681165641	0.00012772687298062	1.6335002524334e-06	0.022730941675033	4.7809164684095e-06	0.063215517700514	0.15338523192201	0.012935662354508	0.022100494927671	2.5215787125776e-07	9.09914060257e-05	0.079875076273404	0.013701595206445	0.53890364744444	5.6102427986083e-08	2.1907997884715e-06	5.2434517942416e-05	0.012092158123127	5.3227771429054e-05	0.90912462314267
27	6.7890294460298e-06	1.3073702136202	1.5457405887634e-06	0	0.0010973972572166	0.043193561063463	0.016735013519889	0.040607132479791	0.0001294243323603	1.6563405835481e-06	0.022733453903398	4.8393752327164e-06	0.062938819934789	0.15300251264184	0.012935821009257	0.022100285948322	2.5644242371766e-07	8.9965764269258e-05	0.079876807158731	0.013623989801833	0.53868168504097	5.6416014557181e-08	2.1984810432256e-06	5.3127444469224e-05	0.012092229552866	5.2539095207417e-05	0.90913061335253
27.2	6.9017291510011e-06	1.3075541741792	1.5742560250334e-06	0	0.0011181095125754	0.043025874008829	0.016738908642062	0.040617395308782	0.00013185797796657	1.6889195159661e-06	0.022737371238589	4.9313967202186e-06	0.062823393878491	0.15448882335651	0.012936107379242	0.022100012345876	2.627588405924e-07	8.8383925164223e-05	0.079879763657257	0.013789625654061	0.58129213909175	5.6865876812501e-08	2.2095091134124e-06	5.4120816391575e-05	0.012092375824622	5.165176691343e-05	0.9091401204552
27.48	7.0406167625854e-06	1.3078151605708	1.6122036734862e-06	0	0.0011436122150617	0.042792325800583	0.016744328801256	0.040632093415336	0.00013485423996648	1.7289884739046e-06	0.022742856860261	5.0576864024825e-06	0.061763384273212	0.1489705327936	0.012936581545295	0.022099728075097	2.708021073285e-07	8.6212679604566e-05	0.079884365720971	0.013617528014114	0.54468370689722	5.7417823680918e-08	2.2189467696231e-06	5.5343683272244e-05	0.012092644240261	5.0711788742039e-05	0.90915370193393
27.872	7.2028300623556e-06	1.3081862704235	1.6599880231823e-06	0	0.0011732538497678	0.042467688275817	0.016751827277415	0.040653212691564	0.00013833628414421	1.7757906621592e-06	0.022750570013249	5.2230657845153e-06	0.060989638919431	0.14826791950352	0.012937373253693	0.022099498549263	2.8054157314365e-07	8.3259340668283e-05	0.079891586333893	0.013456522579395	0.54018723872769	5.8041890141009e-08	2.2280799217193e-06	5.6764507778024e-05	0.012093126865343	4.9811827857698e-05	0.9091731729445
28	7.2486519516632e-06	1.3083086177828	1.674118674849e-06	0	0.0011816195876883	0.042362258954008	0.016754249007212	0.040660216792013	0.00013931889112396	1.7890561409389e-06	0.0227531007535	5.2732891531278e-06	0.060820406926967	0.1480393746663	0.012937659207127	0.022099458964797	2.8336915169721e-07	8.2316141665635e-05	0.079894105135514	0.013426426399939	0.54004252776451	5.8212003396325e-08	2.2297399050733e-06	5.7165374686529e-05	0.012093306613851	4.9587265615673e-05	0.9091796256403
28.2	7.3111964160277e-06	1.3085008499421	1.6940155595202e-06	0	0.0011934731709996	0.042198087387292	0.016758002891408	0.040671254629645	0.00014071102983419	1.8072556800757e-06	0.022757067471739	5.3455061087741e-06	0.060895630011694	0.14987852073465	0.012938131270658	0.022099429448755	2.873342427805e-07	8.0836185723347e-05	0.079898186859266	0.013644730388224	0.58139415050758	5.8418314252721e-08	2.2260275309782e-06	5.7733230394862e-05	0.012093607588739	4.9268434073147e-05	0.90918979477999
28.48	7.3890589726632e-06	1.308771885081	1.7198727690948e-06	0	0.0012077804480395	0.041969384287143	0.016763193267489	0.040686873810486	0.00014239105846135	1.830132543584e-06	0.022762648735619	5.4412928698959e-06	0.060153161946721	0.14509419912118	0.01293883942259	0.022099447780652	2.924057114027e-07	7.8846062796283e-05	0.079904169694605	0.013536454535062	0.54579328058357	5.8661939932458e-08	2.225394952901e-06	5.8418341604306e-05	0.01209406593803	4.8941640264674e-05	0.90920418942814
28.872	7.471297764774e-06	1.3091544173886	1.7498591436432e-06	0	0.0012238441420059	0.041651393876654	0.016770325319744	0.040709003366325	0.00014427676680917	1.8551276651368e-06	0.022770518327668	5.5570083852006e-06	0.059772355341283	0.14515487408714	0.01293991174138	0.022099573601455	2.9826990441585e-07	7.6142450669306e-05	0.079912988672189	0.01343081123041	0.54129130982602	5.8856702329315e-08	2.2194804851594e-06	5.9186977184073e-05	0.012094769085632	4.8589661212972e-05	0.90922460236782
29	7.492269116901e-06	1.3092799256751	1.7581620802859e-06	0	0.001228230949196	0.041548104408997	0.016772619813575	0.040716277424573	0.00014479157932266	1.8617203465245e-06	0.022773100348405	5.5901681256294e-06	0.059719962437713	0.14517677960558	0.012940278754812	0.022099635138398	2.9989845989268e-07	7.5279086468238e-05	0.079915957086219	0.013412465595527	0.54108780319579	5.8889012385154e-08	2.2163358937747e-06	5.939672602804e-05	0.012095011087983	4.8489332679874e-05	0.90923132031416
29.2	7.5173194506385e-06	1.3094765705929	1.7689948969082e-06	0	0.0012342894288972	0.041387247676406	0.016776168928313	0.040727681713716	0.00014550240180113	1.8699045601081e-06	0.022777145509362	5.6351105537125e-06	0.059998716603637	0.14764660970514	0.012940867489473	0.022099749716346	3.0204947873121e-07	7.3924055785677e-05	0.07992067421875	0.013639557282776	0.5816030968522	5.8884157691879e-08	2.2055867057491e-06	5.9686230200852e-05	0.012095400297262	4.8320184228912e-05	0.90924186476628
29.48	7.5452572177298e-06	1.3097527978674	1.7824382380805e-06	0	0.0012412770736053	0.041163130173117	0.016781063496479	0.040743710731654	0.00014632188275813	1.8795530429709e-06	0.022782829442271	5.6923976880248e-06	0.059498086097675	0.14337792934091	0.012941719896825	0.02209994354465	3.0471497491986e-07	7.210127132181e-05	0.079927420699156	0.013542700003478	0.54637766687085	5.8841383750859e-08	2.1954336662613e-06	6.0019767211505e-05	0.012095965236388	4.8126336172328e-05	0.90925671149762
29.872	7.5626977570042e-06	1.3101408967637	1.7957699085247e-06	0	0.0012484713998684	0.040851460415602	0.016787770259768	0.040766236412884	0.00014716485268103	1.8874574475692e-06	0.022790822196584	5.7545825227496e-06	0.059374791451402	0.14400225269357	0.012942960338861	0.022100269282534	3.0744750243353e-07	6.9622263600661e-05	0.079937090348369	0.013442624178409	0.54174958935027	5.8656346639881e-08	2.1773232002034e-06	6.0362399480011e-05	0.012096788250847	4.7852800632564e-05	0.90927763059488
30	7.5637517898728e-06	1.3102678558762	1.7988575623832e-06	0	0.0012502610882968	0.040750212133739	0.016789924457624	0.040773601576778	0.00014737433340842	1.8888058568354e-06	0.022793438400361	5.7706050726006e-06	0.059393006973153	0.14419223318722	0.012943374747388	0.022100386113694	3.0811042602667e-07	6.8829776785081e-05	0.079940289234627	0.013424229212377	0.54148579131988	5.857010628458e-08	2.1704563987203e-06	6.0447408301987e-05	0.012097063030538	4.7759096512272e-05	0.9092844864699
30.2	7.5610796369062e-06	1.3104664214346	1.8024703328235e-06	0	0.0012525390683295	0.040592523118419	0.016793254054224	0.040785114628687	0.00014764070105263	1.8897550286155e-06	0.022797531452521	5.7914823874072e-06	0.059794602386539	0.14708609146981	0.012944030661189	0.022100577896945	3.0892686914805e-07	6.760835032673e-05	0.079945323199852	0.013648602315461	0.58167871642499	5.8405699649417e-08	2.159601012573e-06	6.0555336351742e-05	0.012097497634634	4.7606509968081e-05	0.90929522071329
30.48	7.5489724643286e-06	1.3107447008451	1.8051768299981e-06	0	0.0012547558547351	0.040372798808079	0.016797841232607	0.040801229901878	0.00014789929922588	1.8888512484771e-06	0.022803269690568	5.8125059922756e-06	0.059422192184714	0.14307708604118	0.012944963792501	0.022100862295351	3.0964560349173e-07	6.5931887220769e-05	0.079952429936629	0.013547814394769	0.54648176087404	5.8121841137885e-08	2.1403440811949e-06	6.0659734413777e-05	0.012098114964155	4.7377196020269e-05	0.90931028568485
30.872	7.5171531266215e-06	1.3111345866285	1.8047056041402e-06	0	0.0012561772875229	0.040067204116571	0.016804118081095	0.040823758551545	0.00014806358979995	1.8835987306295e-06	0.022811311139883	5.8267594716394e-06	0.059426302896861	0.14400771080787	0.012946293232621	0.022101283935767	3.0988609592865e-07	6.3648202816692e-05	0.079962459943285	0.013439424973564	0.54173897665273	5.7632870203373e-08	2.112717455928e-06	6.0725108338303e-05	0.012098991829442	4.7019281719224e-05	0.90933142913521
31	7.5034230154765e-06	1.3112618950224	1.8035938576963e-06	0	0.0012562785772787	0.039967921975385	0.016806132402058	0.040831099376099	0.00014807457887178	1.8809921067377e-06	0.022813936669455	5.8279264149563e-06	0.059477444077524	0.14428334302288	0.012946731409403	0.022101425370087	3.0979293708753e-07	6.291735408425e-05	0.079965745554935	0.013417910761064	0.54143649385147	5.7454320773524e-08	2.1031515181504e-06	6.0729029189735e-05	0.012099279990577	4.6892423355465e-05	0.90933834074445
31.2	7.4769165480632e-06	1.3114607981052	1.8002020675625e-06	0	0.0012561009355362	0.039813288613532	0.016809243479631	0.040842548694576	0.00014805226033532	1.8754551090042e-06	0.022818036964473	5.8238574047419e-06	0.059933159900629	0.1473727657425	0.012947419300798	0.02210164921858	3.0935468053881e-07	6.1766400540328e-05	0.079970885554931	0.013637079926436	0.58162124576706	5.7134099684645e-08	2.0831988091555e-06	6.0719024053057e-05	0.012099731492837	4.6661395462469e-05	0.9093491463826
31.48	7.4381957552776e-06	1.3117391490292	1.7949800444435e-06	0	0.0012552230222421	0.039597809614677	0.016813525522954	0.040858529613982	0.00014794704512656	1.867324037313e-06	0.022823771750678	5.8157879691352e-06	0.059608442520028	0.14345456435876	0.012948387627746	0.022101966674692	3.0864228998814e-07	6.0218351253137e-05	0.079978087652803	0.013528197568103	0.54629952507616	5.6680532418565e-08	2.06161427235e-06	6.0674800457369e-05	0.012100365180532	4.6350081789617e-05	0.9093642812286
31.872	7.3725388185698e-06	1.312128434676	1.7844857503366e-06	0	0.0012529078355039	0.039298097836055	0.01681937875727	0.040880794652815	0.00014767206513697	1.852931489787e-06	0.022831784953934	5.7926264627244e-06	0.059656257481474	0.14451304240893	0.01294974991416	0.022102414333038	3.0708371427904e-07	5.8107559584084e-05	0.079988158846084	0.013408780242188	0.54147731356505	5.5977084518154e-08	2.0297378443199e-06	6.0560731997735e-05	0.012101252394284	4.587081614725e-05	0.90938547005695
32	7.3487605664788e-06	1.3122553979147	1.7803588684356e-06	0	0.0012519182916658	0.039200722380357	0.016821255677103	0.040888032806436	0.0001475548194417	1.8475978340998e-06	0.022834395794432	5.782391158724e-06	0.059717410895622	0.14482090309177	0.012950195189956	0.022102559852825	3.0644993853436e-07	5.7431554154011e-05	0.079991437873157	0.013383777784697	0.54115488827689	5.5734340917177e-08	2.0188679670658e-06	6.0512269927046e-05	0.012101541203869	4.5703829237109e-05	0.90939238527411
32.2	7.3078887350572e-06	1.312453624647	1.7725667455314e-06	0	0.0012501562138932	0.039049054561316	0.016824153019596	0.040899306114481	0.0001473462416951	1.8381285506418e-06	0.022838467804161	5.7614746337009e-06	0.060186110926974	0.14795894779325	0.012950890755576	0.022102785970022	3.0522133751513e-07	5.6367276116991e-05	0.079996548978229	0.013598544323867	0.58147714154133	5.5322404477817e-08	1.9975557651829e-06	6.0426180450809e-05	0.012101991176444	4.5411808754921e-05	0.90940318624061
32.48	7.2509161439638e-06	1.3127307743617	1.761646115507e-06	0	0.0012472857158678	0.038837700360898	0.016828137712375	0.040915011025241	0.00014700679080396	1.8249595349642e-06	0.022844152423279	5.7313385553169e-06	0.059866346188135	0.14404974873032	0.012951863304087	0.022103098836883	3.0348486910714e-07	5.4934196696778e-05	0.080003675722057	0.013482009799208	0.5459906286564	5.4751404796392e-08	1.973716696024e-06	6.0286277049115e-05	0.012102617937591	4.5014380772487e-05	0.9094182953764
32.872	7.1638016631801e-06	1.313117944735	1.7442124947951e-06	0	0.0012425727130804	0.038543712940016	0.016833578107931	0.040936837625363	0.00014644994574432	1.804557665949e-06	0.022852075760974	5.6806977257399e-06	0.059914529002021	0.14513858589797	0.012953219968267	0.022103526555538	3.0067389358087e-07	5.2979288912278e-05	0.080013581309067	0.013352325329683	0.54111703896542	5.3908704399639e-08	1.9395167804275e-06	6.0057077651603e-05	0.012103487172552	4.4420377366055e-05	0.90943941543334
33	7.1338652586722e-06	1.3132441248913	1.7380589714956e-06	0	0.0012408851940061	0.038448194588461	0.016835321015489	0.040943921364674	0.00014625065430587	1.797488950482e-06	0.022854652790733	5.6623003071303e-06	0.059974081690067	0.14545008431689	0.01295366088651	0.022103662650089	2.9967316481929e-07	5.2353080840732e-05	0.080016793414063	0.013324177555477	0.54078586703894	5.3625794449547e-08	1.9280579779624e-06	5.9975104174051e-05	0.012103768335566	4.4217798742861e-05	0.90944630118801
33.2	7.0844010887986e-06	1.3134410434628	1.7273640748454e-06	0	0.0012381114004992	0.038299416853153	0.016838009762845	0.040954942846107	0.00014592315301697	1.7855709773694e-06	0.022858667631482	5.6295182783328e-06	0.060433494790907	0.14854879150762	0.012954347268764	0.022103871329913	2.9791694672797e-07	5.1367116908339e-05	0.080021788051609	0.013535304557802	0.58128370475372	5.3158060863145e-08	1.9063240288778e-06	5.9840441769712e-05	0.012104204712628	4.3873214066639e-05	0.90945704969104
33.48	7.016872170405e-06	1.3137162050056	1.7127950101864e-06	0	0.0012339727904997	0.038092085565902	0.016841703964944	0.040970275334227	0.00014543464383836	1.7693625769258e-06	0.022864263756775	5.584260945047e-06	0.060098202907218	0.14461612267412	0.012955302457747	0.022104154698602	2.9551548173138e-07	5.0039555673044e-05	0.080028729515993	0.01341219581908	0.54564615739456	5.2518570281592e-08	1.8818174676042e-06	5.9639659551604e-05	0.012104809356552	4.3405926707894e-05	0.90947207343785
33.872	6.9180088388376e-06	1.3141003258205	1.6910994194696e-06	0	0.0012277419005691	0.037803686349725	0.016846740490649	0.040991545890418	0.00014469938821112	1.7455043842866e-06	0.02287204780435	5.5154772183011e-06	0.060127150076576	0.14568807460279	0.01295662692138	0.022104532331086	2.9192168326771e-07	4.8228922314945e-05	0.080038337609008	0.013273926308487	0.54074210062122	5.1599977140154e-08	1.847276795995e-06	5.9337597625701e-05	0.012105642322081	4.2724693403059e-05	0.90949305360041
34	6.8848590730988e-06	1.3142254539242	1.6837427560973e-06	0	0.0012256145799395	0.037709982063755	0.016848352148825	0.040998440626534	0.00014444840485049	1.7374778929049e-06	0.022874575903532	5.4918468482144e-06	0.060180132217679	0.14599004686174	0.012957055613802	0.022104650190883	2.9069856468766e-07	4.7649079126044e-05	0.080041444481999	0.013243207719063	0.54040855588352	5.1296433854117e-08	1.8358310044684e-06	5.9234514385223e-05	0.012105910512361	4.2496288666992e-05	0.90949988935074
34.2	6.832850337461e-06	1.3144206703073	1.6720177493388e-06	0	0.0012222054028993	0.03756402826831	0.016850836991318	0.041009161715016	0.00014404622586214	1.7248030115545e-06	0.022878511760213	5.4538930893406e-06	0.060620653997226	0.14900677358443	0.012957721467542	0.022104828755458	2.8874393916052e-07	4.6754612371447e-05	0.080046267843612	0.013451758087122	0.58106717302127	5.0818471283214e-08	1.8186581810136e-06	5.9069356532901e-05	0.012106325667938	4.2134117515749e-05	0.9095105553349
34.48	6.759366963804e-06	1.3146933516881	1.6552284232016e-06	0	0.0012172746564736	0.037360629678258	0.01685424768235	0.041024061352988	0.00014346461936981	1.7068111938271e-06	0.022883991520695	5.3989710922188e-06	0.060263705043467	0.14504785698833	0.012958644997181	0.022105066758164	2.8593462931397e-07	4.5525747846687e-05	0.080052954905951	0.01332378688192	0.54531592021664	5.0143557870474e-08	1.7926993325303e-06	5.8830559380319e-05	0.012106898620621	4.1617622088578e-05	0.90952545608481
34.872	6.6555267330294e-06	1.3150738470404	1.6311624140594e-06	0	0.0012101038582964	0.037077696807404	0.016858889600118	0.041044701783535	0.00014261890668166	1.6812628099502e-06	0.022891600396951	5.3192562941461e-06	0.060268047307407	0.14608641678689	0.012959919613883	0.022105375070537	2.8189117382479e-07	4.3850652364611e-05	0.080062182430985	0.013178916505081	0.54039499184715	4.9194853747937e-08	1.758310951679e-06	5.8483398506635e-05	0.01210768374436	4.0879406390165e-05	0.90954625202933
35	6.6212449668488e-06	1.3151977586433	1.6231919752322e-06	0	0.0012077062833871	0.036985767753602	0.016860372927171	0.041051385836675	0.00014233616519828	1.6728265556629e-06	0.022894068626992	5.2926486502226e-06	0.060313273155473	0.14637460655879	0.012960330859144	0.022105469081359	2.8054910382251e-07	4.3314554263703e-05	0.080065160045856	0.013146223795623	0.54006206099674	4.8884896201102e-08	1.7471276218987e-06	5.8367349784107e-05	0.012107935599386	4.0635268785131e-05	0.90955302505429
35.2	6.5663001914039e-06	1.3153910510632	1.6100461513769e-06	0	0.0012039088489912	0.036842578488108	0.016862657319	0.041061771446494	0.00014188836329317	1.6591272528373e-06	0.022897907622832	5.2484668385292e-06	0.060730124511127	0.14928088206648	0.01296096818709	0.022105609152063	2.7832739695947e-07	4.2470697036002e-05	0.080069776272106	0.013352292943786	0.5808392164511	4.8384715420622e-08	1.7265991941074e-06	5.8183567275979e-05	0.012108324489061	4.023309249199e-05	0.9095635910816
35.48	6.4927212582605e-06	1.3156609859046	1.5925739687237e-06	0	0.001198498462025	0.036643031185627	0.016865787882746	0.041076192655382	0.00014125039976995	1.6408783028199e-06	0.022903246373174	5.1893531915632e-06	0.060349745297482	0.14530200419649	0.012961849649735	0.022105791161506	2.7536974979479e-07	4.1336201156284e-05	0.080076165593968	0.013220256002309	0.5450176643687	4.7711604568872e-08	1.7035663395902e-06	5.7921765978024e-05	0.012108859501735	3.9694261072427e-05	0.90957834765327
35.872	6.3889365081763e-06	1.3160375372355	1.567902675667e-06	0	0.0011907670729316	0.036365453163363	0.016870040057753	0.041096151406215	0.00014033882641377	1.6151322977163e-06	0.022910650190072	5.1054507415934e-06	0.060329713711025	0.14630447776746	0.012963062156572	0.022106017826045	2.7119070489854e-07	3.9791621989038e-05	0.080084962709492	0.013070629181152	0.54009170603038	4.6771312525302e-08	1.6717416336395e-06	5.7547726603622e-05	0.0121095896211	3.8934707555049e-05	0.90959893397325
36	6.354913739994e-06	1.3161601413881	1.5598101173312e-06	0	0.0011882104795532	0.036275263527933	0.0168713966937	0.041102610241312	0.00014003740478894	1.6066943725911e-06	0.022913049765937	5.077828040945e-06	0.060367706861921	0.1465792001209	0.012963452427253	0.022106084480481	2.6981856097698e-07	3.9297723764591e-05	0.080087796824153	0.013036584301967	0.53976127561944	4.6465868685797e-08	1.6613242373169e-06	5.7424055563681e-05	0.012109823103801	3.8685800096222e-05	0.90960563697634
36.2	6.3022470630857e-06	1.3163513664812	1.5471577768028e-06	0	0.001184186864668	0.036134783012598	0.016873484268671	0.04111264334891	0.00013956303529207	1.5935712000259e-06	0.02291678066732	5.0345393894351e-06	0.060762466822399	0.14937643175205	0.012964056509972	0.022106181275771	2.6767084597466e-07	3.8536613469502e-05	0.080092186702021	0.013241410734525	0.58061379991096	4.5990493037065e-08	1.6458276424929e-06	5.7229433658544e-05	0.012110182993971	3.829665584335e-05	0.90961609175309
36.48	6.2291432161503e-06	1.3166183728541	1.5294906428603e-06	0	0.0011785017056749	0.035939009860119	0.01687634128382	0.041126567390357	0.0001388928010017	1.5753148003248e-06	0.022921965642277	4.9738750367219e-06	0.060363892957394	0.14539509877543	0.01296489031864	0.022106301543595	2.6466653650989e-07	3.7492614112631e-05	0.080098253460449	0.013107277314244	0.5447639274514	4.5329177433671e-08	1.6226834583506e-06	5.695446888036e-05	0.012110676666937	3.7752410819763e-05	0.90963068983186
36.872	6.1280610354049e-06	1.3169907784298	1.5049257848319e-06	0	0.0011704582786188	0.035666680972658	0.016880213136892	0.041145821418804	0.00013794458908131	1.5500206477215e-06	0.022929148094679	4.8891709302827e-06	0.060324889861858	0.14636934796888	0.01296603377905	0.022106439523412	2.6048140033468e-07	3.6072886558473e-05	0.08010659003398	0.012954719133059	0.53983787520444	4.4416346753677e-08	1.5924062263171e-06	5.6565489895684e-05	0.012111347588996	3.6993923600699e-05	0.90965105032958
37	6.0951652500328e-06	1.3171120193026	1.4969492845406e-06	0	0.0011678155228847	0.03557819670932	0.01688144622575	0.041152048587947	0.0001376330529017	1.541802166016e-06	0.022931474116867	4.8615987879469e-06	0.060357205449663	0.14663312703314	0.012966401029119	0.022106476772939	2.591213494065e-07	3.561939358763e-05	0.080109272083757	0.01291980927378	0.53950990287054	4.412157326841e-08	1.5826322672662e-06	5.643769604983e-05	0.012111561490098	3.674739948299e-05	0.90965767876656
37.2	6.0430867343032e-06	1.3173011112693	1.4840369637439e-06	0	0.00116367186817	0.035440372523093	0.016883341044597	0.041161716901692	0.00013714459458901	1.5286493620371e-06	0.022935088229552	4.8168803777125e-06	0.060730672065449	0.14931669083822	0.012966968555475	0.022106527121056	2.5691458807361e-07	3.4907025203656e-05	0.080113422362493	0.013123317537768	0.58039318684535	4.365132727764e-08	1.564971182001e-06	5.6237332995263e-05	0.012111890483698	3.6348604572991e-05	0.90966801662406
37.48	5.973780683738e-06	1.3175651170152	1.4670063342805e-06	0	0.001157846040245	0.035248301047262	0.016885929151295	0.041175127752234	0.00013645785574534	1.5112425867664e-06	0.022940107069121	4.7576627885595e-06	0.060316540070229	0.14534376594414	0.012967750319568	0.022106581611314	2.5400102798347e-07	3.3950404910121e-05	0.080119151605971	0.012987549748461	0.54454880910417	4.3022318934298e-08	1.5450849108737e-06	5.5955646042904e-05	0.012112340536191	3.5818173686713e-05	0.90968244972002
37.872	5.8774877759344e-06	1.317933289956	1.4434243512774e-06	0	0.0011496531262036	0.034981120916885	0.016889427822482	0.041193662287371	0.0001354921159151	1.4870877986215e-06	0.022947054228931	4.6756626628195e-06	0.060262605650299	0.14629636443552	0.012968819879686	0.022106626544044	2.4996847722094e-07	3.2651621196853e-05	0.080127011884604	0.012833383216645	0.539628714442	4.2154983379588e-08	1.5178486612239e-06	5.5559535057476e-05	0.012112949870997	3.5084942252722e-05	0.9097025765655
38	5.8462281268569e-06	1.31805314339	1.4357884058413e-06	0	0.0011469718205016	0.034894309535364	0.016890539869389	0.041199654307221	0.00013517606280461	1.4792566265425e-06	0.022949302845622	4.6491037557701e-06	0.060290649282772	0.14655193734122	0.0129691627792	0.022106633209689	2.4866244227112e-07	3.2237232136337e-05	0.080129537568698	0.012798062379869	0.5393035865152	4.1875580025573e-08	1.5089736387339e-06	5.5429905283097e-05	0.012113143545803	3.4847895638397e-05	0.90970912822186
38.2	5.7969428321399e-06	1.3182400619777	1.4234961996013e-06	0	0.0011427774415398	0.034759091009435	0.016892246511304	0.041208955318286	0.00013468166483838	1.4667816587071e-06	0.022952795579747	4.6063297607017e-06	0.060645885935932	0.14913098853837	0.012969692073227	0.022106635594497	2.46555752836e-07	3.1587588168762e-05	0.080133442844182	0.01300101572771	0.58018268059154	4.1431740295638e-08	1.4930497408009e-06	5.522713035366e-05	0.012113440838082	3.4467160167674e-05	0.9097193456253
38.48	5.7313317278905e-06	1.3185010165055	1.4072681330606e-06	0	0.0011368984448469	0.034570650767417	0.016894573140627	0.041221852201835	0.00013398870843386	1.450258937849e-06	0.022957643656105	4.5496936259887e-06	0.060221409950206	0.14518035851016	0.012970419955666	0.022106622602185	2.4377192422365e-07	3.0715028277655e-05	0.080138827712791	0.01286489795377	0.5443723349563	4.0837990094344e-08	1.4748662296417e-06	5.4942923857824e-05	0.012113846315408	3.3961138498342e-05	0.90973360928987
38.872	5.6405687258655e-06	1.3188649061258	1.3848990207227e-06	0	0.0011286619805378	0.034308521966762	0.016897709674361	0.041239668084183	0.00013301789507468	1.4274298120026e-06	0.022964350342792	4.471726561605e-06	0.060157879610321	0.1461203767812	0.012971413466782	0.022106572499765	2.3993676837816e-07	2.9532175490622e-05	0.080146203828933	0.012710405205649	0.53946045937102	4.0022343782072e-08	1.450020894006e-06	5.4544768894004e-05	0.012114392936237	3.3266066906802e-05	0.9097534977424
39	5.6111873032664e-06	1.3189833592264	1.3776791159708e-06	0	0.0011259731220157	0.034223351911982	0.016898704445765	0.041245425831363	0.00013270096916448	1.4200500751808e-06	0.022966520181777	4.446577022446e-06	0.060183153439645	0.14637059207663	0.012971731415744	0.022106548031575	2.3869881694607e-07	2.9155222827081e-05	0.080148571085294	0.012675021680385	0.53913773194107	3.976023512269e-08	1.4419281395217e-06	5.4414791920516e-05	0.012114566079772	3.3042367137061e-05	0.90975997134902
39.2	5.5649566841264e-06	1.3191680876766	1.366093098047e-06	0	0.0011217731156195	0.034090689988561	0.016900228936804	0.041254361466914	0.00013220593325173	1.4083233850027e-06	0.022969889692698	4.4062291492957e-06	0.060522775124754	0.14885277620134	0.012972221635438	0.022106501689388	2.3670854923459e-07	2.8564912817807e-05	0.080152228601009	0.012877746950862	0.57998416761729	3.934483810335e-08	1.4274353078284e-06	5.4211770993639e-05	0.012114831254478	3.2684585529198e-05	0.90977006657391
39.48	5.5034597942243e-06	1.3194259731536	1.3508159156215e-06	0	0.001115897811171	0.03390581276517	0.016902302831545	0.041266748315588	0.00013151344396656	1.3928059188804e-06	0.0229745650741	4.35290251531e-06	0.060091624356101	0.14493327486012	0.012972894657248	0.02210642034154	2.3408210324793e-07	2.7772653624539e-05	0.080157266176351	0.012741959892226	0.54422813149103	3.8789748128581e-08	1.4108729347952e-06	5.3927775773783e-05	0.012115191698505	3.2210252786189e-05	0.90978415883326
39.872	5.4185881268988e-06	1.3197855632189	1.3298209946458e-06	0	0.0011076865037511	0.033648640633126	0.016905090120272	0.041283853448851	0.0001305456342988	1.3714206833176e-06	0.022981029898634	4.2797819409186e-06	0.060022345630286	0.14586706662537	0.012973811130135	0.022106274343922	2.3047539754017e-07	2.6700310145887e-05	0.080164155632053	0.012588032829219	0.53932635080624	3.802913570704e-08	1.3882673652387e-06	5.3530876460134e-05	0.012115675184849	3.1561955531274e-05	0.90980380682996
40	5.391163819719e-06	1.3199026124938	1.3230586571372e-06	0	0.0011050101629349	0.03356508119415	0.016905971988254	0.041289380037931	0.00013023019505362	1.3645206213704e-06	0.022983120809045	4.2562587873815e-06	0.060045961193162	0.14611405561559	0.012974103888746	0.022106218538552	2.2931373376382e-07	2.6358978139408e-05	0.080166363974609	0.012552853366852	0.53900574977196	3.7785125717012e-08	1.3809034220078e-06	5.3401516135904e-05	0.012115827706122	3.1354035912688e-05	0.90981020185994
