# Time [h]	hydro_Methanogenesis [g/h]	Disintegration_Initial [g/h]	Hydrolysis_Proteins [g/h]	aceto_Methanogenesis [g/h]	Valeric_Degradation [g/h]	Acidogenesis_MS [g/h]	Disintegration_Substrate [g/h]	Propionic_Degradation [g/h]	Butyric_Degradation [g/h]	Hydrolysis_Lipids [g/h]	Hydrolysis_Carbohydrates [g/h]	Acidogenesis_AA [g/h]	Acidogenesis_LCFA [g/h]
0.2	9.4612589073696	0	13.301903781685	24.692429086298	1.1591340142557	39.623368320842	0.34437634872553	5.1583558383216	3.6438536056519	10.970177560872	37.032307372453	10.037726008208	0.92658202599038
0.48	10.198880460239	0	11.834159983928	24.848203553044	1.9105788826229	36.037256244542	0.82418521206218	7.9788778769112	5.2987148563968	9.7575865280571	32.975442323392	11.312269496187	1.417537191314
0.872	9.858888396565	0	10.058008001911	25.059574138749	1.9052847926608	30.660804715375	1.4913749244292	9.0317306807749	5.1408895588461	8.2873390832046	28.105481552617	10.054863960139	1.8371951230351
1	9.6379501564816	0	9.5383240358823	25.118848586145	1.8318591611635	29.07543061541	1.7081427359953	9.106873609938	4.9413655993523	7.8564468173108	26.69038165381	9.5409857020549	1.9484746893654
1.2	9.1533487388066	0	8.781292232003	25.17616044073	1.685738734419	26.790333046386	1.701323970357	8.9596517915739	4.4840035199196	7.2284921604583	24.632656002405	8.7589967197238	2.1181246216217
1.48	8.4772067069807	0	7.8234722557629	25.238168779709	1.5013483252819	23.955992520498	1.6918235012121	8.5293500408567	3.9750230224218	6.4340144706338	22.028746965676	7.7906809139123	2.3312248294126
1.872	7.5300645056131	0	6.659705371252	25.278926391458	1.273282253073	20.494727076598	1.6786122140821	7.6172153374133	3.3757602364881	5.4687682486362	18.864169669667	6.6104864884155	2.5936193709748
2	7.2072636179527	0	6.3181035713228	25.280257218366	1.2065167641396	19.460212312166	1.6743206307676	7.2681386519448	3.2000642232766	5.1854526071524	17.935072981398	6.2574087574279	2.6753003912671
2.2	6.7391959584748	0	5.8200330208567	25.266223496518	1.1069118894138	17.965809404431	1.6676370332374	6.6974463290258	2.9410210576401	4.772380454311	16.580208165343	5.7460696910141	2.7911142832418
2.48	6.137441624049	0	5.1898308043741	25.220673832004	0.98495976603279	16.104150964951	1.6583249029166	5.9228084163303	2.6243761544211	4.2497549042359	14.865512486984	5.117086664244	2.9378014012375
2.872	5.394789026039	0	4.424074114408	25.090746967211	0.83719095978255	13.831828500001	1.645375491216	4.9501336199386	2.2406858740591	3.6147702410008	12.781221812461	4.3529949725444	3.1123168913576
3	5.1706710573761	0	4.1992981291678	25.029105829718	0.79395190558036	13.156640871969	1.6411688956061	4.6587087691256	2.1277169910301	3.4283942395266	12.169219731752	4.1259293319432	3.1631292873629
3.2	4.850945638331	0	3.8715520690269	24.90859830102	0.73008288699087	12.178763694792	1.634617654551	4.2431637116934	1.9618391921256	3.1566535297057	11.276662346172	3.7965528393336	3.2337205109549
3.48	4.457221406445	0	3.4568346633655	24.689234543128	0.65081603572057	10.952083991099	1.6254899205186	3.7451773509885	1.75612215853	2.8128318636831	10.146859586034	3.3864309524098	3.3183720390777
3.872	3.9868091704498	0	2.9528668622237	24.253247790007	0.55461034869405	9.4570879571425	1.6127968809479	3.1710263440044	1.5063394385673	2.3950719376048	8.7731607573439	2.8879593204473	3.4118884849732
4	3.8464671133136	0	2.8049277765688	24.069973482711	0.5264005485848	9.0141686262956	1.6086735670355	3.0045226304646	1.4327982334042	2.2724526653108	8.3697262169929	2.7403608912361	3.4374208752136
4.2	3.6451012414515	0	2.589206029861	23.732373300107	0.48487656590119	8.3711555548271	1.6022520192833	2.7658736673506	1.324926656384	2.0936657587278	7.7812536516473	2.5257532635743	3.4709636185208
4.48	3.3933546400336	0	2.3162169709757	23.138314006379	0.43306974326644	7.5624528061533	1.5933049657654	2.4742019946079	1.1904051890933	1.867444681201	7.0361737519727	2.25724379089	3.5075839240667
4.872	3.0863941913852	0	1.9844350854588	21.986726892511	0.37009893897396	6.5767629340015	1.580863130555	2.1271439031378	1.0267797960752	1.592556746774	6.1298900489162	1.9306197059614	3.5393071605413
5	2.9940088658308	0	1.8870320299119	21.501404677235	0.35159742455052	6.2847843685379	1.5768214413818	2.0251258383567	0.97855867878442	1.5118696887455	5.863644110715	1.8340414264652	3.5451621748462
5.2	2.8603943510305	0	1.7449898302798	20.60969724853	0.32458559978512	5.8619097743065	1.5705270043534	1.8778798009439	0.90830129582963	1.3942180261045	5.4751909552566	1.6940265659913	3.5491768518588
5.48	2.6891658684709	0	1.5652179009304	19.035950037359	0.29046042516989	5.3265600899767	1.5617570321004	1.6934062252285	0.8195419726228	1.245342849067	4.9831772076878	1.5171999937087	3.5450674249109
5.872	2.4762385073432	0	1.3466871962331	16.111135065426	0.24903237800847	4.6750791559516	1.5495614012817	1.4710190136443	0.71169834505026	1.0644227877159	4.3843627875774	1.3024782328226	3.5200328153786
6	2.4112371528932	0	1.2825223658612	14.943457936061	0.23684139608847	4.4814246302429	1.5455997133074	1.4053485028718	0.67986475238705	1.0113142085627	4.2083600241005	1.2389602129815	3.5069175863027
6.2	2.3155417044602	0	1.1889405697992	13.019406203095	0.21901583326891	4.2013181483732	1.5394298592278	1.3098365907157	0.63337083277978	0.93387092551171	3.9514826358265	1.1467401875572	3.4811309661229
6.48	2.1908860206628	0	1.0704799502766	10.425965838378	0.19658675250123	3.8474189959756	1.5308334518264	1.1900711402516	0.57486033605344	0.83586618654505	3.6259439035689	1.0305789948471	3.4347949682146
6.872	2.0309013875232	0	0.92643865286753	7.7335392188868	0.16931663151219	3.416231169543	1.5188791575479	1.0447641388131	0.50360276661368	0.716749482932	3.2294005607025	0.88936293707015	3.3491126008856
7	1.980673349036	0	0.88413563009236	7.0948797518472	0.16125431128533	3.2867316475513	1.5149958870938	1.0015738213879	0.48243909596645	0.68177923792838	3.1127656678551	0.84740864510617	3.3154078653584
7.2	1.9052848967552	0	0.8224280397171	6.3570929574698	0.14948181249554	3.1010877487006	1.5089481570797	0.93861382744342	0.45156182261634	0.63078112219336	2.94244946259	0.78668423596067	3.2568526425854
7.48	1.8039137987435	0	0.74429467149746	5.6795701728082	0.13463018756666	2.8663582310116	1.500521901281	0.85917255932877	0.41258719379387	0.5662342785249	2.7264353199445	0.71010409844923	3.1627724133727
7.872	1.6676646352478	0	0.64924937794856	5.0755259826656	0.11653588013376	2.5802596358733	1.4888042119749	0.76209846629617	0.36496104584645	0.48776656173282	2.4629740576292	0.61696598951532	3.0061957866825
8	1.6230129221715	0	0.62132614306881	4.91434667652	0.11113128701917	2.4920818021902	1.4849978141434	0.73277982650745	0.35060075977963	0.46472609249535	2.3854007897921	0.58897022558591	2.9480488369805
8.2	1.5545502013765	0	0.58058430255426	4.684386838711	0.10323535336435	2.3682350573056	1.4790698016651	0.6898563425702	0.32963574656649	0.43112134415074	2.2720400814836	0.54869087928424	2.8504437534143
8.48	1.4597233902619	0	0.52897724018866	4.3880745818923	0.093269424960388	2.2118133406859	1.4708103422821	0.63542974227716	0.30314417442846	0.38858042833644	2.1280944430393	0.49794774691207	2.7006271096212
8.872	1.3280413079562	0	0.46616119047186	3.9947909954745	0.081096929321517	2.0205636832597	1.4593245917759	0.56828393177631	0.27057938655237	0.33684873045474	1.9522096086756	0.43613115982267	2.467518702549
9	1.2837477942893	0	0.44769702348215	3.8649612308547	0.077398488889419	1.9582207246381	1.4555935470537	0.54741384350716	0.26047964531176	0.32165485494677	1.9003428656675	0.41710333262575	2.385376081398
9.2	1.2161249995821	0	0.42074672922487	3.6651109141884	0.072007075198116	1.874121135688	1.449782886327	0.51681744666332	0.24576359564706	0.29949037080729	1.8244664069816	0.3900676611985	2.2532851802946
9.48	1.1240432895634	0	0.38658944344682	3.3945979523144	0.065274538555527	1.7686041813638	1.441686929854	0.47834169967206	0.22737441205848	0.27142375362787	1.7279548504714	0.35629086937463	2.0647856083283
9.872	1.0032147203667	0	0.34497552982033	3.0423489399038	0.057254524033718	1.6400031738401	1.4304285456382	0.43210493680167	0.20531066805531	0.23727789104695	1.6097177277398	0.31563592616708	1.8068789778299
10	0.96488513072045	0	0.33273421058337	2.9318046807955	0.054859438906686	1.5961625194814	1.4267713663033	0.41796207628057	0.19853836171318	0.22724523118943	1.5747740031676	0.30309398953367	1.7256390897115
10.2	0.91005386570242	0	0.31485718020707	2.7725323690877	0.051485120078865	1.5400600694525	1.4210757423334	0.39811749525375	0.18905115759921	0.2126058400518	1.523575716628	0.28575618744047	1.6061199580108
10.48	0.84288251014312	0	0.29218026108467	2.5804130416973	0.047506693032362	1.4721706701552	1.4131400668515	0.37512772116654	0.17802331510068	0.19406019047491	1.4582962916331	0.26483085005398	1.4577842150845
10.872	0.76810660908742	0	0.26451619330845	2.3750054541951	0.043189518905721	1.3926385251232	1.402104574031	0.35133568518939	0.16632169762971	0.17148233561672	1.3780227201705	0.24077182083725	1.2924302481556
11	0.74734526873001	0	0.25636933996717	2.3202388918107	0.041993313982898	1.3672942634941	1.3985198039342	0.34492188890299	0.16307969831304	0.16484480109467	1.3542250944347	0.23373837883526	1.2478111530881
11.2	0.7195929054028	0	0.24446246802769	2.249147549694	0.040353893099002	1.3338144395981	1.3929369496617	0.33655431324212	0.15873538328349	0.15515561069775	1.319282367836	0.22390175358292	1.1880001065262
11.48	0.68852025992698	0	0.229339958112	2.1757426790188	0.038456141982263	1.2932325971649	1.3851583967988	0.32782020640388	0.15393864844977	0.14287326094458	1.2745788972952	0.211906820885	1.1220974146344
11.872	0.65597344115711	0	0.21085603125316	2.1092541955159	0.036262117246596	1.2431600558269	1.3743414022885	0.3190403125583	0.14861863817077	0.12790564311603	1.2193222650799	0.19730510049092	1.0567438706404
12	0.64718154377398	0	0.20540384903853	2.0931545862992	0.035610757477704	1.2278271655048	1.3708276118695	0.31658118365951	0.14704631103124	0.12350172732138	1.202871149925	0.19294154995087	1.0401426319371
12.2	0.63498437199236	0	0.1974262782487	2.0725793624335	0.034635747180785	1.2051772450636	1.3653553001829	0.31300101490486	0.14469107415749	0.11706930200607	1.1786442343676	0.18642926245983	1.0182102348745
12.48	0.62053043197527	0	0.18727613529612	2.0515396575296	0.033354498412386	1.175971303676	1.3577307654715	0.30848015211725	0.14161467973687	0.10890776891843	1.1475078297451	0.17797727565664	0.99409336350952
12.872	0.60368979262649	0	0.17483537062799	2.0301286841079	0.031642033215023	1.1383605527906	1.3471279502607	0.30226975613317	0.13741862750964	0.098947457934615	1.1087526294603	0.16713733632521	0.96924931021903
13	0.5988100961774	0	0.1711572321349	2.024187702429	0.031102399932042	1.1269084343498	1.3436837354392	0.30022308401825	0.1360709791172	0.096013268472397	1.0971488650972	0.16384814856518	0.96265611047669
13.2	0.59160349051119	0	0.16576671243023	2.0153041538981	0.030269291856851	1.1095897904664	1.3383197792875	0.29692268219607	0.13395305222335	0.091723878407352	1.0799939867513	0.15889591273854	0.9535570895597
13.48	0.5825245178524	0	0.15889074721545	2.0045775498748	0.029159710226996	1.0872803432001	1.3308462151647	0.29240239675701	0.13111699629474	0.086274101815105	1.0578144826848	0.15249203450635	0.94298191810433
13.872	0.57121107799563	0	0.15042996313829	1.9905209717956	0.02769758439858	1.0587071504438	1.3204533412958	0.28604601582991	0.12729897882	0.079609206069181	1.0299594325229	0.14438270958852	0.93110494825067
14	0.56781978815045	0	0.14792037184575	1.9860577931542	0.027245755897623	1.0500357273416	1.3170773248586	0.28399000210952	0.12610143876348	0.07764234655198	1.0215591082552	0.14194231239228	0.92775097346368
14.2	0.56268749122555	0	0.14423410182244	1.9787735986941	0.026557596868705	1.0369091313554	1.311819579418	0.28072896607744	0.12424714973349	0.07476351288292	1.0090794148822	0.13829097423234	0.92289725530365
14.48	0.55611762840012	0	0.1395154032066	1.9694299817699	0.025662616316508	1.0201066639841	1.3044939976359	0.27639514714406	0.12183158571198	0.071098777575618	0.99282420958303	0.13362588911261	0.91698671596785
14.872	0.54775309654858	0	0.13367761581302	1.9565565724123	0.024516455116112	0.99853564555285	1.2943069099844	0.27055819146478	0.11867968725846	0.066603408427297	0.97218462278601	0.12777538821085	0.90985066973479
15	0.54521408019589	0	0.13193832491171	1.9524107205094	0.024167892193639	0.99195053554588	1.2909977417885	0.26871871953415	0.11770743614914	0.065273458219544	0.96590629745472	0.12601955830563	0.90772592143806
15.2	0.54139900980138	0	0.129375665281	1.9459936150222	0.023648252053697	0.98210217876195	1.2858441044412	0.26591605911011	0.11624500970058	0.063323436035553	0.95652499707605	0.12342317887422	0.90459062170597
15.48	0.53634745156078	0	0.12607960711191	1.9371761574731	0.022970705985693	0.96915819958081	1.2786635755625	0.26214949932979	0.11431334289444	0.060834246472021	0.94419900298988	0.12007158585673	0.90053005308822
15.872	0.52984312198565	0	0.12197227310237	1.925149578774	0.022114163858134	0.95251375819624	1.2686782006712	0.2571886573863	0.11182408012641	0.057767907246124	0.92835068064957	0.11588081229132	0.89531662868472
16	0.52785011476704	0	0.1207413363155	1.9212971044281	0.021855261950916	0.94738714257398	1.2654345572321	0.25564266528718	0.11105979662999	0.05685754755214	0.92348283284614	0.11462076469777	0.89368860655203
16.2	0.52474524521776	0	0.11892036883011	1.9149434644606	0.021464050310369	0.93953014221297	1.2603829668512	0.25322739409964	0.10988059317585	0.055519490074092	0.91616246377804	0.11273016083523	0.89114330006252
16.48	0.52072901511175	0	0.11656374012642	1.906938608581	0.020966751906729	0.92947795118149	1.2533446192035	0.25012902760528	0.10838167680278	0.053804974096853	0.90645293836328	0.11033480841195	0.88783168868875
16.872	0.5154443067132	0	0.11359976260056	1.8960099567994	0.020339280800258	0.91626106765268	1.2435569638406	0.24606498429599	0.10644319154043	0.051680626072375	0.89380067297892	0.10731380651608	0.88333477897662
17	0.51380373529368	0	0.112704873711	1.8924942300485	0.020149271633493	0.91213515812306	1.2403775478252	0.24479713114132	0.10584447999854	0.051046920897926	0.8898750685439	0.10639872787369	0.88187049647188
17.2	0.51120765931062	0	0.11137437204871	1.8866750370572	0.019860979570635	0.90576665406314	1.2354259839985	0.24280944089025	0.10491421115161	0.05011242865926	0.88393287422266	0.10501744815747	0.87952103487513
17.48	0.50781365586866	0	0.10963930902038	1.8793361303854	0.019495185964091	0.89758191083707	1.2285270026039	0.24026694016774	0.10373219142876	0.048908917961319	0.87597583880921	0.10326508497776	0.87637416043204
17.872	0.50325975201535	0	0.10743247308989	1.8692530999742	0.019031623743181	0.8866739044629	1.218933152312	0.2369205800802	0.10219104522485	0.047406212454686	0.86546963540617	0.10103408804198	0.87192817369385
18	0.50182900959418	0	0.10676027919953	1.8659848408499	0.01889050548298	0.88322745450032	1.2158166920383	0.23587147037588	0.10171120262276	0.046955144638182	0.86217804618166	0.10035229848163	0.87043976439585
18.2	0.49952837417959	0	0.10575496889686	1.8605371186212	0.018674759436685	0.8778693886576	1.2109631742886	0.23421486602063	0.10095845855978	0.04628714001719	0.85716455434182	0.099314746693225	0.86801492265005
18.48	0.49649019588653	0	0.10443235141779	1.8536505224038	0.018401309451929	0.87095993644405	1.2042007997905	0.23210022092272	0.10000247648186	0.045421200334641	0.85039117682161	0.097996654520049	0.86470252600945
18.872	0.49233626782721	0	0.1027285562754	1.8440935864935	0.018051951731674	0.86163030766704	1.1947969174208	0.22929758651229	0.098742827625279	0.044329414832724	0.84133962237582	0.096298143533367	0.85991370841014
19	0.49101710570772	0	0.10220447635766	1.8409662110184	0.017944733964061	0.85864841852293	1.191742166359	0.22841253569118	0.098346804970256	0.04399913941266	0.83847905536533	0.095773450862904	0.85828585940941
19.2	0.48886610699002	0	0.10141561104354	1.8357223881411	0.017779207984627	0.8539854253638	1.1869847533748	0.22700361496369	0.097719315439099	0.043507450694278	0.83409822426245	0.094967572719669	0.85561711481878
19.48	0.48599559564281	0	0.10036783674195	1.8290478218549	0.017569327632486	0.84795051793557	1.1803562809743	0.22520545096478	0.09692170075814	0.042864991627028	0.82813379086915	0.09394141048919	0.85192296369563
19.872	0.48200603982081	0	0.098999869690037	1.8196803494496	0.017298242007094	0.83970947157576	1.1711386052219	0.22280169571834	0.095858686617777	0.042045501136785	0.82008131446139	0.092600884778005	0.84652057122178
20	0.48072800953814	0	0.098574822057039	1.8165853688936	0.01721419390781	0.83704795351413	1.1681443415057	0.22203630454351	0.095521075760524	0.041795331765112	0.81751799115715	0.092181774754527	0.84467107659307
20.2	0.47869297916643	0	0.097930832611532	1.8117398933339	0.017087521174886	0.83299112872989	1.1634811303827	0.22086511640249	0.095005279147938	0.041420635757776	0.81357469279486	0.0915502906747	0.84172371960972
20.48	0.47582529499447	0	0.097067334863717	1.8049448513638	0.016919332573851	0.82746206014517	1.156983908784	0.21927666198683	0.09430753923431	0.040926595534298	0.80817216567793	0.090709153474069	0.83747026808343
20.872	0.4718120007878	0	0.095925127973778	1.7953592171723	0.016699856748857	0.81996167254073	1.147948752731	0.21714240010552	0.093372939437496	0.040288191484125	0.80081831709755	0.089604480203992	0.83122959020379
21	0.47052037016503	0	0.095566801458746	1.7921754318502	0.016631206267715	0.81752277467176	1.1450137786747	0.21645921160154	0.093074397466659	0.040091357233414	0.79846398403969	0.089255764469267	0.82908976801446
21.2	0.46837402518783	0	0.095020569730362	1.7868091334805	0.016522838404431	0.8136807495789	1.1404429041593	0.21535520417573	0.0925932179684	0.039794618972244	0.79482946584414	0.088710188736567	0.8255802232115
21.48	0.46546186288841	0	0.09428171681136	1.7798608581985	0.016385375977941	0.80868595317547	1.1340743345277	0.2139476501939	0.09198160095281	0.039399603933075	0.78982578634359	0.088012852202345	0.82065844913098
21.872	0.46132253064604	0	0.093292785895311	1.7699330362566	0.016203452997091	0.80175219664929	1.1252180842003	0.21203611561073	0.091150436387936	0.03888226239866	0.78297214856345	0.08707669631143	0.81341822799205
22	0.45998212468251	0	0.092979899252812	1.76660515642	0.016145762204437	0.79947405329169	1.1223412258239	0.21141784613049	0.090881644028245	0.038721144204616	0.7807684976527	0.086776798690916	0.81093349371508
22.2	0.45774634617924	0	0.092500388483197	1.7610125194225	0.016053795386232	0.79588620778973	1.1178608595858	0.21041410236057	0.090446004413019	0.038476671867708	0.77735766786696	0.086304475988803	0.80687152067965
22.48	0.45468249890191	0	0.091846894665462	1.7536492200412	0.01593640147495	0.79119673227701	1.1116183945219	0.20912632507524	0.089888541220464	0.038148169785884	0.77264501871902	0.085696997671448	0.80114306272518
22.872	0.45029822199479	0	0.090963474744273	1.7430494925187	0.015779027923387	0.78465962189794	1.1029375074673	0.20736374780125	0.089124561722776	0.03771237649693	0.76616029406223	0.084872134379067	0.79271947359296
23	0.44887434403365	0	0.090682001280111	1.7394783997013	0.015728565374364	0.78249698218064	1.1001176140311	0.20678954128247	0.088875622306545	0.037575374356411	0.76406871633108	0.084605005255517	0.7898324091061
23.2	0.44649457594686	0	0.090248751755391	1.7334960321681	0.015647428758935	0.77909340988657	1.0957259639304	0.20585369553225	0.088470518240865	0.037366251758354	0.76082520537056	0.08418208064766	0.78512677733067
23.48	0.44321337204468	0	0.089654713394659	1.7255271703863	0.015543512610279	0.77463308875194	1.0896071064588	0.20464960526134	0.08795066244369	0.037082853188932	0.75633211080447	0.083636236713992	0.77847375353279
23.872	0.43849926040422	0	0.088845298183582	1.7140045320127	0.015402738026848	0.7683950298221	1.0810981103403	0.20299206360369	0.08723389796415	0.036702583006664	0.7501291592184	0.08288811007457	0.76870901851866
24	0.44017327306292	0	0.088161839583494	1.7424925225555	0.015817921288453	0.76452382648197	1.0786253055294	0.20769866717338	0.092387786957652	0.036408160644939	0.74452475732572	0.082594855288238	0.76728903392081
24.2	0.46694309336796	0	0.088918268645353	2.255220828412	0.0196973087217	0.75757018667538	1.4187322972859	0.27571085251852	0.14379800377342	0.036697640372821	0.75122767065387	0.081404371044884	0.7488350598144
24.48	0.48430959248683	0	0.093430771208392	2.6785129715116	0.022118297010535	0.77382495594097	1.8925947935657	0.33156472581022	0.17925766456135	0.038521821951416	0.78987660689765	0.081402639124924	0.71306752194956
24.872	0.49869742015196	0	0.1057066826371	2.9878178714153	0.023678524011558	0.85297968284375	2.5515407590275	0.37550611850764	0.20183475246128	0.043523787214753	0.8944760178219	0.086790173304163	0.65984794582282
25	0.50332078369628	0	0.11099500024748	3.0498694355857	0.024119204417565	0.88814220962864	2.7656026030892	0.38637594693279	0.20689704748137	0.04568294100267	0.93947617661338	0.08964923856416	0.64284206823814
25.2	0.48500636672225	0	0.11932072583298	2.8022803095856	0.021068266548274	0.95884409314611	2.7545623571349	0.34205027180813	0.165477540097	0.049083316958198	1.0103077713771	0.095989128440536	0.62665992311316
25.48	0.48138852614308	0	0.12973874310877	2.5549330498457	0.019910369010736	1.0603183663327	2.7391800460651	0.31298962187773	0.14066277782483	0.053338033762408	1.098942253572	0.10638258734521	0.6152327922803
25.872	0.49314899114801	0	0.14217515790897	2.3257158165378	0.020790876450826	1.1834423372707	2.7177891069953	0.30525870510995	0.13356115214003	0.058416699325642	1.2047538843601	0.12024243466316	0.60753753254967
26	0.4984204249085	0	0.14577012781438	2.2691774365887	0.021307294718847	1.2188380724353	2.7108405071301	0.30674460953688	0.1340974609505	0.059884687069989	1.235341910079	0.12435128651458	0.60548634164618
26.2	0.50706745160552	0	0.15095509790352	2.19758562705	0.022212725347802	1.2691522025279	2.7000188833165	0.31162651908925	0.13650021451087	0.062001847071391	1.2794598750523	0.13026493534541	0.60229606729123
26.48	0.51892858512214	0	0.15740182383499	2.1245152541748	0.023513143406202	1.3306801791267	2.6849411818006	0.32134478656935	0.14135933489356	0.064634019947426	1.3343165756506	0.1375341599523	0.59724367646408
26.872	0.53361144473514	0	0.16501785494834	2.0601786815429	0.025187667672833	1.4022643778411	2.6639738448036	0.33682905330854	0.14877300833626	0.067743235813435	1.3991283886812	0.14596615695128	0.58844804017327
27	0.53785551762477	0	0.16719927414232	2.0454389312072	0.025683460742607	1.4227218782343	2.6571628401131	0.34186763014063	0.15110785627476	0.068633694995587	1.4176934236949	0.14836402187566	0.58516363580344
27.2	0.54382492777829	0	0.1703244565523	2.0276603043522	0.026403442829788	1.4518992153377	2.6465555055995	0.34955751144008	0.15459535937946	0.069909297731958	1.4442917905543	0.15178059808331	0.57968839710848
27.48	0.55094233027645	0	0.17416744978343	2.0108597242111	0.027303270192405	1.4877475888216	2.6317763736317	0.35972560324425	0.15907917953683	0.0714776797488	1.4770023032925	0.15597073333301	0.57144623816678
27.872	0.55877542832418	0	0.17862446778046	1.9978004541639	0.028372541046843	1.5295072882288	2.6112242363337	0.3725215452534	0.16453974997103	0.073296243666993	1.5149448735255	0.16085405837743	0.55914033061526
28	0.56090368920382	0	0.17987987434544	1.9951545122599	0.028680847002119	1.5413631333109	2.6045481004289	0.37632969735836	0.16613194251234	0.073808371086777	1.5256336110874	0.16224360077945	0.55500785526007
28.2	0.56359707257713	0	0.18165605938333	1.9915997514692	0.029113776231302	1.5578678901514	2.594150808666	0.38177689345509	0.16837526985895	0.074532829027796	1.5407579169848	0.16417717960038	0.54833863552384
28.48	0.56684851441776	0	0.18379454334245	1.9896052825919	0.029670165344226	1.5786245281693	2.5796643288978	0.38893773909234	0.171285166085	0.075404822001947	1.5589704740215	0.16663340022977	0.53920417449913
28.872	0.57000354073383	0	0.18618493670604	1.9888623265507	0.030325723359829	1.6019281004881	2.5595191613253	0.39760760042286	0.17471664142919	0.076379058420263	1.5793349764989	0.16943612769599	0.52650851042638
29	0.57076769866334	0	0.18683489206731	1.9888634527385	0.030512743986882	1.6083526775248	2.5529752224485	0.40012700326983	0.17569449779652	0.076643827966252	1.5848739125625	0.17021747354239	0.52240603260486
29.2	0.57149490556266	0	0.18772942456798	1.9883539226349	0.030768369638637	1.6169541934923	2.5427838122799	0.40362603581369	0.17702565312773	0.077008087230907	1.5924991022095	0.17126633648478	0.5159147979966
29.48	0.57228749991463	0	0.18875462444382	1.9888652975709	0.031100196217581	1.6277107600883	2.5285841866302	0.40822242789404	0.17875936284758	0.077425251819051	1.6012422984384	0.17260544387557	0.50721923625478
29.872	0.57248790369145	0	0.18979659374212	1.9893149504251	0.031479344727967	1.6388312454448	2.508837925036	0.41360723960708	0.18071967085675	0.077848600414227	1.610137303595	0.17404495362025	0.49539094019262
30	0.5723818321259	0	0.19005184744865	1.9893185502562	0.031584002571532	1.6416544335053	2.5024235647819	0.41512548063653	0.18125573651515	0.077952119311145	1.6123189440712	0.17442274746056	0.49160642815925
30.2	0.57201056178834	0	0.19037197103027	1.9891621818624	0.031729817492963	1.6453482645831	2.4924339582088	0.41727393871274	0.18199760973767	0.078081712261394	1.6150582429541	0.17493008823084	0.48578471043983
30.48	0.5711364092764	0	0.19067255821515	1.9885787638634	0.031900638644036	1.6491606602682	2.4785155045619	0.41985465828193	0.18285614956245	0.078202850195008	1.6176378793563	0.17548456166353	0.47781977850149
30.872	0.56935610262018	0	0.19083822150683	1.9869242477868	0.032080551116067	1.6521200398859	2.4591602467131	0.42269425987738	0.18373741406681	0.078268206867967	1.6190789360994	0.17598671345395	0.46701179548104
31	0.56866192289951	0	0.19083730588579	1.9861441879512	0.0321258479299	1.6525352308563	2.4528728987667	0.42344275953726	0.18395213645801	0.078267076009379	1.6190815530713	0.17608794665158	0.46355111155729
31.2	0.56726610323078	0	0.19078497458809	1.9839981092626	0.032171426457523	1.6523747569878	2.4430810989378	0.42428487237935	0.18415024844463	0.07824451605619	1.6186526603766	0.17613909348801	0.45806700746789
31.48	0.56538549733785	0	0.19061641254174	1.9816871942402	0.032235023926134	1.6520751128235	2.4294382483368	0.42543604119869	0.18443375337467	0.078174003306143	1.6172415558221	0.17621505893019	0.45077143647906
31.872	0.56231118151197	0	0.19021605423468	1.9774114219389	0.032279845820404	1.6497237834356	2.4104662495745	0.42644349225696	0.18458408872362	0.078008142376002	1.6138677587285	0.17610357935294	0.4408189017965
32	0.56122185174752	0	0.19005000873955	1.9757397680773	0.03228418257732	1.6485474070922	2.4043033985724	0.42663121679099	0.18457687436843	0.077939558138389	1.6124656800278	0.17601978914164	0.43761583046034
32.2	0.55925982114573	0	0.18975793420464	1.9722180254764	0.032269556058013	1.6461059316826	2.3947054880536	0.42664256494219	0.1844494485766	0.077819067811314	1.6099973630307	0.17580301464891	0.43252239797685
32.48	0.55663782709336	0	0.18928808412667	1.9679186966467	0.03225427707468	1.642880662538	2.3813327822502	0.42669750623878	0.18430700422428	0.077625488042702	1.6060232471174	0.1755322150519	0.42571547494471
32.872	0.55265225007866	0	0.1885255616272	1.960904514883	0.03220100758763	1.6370101902946	2.3627364519956	0.42632195072109	0.18392990937	0.077311700160802	1.5995684901461	0.17499884563375	0.41636893682629
33	0.55128749500173	0	0.18825419296472	1.9583522301167	0.032176033243474	1.6347896287085	2.3566956324784	0.42609173807985	0.18376540707949	0.077200097926685	1.5972703976491	0.17478990201506	0.41334616333981
33.2	0.5489320302432	0	0.187809551083	1.9534918743228	0.032118586353058	1.630858840509	2.3472877715674	0.42548681673996	0.18340878200263	0.077017294877565	1.5935041253634	0.17439291573941	0.40852216932667
33.48	0.54580316605133	0	0.18714866473031	1.9473633413484	0.032048162356226	1.6257400310591	2.3341798606606	0.42474161587796	0.18297152625786	0.076745693842061	1.587904738243	0.17389184635327	0.40205299334158
33.872	0.54120069459187	0	0.18615784690677	1.9379300565	0.031927198607492	1.6176043028411	2.3159517591006	0.42336960340146	0.18223378835103	0.076338673930673	1.5795076371282	0.17308052678177	0.39312448224621
34	0.5396509696029	0	0.18582042261149	1.9346201102634	0.031882170435071	1.6147151088141	2.3100305544889	0.4228409786267	0.18196263451672	0.076200097243283	1.5766475194998	0.17278965986057	0.39022691838701
34.2	0.53718895380873	0	0.18528044434226	1.929272370084	0.031807390328185	1.6101508233997	2.3008089796336	0.42194981865935	0.18151587242865	0.07597836430576	1.5720700682813	0.17232237914888	0.38572909634351
34.48	0.53365912212925	0	0.18450088898378	1.9214550853259	0.03169505437425	1.603563049544	2.2879606198495	0.42058591667745	0.18085132813407	0.075658309015544	1.5654609285787	0.17164148587806	0.37948854723944
34.872	0.52862626447419	0	0.18336962011677	1.909906667992	0.031524754417576	1.5939570215825	2.2700934548117	0.41847320284359	0.17985333191919	0.075193947400211	1.5558686429492	0.17063948588343	0.37085173196751
35	0.52695391302338	0	0.18299190124389	1.9059612732057	0.031465697543498	1.5906504900977	2.2642894964246	0.41772984767005	0.17950875644923	0.075038921363936	1.5526656112547	0.17029517372689	0.36804494438729
35.2	0.52417041413746	0	0.18239412600347	1.8990365325279	0.031359420309647	1.5851908871194	2.2552505186557	0.41638082223898	0.1788948447031	0.074793595857727	1.5475962735994	0.16970656314161	0.36355048634902
35.48	0.52049863462482	0	0.18154335663453	1.8901811526847	0.031226940857875	1.5781288818353	2.2426565701602	0.41468295681743	0.17813046965491	0.074444474741127	1.5403810118183	0.16896188797485	0.35750282865791
35.872	0.51525957660744	0	0.18032921641668	1.8772898940814	0.03103145345765	1.567708308938	2.2251431940615	0.41215101787986	0.17700094498554	0.073946296332806	1.5300832897339	0.16786185986414	0.34912248266877
36	0.51352556807691	0	0.17992808262574	1.8729326901603	0.030964755927379	1.5641601255675	2.2194541601479	0.41128157069383	0.17661610741176	0.07378171731858	1.5266809154601	0.16748763224155	0.34639765374804
36.2	0.51080664058277	0	0.1792971014795	1.8660348730562	0.030858645024463	1.5586567638862	2.2105941636244	0.40989454885701	0.17600524459602	0.073522846166356	1.5213288533082	0.16690082415457	0.34216325027141
36.48	0.50696871044178	0	0.17840619205954	1.8562164330727	0.030707205005012	1.5509128246259	2.1982495884812	0.40790618771839	0.17513637813622	0.073157354740023	1.5137717731142	0.16607211791244	0.33628085702909
36.872	0.50159213667888	0	0.1771468602193	1.8421901958194	0.030490557540682	1.5399625033264	2.1810829954529	0.4050440480894	0.17389700618474	0.072640753787594	1.5030891059658	0.16489714410328	0.32813375448928
37	0.4998260760297	0	0.17673335147742	1.8375138155108	0.030418255601602	1.5362811130156	2.1755066102716	0.40408422252525	0.17348367398097	0.072471132204508	1.4995812918151	0.16450412656021	0.32548771651238
37.2	0.49693635521611	0	0.17608524181394	1.8295835914271	0.030294289194233	1.5303276506047	2.1668220507791	0.40243919159295	0.17277861054087	0.072205283840145	1.4940832550701	0.16385166648009	0.32126024157447
37.48	0.4931216347917	0	0.17517449584462	1.8193737389481	0.030138060166585	1.5225896651292	2.1547219108557	0.4003495859313	0.17189091566041	0.07183171706521	1.4863570533025	0.16301936305987	0.31556366760445
37.872	0.4877542409615	0	0.17389456844592	1.8048792477749	0.029915239297856	1.511439963282	2.1378952338432	0.39736090226032	0.1706206954919	0.07130674214232	1.4754986509249	0.16182225911007	0.30768531265147
38	0.48599393455341	0	0.17347588540371	1.8000716231981	0.02984102099254	1.5077053209114	2.1324292667303	0.39636386334359	0.17019748210431	0.071135019746265	1.4719466447416	0.16142239927417	0.30513009578956
38.2	0.48313225520384	0	0.1728211274032	1.7920126526496	0.0297152492098	1.501704555012	2.1239166702833	0.39467841631071	0.16948354401447	0.070866475718249	1.4663917768975	0.16076419283046	0.30105978381608
38.48	0.47934034820656	0	0.17190376772864	1.7815753675991	0.029555071695407	1.4938571586185	2.1120561253038	0.3925183288836	0.16857535110657	0.070490235569734	1.4586089266656	0.15991744471806	0.29556903756843
38.872	0.47402828354386	0	0.17061923990256	1.7668624998117	0.029328074812209	1.4826287773066	2.0955626333359	0.38945393761025	0.16728446526202	0.069963421118117	1.447710844606	0.15870796158439	0.28799107524514
39	0.47229155949534	0	0.17020005943715	1.7620117377626	0.029252900601723	1.4788874101702	2.0902048978228	0.38843854260331	0.16685678713133	0.069791508513042	1.4441544285496	0.158306113478	0.28553817649335
39.2	0.46947983520676	0	0.16954545407269	1.7539400918653	0.029126545102661	1.4728953177128	2.0818608592573	0.38673706896726	0.16614080189762	0.069523047136619	1.4386005799914	0.1576481047136	0.28163873570579
39.48	0.46575189650598	0	0.16863004945205	1.7434820313429	0.028965101573619	1.465037706936	2.0702351648332	0.38455099228052	0.16522683789276	0.069147634046328	1.4308339695603	0.1567987824485	0.2763820180331
39.872	0.46054676503214	0	0.16735126342759	1.7288300572371	0.028737426704665	1.4538403292931	2.0540682602874	0.38146799474518	0.16393388565444	0.068623204874739	1.4199841831566	0.15559081327427	0.26914514769476
40	0.45884932528046	0	0.16693460379618	1.7240236056636	0.028662339157952	1.4501242504302	2.0488166132168	0.38045134276178	0.16350723217053	0.068452334994904	1.4164490321491	0.15519102608579	0.26680782215749
