Hions_Offset = 0.1155758345125# Time [h]	Butyric -	Propionic -	Carbondioxide -	Valeric -	Acetic -	Nitrogen -	Water -	Hions -
0.2	0.00010610331167805	0.0002985305442101	0.011976239929422	2.7468391016969e-05	0.020896668364825	-0.12274509245683	2.3311840998868e-07	0.014393535249927
0.48	9.4716095494337e-05	0.00034023318387309	0.0036771493022834	2.7424038032948e-05	0.013043243312685	-0.10022745797446	1.1879784097324e-08	0.0080544990662675
0.872	2.6043956419604e-05	0.00011886164176918	0.00011514786237431	8.0888619892558e-06	0.0042772736800207	-0.076469803040963	1.9144991068919e-10	0.038446697523451
1	1.5807231900468e-06	7.5308916700166e-06	3.8068244489321e-06	5.1087249210732e-07	0.00030144159580756	-0.070081783833271	6.8146208903925e-12	0.04525383609247
1.2	4.4578060384037e-08	2.2843098801237e-07	1.0148099728985e-07	1.4796345246284e-08	9.5814002883073e-06	-0.061202172589623	2.1097408241599e-13	0.057329997644167
1.48	3.2440539061275e-08	1.7301337027189e-07	7.2049674036827e-08	1.0910807608697e-08	7.9239053582068e-06	-0.050669905137267	1.7661346168962e-13	0.06491410258091
1.872	2.0990072310809e-08	1.0974059456706e-07	4.7209524229817e-08	7.1177578209107e-09	5.9739859439672e-06	-0.038936937812541	1.3804153084235e-13	0.076645536864213
2	1.8717602837518e-08	9.5941721701253e-08	4.2876561536572e-08	6.3620216128769e-09	5.5731395797386e-06	-0.03570464414546	1.3077668436031e-13	0.079876965589099
2.2	1.5894394283478e-08	7.8327435010634e-08	4.0963131004897e-08	5.4144061822067e-09	5.0481070515434e-06	-0.031186755815868	1.2208441681346e-13	0.084394309407759
2.48	1.3029465614878e-08	6.0276123683601e-08	3.542837274008e-08	4.4473005225257e-09	4.4728116154986e-06	-0.02581171104274	1.1344041692203e-13	0.089768749204903
2.872	1.0206264180236e-08	4.3389042425402e-08	3.0844674011093e-08	3.4879871596351e-09	3.823495735123e-06	-0.019817197178189	1.0542067461348e-13	0.095762586138721
3	9.4774136040402e-09	3.9219761367262e-08	2.9829536904543e-08	3.2401192408502e-09	3.6349600993115e-06	-0.018165189154536	1.0345045959462e-13	0.097414370632418
3.2	8.4768043145364e-09	3.3801064683157e-08	3.0726665166645e-08	2.8972425823721e-09	3.3520433595897e-06	-0.015855720892509	1.0084427634031e-13	0.099723550821523
3.48	7.3308957421126e-09	2.8014198392313e-08	2.8905729397149e-08	2.5026485494025e-09	2.9850488699804e-06	-0.013107177428898	9.7946496137273e-14	0.10247171857049
3.872	6.0641366954297e-09	2.2173578510323e-08	2.7090822755059e-08	2.0640898667326e-09	2.5038248505357e-06	-0.010040167946768	9.4946007169743e-14	0.10553823830957
4	5.7137385065943e-09	2.0630409544407e-08	2.6646693898636e-08	1.9426786409556e-09	2.3526285620087e-06	-0.0091945884956179	9.4158200657438e-14	0.10638365625899
4.2	5.2167122699049e-09	1.8522853837741e-08	2.7930682264052e-08	1.7694857196258e-09	2.1198965522078e-06	-0.0080122135003885	9.3083290369667e-14	0.10756579732206
4.48	4.6222314843878e-09	1.610399022921e-08	2.6789593651405e-08	1.561504107109e-09	1.8066251166594e-06	-0.0066047253087431	9.1842544093997e-14	0.10897296818813
4.872	3.9351775915319e-09	1.3438146191248e-08	2.5369368644211e-08	1.3201291763076e-09	1.3909400333952e-06	-0.0050342708887051	9.050537935446e-14	0.11054300241225
5	3.739819886445e-09	1.2696219730338e-08	2.495805183229e-08	1.2514349943831e-09	1.2610537158138e-06	-0.0046014358812701	9.0145238202411e-14	0.11097570311697
5.2	3.4608472127848e-09	1.1657280702443e-08	2.5928125829915e-08	1.1529095894185e-09	1.0663672315575e-06	-0.0039966154313324	8.9647873940227e-14	0.11158032857469
5.48	3.118031537012e-09	1.0408472917808e-08	2.4548087615368e-08	1.0314003259375e-09	8.1510090504898e-07	-0.003277882380148	8.9065565601599e-14	0.11229880741269
5.872	2.7164877806662e-09	8.9816346924474e-09	2.238237697382e-08	8.8841289921743e-10	5.2102918026624e-07	-0.002479665009588	8.8429680426909e-14	0.11309672670698
6	2.6013237528925e-09	8.5771188164338e-09	2.1648905060775e-08	8.4733591403376e-10	4.3987886740828e-07	-0.0022606773127907	8.8257177237275e-14	0.1133156309185
6.2	2.4361332817994e-09	8.0033208519286e-09	2.1410494993306e-08	7.8813798526121e-10	3.338614584133e-07	-0.001956213294233	8.8018705649097e-14	0.11361998791627
6.48	2.2340105941918e-09	7.3102748719243e-09	1.9106554413878e-08	7.1527897499557e-10	2.284540342733e-07	-0.0015973417387374	8.7739633815446e-14	0.11397875079443
6.872	1.9982896996426e-09	6.5146276278465e-09	1.6026233922331e-08	6.2955423572639e-10	1.4915565611968e-07	-0.0012024225105569	8.7435009219951e-14	0.11437358648385
7	1.930992917345e-09	6.2891957004855e-09	1.5130242513431e-08	6.0494686263032e-10	1.3372253727758e-07	-0.0010944479260669	8.7352170616556e-14	0.11448154428194
7.2	1.8357679376739e-09	5.9721369343048e-09	1.4116910011098e-08	5.6977355976059e-10	1.1756674156681e-07	-0.0009442952642935	8.7237289325868e-14	0.11463167932722
7.48	1.7221450318343e-09	5.5967569083675e-09	1.2330676741498e-08	5.2707972542777e-10	1.0476193773177e-07	-0.00076675023122738	8.7101925411131e-14	0.11480920923481
7.872	1.5972558964503e-09	5.1886827690106e-09	1.0508759218805e-08	4.7855882185064e-10	9.6001362587827e-08	-0.0005704240258216	8.6952839310801e-14	0.11500552427199
8	1.563318171723e-09	5.0786080403559e-09	1.0026957476776e-08	4.6501140641953e-10	9.4212514558241e-08	-0.00051668584349182	8.6912140713251e-14	0.11505926001693
8.2	1.5185274980207e-09	4.9336072634434e-09	9.4169318737847e-09	4.4633591693989e-10	9.2149033041885e-08	-0.00044208297321469	8.6855717523132e-14	0.1151338600048
8.48	1.4729052764846e-09	4.7867550226383e-09	8.489931898847e-09	4.2534504607468e-10	9.0338976351221e-08	-0.0003544560308355	8.6789558808572e-14	0.115221483996
8.872	1.4397557693372e-09	4.6827229827414e-09	7.5566215362278e-09	4.0499879100082e-10	8.9293795388937e-08	-0.00025926239539674	8.6717826975692e-14	0.11531667549443
9	1.4345352837715e-09	4.6674717442778e-09	7.3075058518286e-09	4.0005122882417e-10	8.9196746890192e-08	-0.00023364878805878	8.6698551032358e-14	0.11534228872865
9.2	1.4342477346342e-09	4.6684275430324e-09	6.9878807733451e-09	3.9436865359056e-10	8.9340759087218e-08	-0.00019869219304174	8.667226065628e-14	0.11537724514267
9.48	1.4504062903466e-09	4.72301443721e-09	6.4926005926196e-09	3.9069900157605e-10	9.0158857570947e-08	-0.00015886360668781	8.6642329667463e-14	0.11541707411841
9.872	1.4992701457604e-09	4.8873207497388e-09	5.997669793845e-09	3.921983687969e-10	9.2369160901542e-08	-0.00011788189463121	8.6611557660236e-14	0.1154580577598
10	1.5185968716733e-09	4.9532395773313e-09	5.866816716711e-09	3.9359158451283e-10	9.325003070444e-08	-0.00010733991981503	8.6603646123208e-14	0.11546860057107
10.2	1.5534733141011e-09	5.0719755155936e-09	5.7067843384234e-09	3.9679914856294e-10	9.4847743832067e-08	-9.3485183659874e-05	8.6593250778688e-14	0.11548245690143
10.48	1.6097270883462e-09	5.2651121362571e-09	5.4380202914538e-09	4.0286608853513e-10	9.7459444912131e-08	-7.8588811402026e-05	8.6582076682666e-14	0.1154973558717
10.872	1.6909789736362e-09	5.5549814918519e-09	5.1827359630357e-09	4.1178633109381e-10	1.0154019216836e-07	-6.4456831738356e-05	8.6571477990887e-14	0.11551149205638
11	1.7152436021614e-09	5.6452823669519e-09	5.1177806698231e-09	4.1420010848339e-10	1.028676705814e-07	-6.1021582355619e-05	8.6568901847094e-14	0.11551492868522
11.2	1.7499580606026e-09	5.7790579862927e-09	5.049566398276e-09	4.1721545234253e-10	1.0492036400147e-07	-5.6664132940823e-05	8.6565634102884e-14	0.11551928829041
11.48	1.7915669931972e-09	5.9499579527002e-09	4.9073061510101e-09	4.1978866762371e-10	1.0772728977229e-07	-5.2167371720027e-05	8.6562261719325e-14	0.1155237879311
11.872	1.8298889972294e-09	6.1352687601719e-09	4.7879440497535e-09	4.1891802554892e-10	1.1124042384348e-07	-4.8039331637276e-05	8.6559165423871e-14	0.11552791958738
12	1.8373618895239e-09	6.1807447901693e-09	4.7599144554014e-09	4.1754923976141e-10	1.1224561143443e-07	-4.704685942343e-05	8.6558420928619e-14	0.11552891308824
12.2	1.8436591134849e-09	6.2351100458084e-09	4.7458827858684e-09	4.1424941174804e-10	1.1364863346998e-07	-4.5784257765044e-05	8.655747371857e-14	0.1155301771361
12.48	1.8440334178022e-09	6.2840468426481e-09	4.6713757465413e-09	4.0784932910602e-10	1.1534454647592e-07	-4.4462772448901e-05	8.6556482250154e-14	0.11553150028553
12.872	1.8293578022728e-09	6.2996173287254e-09	4.6207836628815e-09	3.9581928322733e-10	1.1711176390897e-07	-4.3209737090544e-05	8.6555542070665e-14	0.11553275502614
13	1.8217832492043e-09	6.293978910107e-09	4.6106160464602e-09	3.9138440487184e-10	1.175491698051e-07	-4.2901584949686e-05	8.6555310869294e-14	0.11553306358779
13.2	1.8070893758864e-09	6.2738017229802e-09	4.6233311601505e-09	3.8393919183526e-10	1.180723995403e-07	-4.2503991828799e-05	8.6555012590801e-14	0.11553346167444
13.48	1.783667103385e-09	6.2320427930124e-09	4.5789078252003e-09	3.7314460521657e-10	1.186018062942e-07	-4.2083976982413e-05	8.6554697579421e-14	0.11553388209817
13.872	1.7460665426044e-09	6.1489624561637e-09	4.5564528815192e-09	3.575719324312e-10	1.1891451115443e-07	-4.1693279047058e-05	8.6554404729687e-14	0.11553427294995
14	1.7331410598558e-09	6.117567325572e-09	4.5532135805858e-09	3.525063534275e-10	1.1892769963883e-07	-4.1602429613502e-05	8.655433669019e-14	0.1155343637599
14.2	1.7119988358878e-09	6.0631599555217e-09	4.5758190536452e-09	3.445512519544e-10	1.1883604389575e-07	-4.1493386316874e-05	8.6554255104434e-14	0.11553447265058
14.48	1.6828293590269e-09	5.9846159509634e-09	4.542095474698e-09	3.3383277788696e-10	1.1860811663043e-07	-4.1398082250425e-05	8.6554183984638e-14	0.11553456757449
14.872	1.6420586895256e-09	5.8680059854155e-09	4.5289478732213e-09	3.1951655694701e-10	1.1804507219826e-07	-4.1353884711449e-05	8.6554151433918e-14	0.11553461102406
15	1.6289325667316e-09	5.8290779740143e-09	4.5278784562614e-09	3.1504500482925e-10	1.1781241984284e-07	-4.1357290417583e-05	8.6554154204582e-14	0.1155346073281
15.2	1.6086755936686e-09	5.7677481628424e-09	4.5529495982948e-09	3.0827053949582e-10	1.1740467504123e-07	-4.1379067121619e-05	8.6554170876177e-14	0.11553458508033
15.48	1.5809598742626e-09	5.6815567043414e-09	4.5223365700907e-09	2.9923893213981e-10	1.1675463617435e-07	-4.144078517529e-05	8.6554217724454e-14	0.11553452255865
15.872	1.5436390202984e-09	5.5617229269218e-09	4.5117628450445e-09	2.8749672740782e-10	1.1571599851564e-07	-4.1579252305668e-05	8.6554322389939e-14	0.11553438287339
16	1.5318443519209e-09	5.5230646752415e-09	4.511268337653e-09	2.8388072194005e-10	1.1535153254186e-07	-4.1635125088043e-05	8.6554364568858e-14	0.11553432658158
16.2	1.5133392479433e-09	5.4614603201275e-09	4.5363035897069e-09	2.7835342434568e-10	1.1472637090731e-07	-4.1733879741339e-05	8.6554439078518e-14	0.11553422714116
16.48	1.4890381398064e-09	5.3794734091872e-09	4.5064142441119e-09	2.7118465432496e-10	1.1385969199411e-07	-4.1893244037429e-05	8.6554559245236e-14	0.11553406676684
16.872	1.4565457398031e-09	5.267774815552e-09	4.4965951967907e-09	2.619319584e-10	1.1257774486851e-07	-4.2150920483702e-05	8.6554753402367e-14	0.11553380764519
17	1.4462894029175e-09	5.2320810166936e-09	4.4963081637193e-09	2.5908738546252e-10	1.1214565261915e-07	-4.2242221902792e-05	8.6554822174223e-14	0.11553371586262
17.2	1.4301917922086e-09	5.1755265933936e-09	4.5209254296185e-09	2.5473455870094e-10	1.1142774641796e-07	-4.2393484686238e-05	8.6554936091461e-14	0.11553356382956
17.48	1.4090456345285e-09	5.1005888227464e-09	4.4914982454262e-09	2.490941074111e-10	1.1044624544623e-07	-4.2621415792127e-05	8.6555107712787e-14	0.11553333478582
17.872	1.3806747580026e-09	4.9989294896283e-09	4.4824139873834e-09	2.4178906375115e-10	1.0903342584269e-07	-4.2967590817067e-05	8.6555368269558e-14	0.11553298705159
18	1.3716834418867e-09	4.9664789668896e-09	4.4823768045542e-09	2.3953347424069e-10	1.0856444705537e-07	-4.3086203972729e-05	8.6555457530774e-14	0.11553286792575
18.2	1.3575117294604e-09	4.9150446114581e-09	4.5067756286137e-09	2.3606265510845e-10	1.0779536568685e-07	-4.3279011980361e-05	8.6555602612392e-14	0.11553267430401
18.48	1.3388419284742e-09	4.8469079802228e-09	4.4779985061099e-09	2.3155296528797e-10	1.0674928068465e-07	-4.3563155853654e-05	8.6555816397505e-14	0.115532388994
18.872	1.3136058399311e-09	4.7542705620153e-09	4.4699455654602e-09	2.2565895123846e-10	1.0526020933703e-07	-4.3985270483891e-05	8.6556133908163e-14	0.11553196525853
19	1.3055583990234e-09	4.7246207161943e-09	4.4702573898588e-09	2.2382456422403e-10	1.0476906451727e-07	-4.4128039867188e-05	8.6556241285184e-14	0.11553182195881
19.2	1.2928138749177e-09	4.6775247108078e-09	4.4946909461001e-09	2.2098062955293e-10	1.0396927327996e-07	-4.4358316947065e-05	8.6556414464552e-14	0.11553159084372
19.48	1.2759426266833e-09	4.6149673393975e-09	4.4667602182281e-09	2.1726469772273e-10	1.0288188736477e-07	-4.4694540915532e-05	8.655666730377e-14	0.11553125342134
19.872	1.2529436502362e-09	4.5294954296045e-09	4.4599870196703e-09	2.1234874804677e-10	1.0134119160604e-07	-4.5189458246505e-05	8.6557039405693e-14	0.11553075684322
20	1.2455624221622e-09	4.5020268849984e-09	4.4607220363132e-09	2.1080402195413e-10	1.0083437170299e-07	-4.5355896310863e-05	8.6557164530428e-14	0.11553058986271
20.2	1.2341569033385e-09	4.4595498507626e-09	4.4854023636771e-09	2.084476851987e-10	1.0003837915468e-07	-4.5622388560186e-05	8.6557364844053e-14	0.11553032254295
20.48	1.2184460796704e-09	4.4009717281716e-09	4.4584659938615e-09	2.0525913360035e-10	9.8916148456702e-08	-4.6009457947063e-05	8.655765581224e-14	0.11552993424697
20.872	1.1969020115726e-09	4.3205598842424e-09	4.4531295356633e-09	2.0098843704124e-10	9.7330190613931e-08	-4.6578185548239e-05	8.6558083262612e-14	0.11552936382192
21	1.1899591946572e-09	4.2946350395418e-09	4.4543287343787e-09	1.9963483958199e-10	9.6809339116181e-08	-4.6769106213192e-05	8.6558226745999e-14	0.11552917234743
21.2	1.1788825325751e-09	4.2532513977298e-09	4.4792720537928e-09	1.9750379485209e-10	9.5967003465081e-08	-4.7075563715795e-05	8.6558457047784e-14	0.11552886501798
21.48	1.1640934851555e-09	4.197930242611e-09	4.4532511088507e-09	1.9468386999706e-10	9.4819182103716e-08	-4.7520387969152e-05	8.6558791320335e-14	0.11552841894701
21.872	1.1436596191575e-09	4.1215843012659e-09	4.4493485917702e-09	1.908626107695e-10	9.3197567927003e-08	-4.8171633334024e-05	8.6559280643804e-14	0.11552776597561
22	1.1370369832893e-09	4.0968610330435e-09	4.4510220408271e-09	1.8964023832077e-10	9.2665053252069e-08	-4.8389794256509e-05	8.6559444552872e-14	0.11552754725132
22.2	1.1264613728282e-09	4.0573851534164e-09	4.4762872441873e-09	1.8770653998823e-10	9.180723029463e-08	-4.8739443021569e-05	8.6559707239506e-14	0.11552719671806
22.48	1.1122475943511e-09	4.0042973781308e-09	4.4512088318872e-09	1.851255385351e-10	9.0633477566436e-08	-4.9246169700999e-05	8.6560087930477e-14	0.11552668872272
22.872	1.0925157556749e-09	3.9307258409482e-09	4.4487908787688e-09	1.8159345475852e-10	8.8975767821076e-08	-4.9987278270636e-05	8.6560644640272e-14	0.11552594585727
23	1.0861006438209e-09	3.9068333849365e-09	4.4509525161487e-09	1.8045594352432e-10	8.8431601763051e-08	-5.0235320097983e-05	8.656083095667e-14	0.11552569724204
23.2	1.0758522310794e-09	3.8686739208998e-09	4.4765397821582e-09	1.7864997827413e-10	8.7557325787461e-08	-5.0632548394535e-05	8.6561129321937e-14	0.11552529911489
23.48	1.0620273088207e-09	3.8171765053294e-09	4.4523557540459e-09	1.7622553997231e-10	8.635845455114e-08	-5.1207689094375e-05	8.6561561316984e-14	0.11552472268345
23.872	1.0427836268492e-09	3.745625941824e-09	4.4514125109219e-09	1.7288486395673e-10	8.4666548852616e-08	-5.2048190936759e-05	8.6562192563109e-14	0.11552388039471
24	1.0886691158904e-09	3.7958757536594e-09	4.4320957490869e-09	1.7576402044218e-10	8.5422006701209e-08	-5.2559024290896e-05	8.6562574778165e-14	0.11552337039671
24.2	1.6640685023467e-09	5.0018409393239e-09	4.5493413940463e-09	2.1675576446353e-10	1.1599474529562e-07	-5.2064894924539e-05	8.6562180117819e-14	0.11552389702888
24.48	2.1332746648147e-09	6.1879597341707e-09	4.7680342812089e-09	2.491560042083e-10	1.5022614068945e-07	-5.0082214731806e-05	8.6560667203317e-14	0.11552591584062
24.872	2.5384464841092e-09	7.4174290875349e-09	5.1744903148708e-09	2.7960648752487e-10	1.8861394735576e-07	-4.6751139614555e-05	8.6558140675582e-14	0.11552928736549
25	2.6505951437245e-09	7.7833565185212e-09	5.3133022124866e-09	2.8936020909391e-10	1.9971159062833e-07	-4.5669727954329e-05	8.6557321534102e-14	0.11553038051858
25.2	2.1940276419382e-09	7.0457704599982e-09	5.5746478404476e-09	2.5964049033732e-10	1.8297464346717e-07	-4.4678932544981e-05	8.6556592366012e-14	0.11553135361681
25.48	1.8902092262848e-09	6.499608101222e-09	5.6739099178512e-09	2.4634011961951e-10	1.6419945670001e-07	-4.457698766644e-05	8.6556530622456e-14	0.11553143602272
25.872	1.7697777252465e-09	6.2775208422617e-09	5.7097674924055e-09	2.5253363147793e-10	1.4530136454041e-07	-4.5444586630088e-05	8.6557195136103e-14	0.11553054922549
26	1.764546145637e-09	6.2774681675317e-09	5.7067444107194e-09	2.5703520245068e-10	1.4051065097524e-07	-4.5801070585923e-05	8.6557465859692e-14	0.11553018794733
26.2	1.7762913472453e-09	6.3264304702231e-09	5.7307576122869e-09	2.6526672005174e-10	1.3426203297946e-07	-4.637705833782e-05	8.6557902092613e-14	0.11552960580406
26.48	1.8143314205758e-09	6.4565491466011e-09	5.6421198293949e-09	2.7755406162135e-10	1.2757752896741e-07	-4.7144457784216e-05	8.655848209707e-14	0.1155288318121
26.872	1.8825798114353e-09	6.69404233366e-09	5.5541619957221e-09	2.9402887959889e-10	1.2119539937246e-07	-4.8049817827714e-05	8.655916516429e-14	0.11552792030441
27	1.9054225555615e-09	6.77595206611e-09	5.5298665774841e-09	2.9902744659792e-10	1.1962837707134e-07	-4.8300883647172e-05	8.6559354421224e-14	0.11552766775715
27.2	1.9405989069882e-09	6.9048892928717e-09	5.5197487027383e-09	3.0639682657745e-10	1.176095600278e-07	-4.865137807083e-05	8.6559618472898e-14	0.11552731540536
27.48	1.9874134538275e-09	7.081847914002e-09	5.4266348294526e-09	3.1578165497424e-10	1.1547138893934e-07	-4.9067691833309e-05	8.6559931958216e-14	0.11552689709357
27.872	2.046370105076e-09	7.313598450383e-09	5.3586807402705e-09	3.2714707063488e-10	1.1342504610471e-07	-4.9538857031947e-05	8.656028641482e-14	0.11552642411624
28	2.0638066806354e-09	7.3839840033817e-09	5.3438198733176e-09	3.304470928788e-10	1.1291463045572e-07	-4.9673903540636e-05	8.6560387947035e-14	0.11552628863562
28.2	2.088361616332e-09	7.4852019890466e-09	5.3504433771829e-09	3.3507521434282e-10	1.1219005965819e-07	-4.9873199068112e-05	8.6560537744606e-14	0.11552608875259
28.48	2.1202760510191e-09	7.619466627541e-09	5.2852187735063e-09	3.4099544123186e-10	1.1144791081143e-07	-5.0135560004687e-05	8.656073484213e-14	0.11552582575641
28.872	2.1572980123351e-09	7.7816999010476e-09	5.2517810371078e-09	3.4784290401939e-10	1.1064918555218e-07	-5.0488238342923e-05	8.6560999621207e-14	0.11552547245203
29	2.1675522100804e-09	7.8281997607383e-09	5.2471845343134e-09	3.4974503833692e-10	1.1042162854092e-07	-5.0603874051592e-05	8.6561086413178e-14	0.11552535664283
29.2	2.1809359167602e-09	7.891237851201e-09	5.2716902549325e-09	3.5225818571669e-10	1.1003786551111e-07	-5.0789653275152e-05	8.6561225853839e-14	0.11552517058329
29.48	2.1975503724845e-09	7.9716082064654e-09	5.2277137707055e-09	3.553733344218e-10	1.0959843193232e-07	-5.1061684179942e-05	8.6561430013003e-14	0.11552489816907
29.872	2.2140448826397e-09	8.0589026935335e-09	5.2169042846668e-09	3.5856954952161e-10	1.0897833864638e-07	-5.1469649786645e-05	8.6561736154364e-14	0.11552448967953
30	2.2178708834934e-09	8.0814109924647e-09	5.2185129637399e-09	3.5934581164666e-10	1.0876587098888e-07	-5.1610380625333e-05	8.6561841762835e-14	0.11552434876495
30.2	2.2223553909719e-09	8.1107587081375e-09	5.2538148299253e-09	3.6030292197545e-10	1.0841983165773e-07	-5.1839177554325e-05	8.6562013442009e-14	0.11552411969206
30.48	2.2257351401468e-09	8.1403578939299e-09	5.2211073282244e-09	3.611481320789e-10	1.0789964067774e-07	-5.2179644437371e-05	8.6562268995902e-14	0.11552377870609
30.872	2.2252147889169e-09	8.1605421395747e-09	5.2214979851359e-09	3.614384853258e-10	1.0708739333714e-07	-5.2695965393391e-05	8.6562656551745e-14	0.11552326159321
31	2.2238639586762e-09	8.1622497157521e-09	5.2260017136511e-09	3.6133307431259e-10	1.0679941899258e-07	-5.2873483606341e-05	8.6562789807748e-14	0.11552308379179
31.2	2.2197131270011e-09	8.1566659009403e-09	5.2660628919713e-09	3.6082699778423e-10	1.0627472628339e-07	-5.3162726195572e-05	8.6563006956778e-14	0.11552279405433
31.48	2.2133183285586e-09	8.145526532812e-09	5.2375500055605e-09	3.6000325990772e-10	1.0556776826529e-07	-5.358884257905e-05	8.6563326884577e-14	0.11552236718411
31.872	2.200440253516e-09	8.1133153356259e-09	5.2417872255304e-09	3.5819542546088e-10	1.0447909579101e-07	-5.4221184249076e-05	8.6563801660111e-14	0.11552173371111
32	2.1953717357695e-09	8.0990543913069e-09	5.2471728104435e-09	3.574594733028e-10	1.0409970540223e-07	-5.4435230442876e-05	8.6563962380132e-14	0.11552151927086
32.2	2.1857949581952e-09	8.0698749360726e-09	5.2883787835704e-09	3.5603154068198e-10	1.0343605486366e-07	-5.4780111507883e-05	8.6564221361683e-14	0.11552117372718
32.48	2.1723729582738e-09	8.0278287572708e-09	5.2603045479182e-09	3.5401325746386e-10	1.0253289466374e-07	-5.5280962452184e-05	8.6564597488602e-14	0.11552067188753
32.872	2.1509367639581e-09	7.9571260087637e-09	5.264579706898e-09	3.5074439892896e-10	1.0118277035679e-07	-5.6011314722756e-05	8.6565145971412e-14	0.11551994009403
33	2.1433685926988e-09	7.9314310727223e-09	5.2698264548763e-09	3.4958032793558e-10	1.0072226836042e-07	-5.6255521832854e-05	8.6565329374583e-14	0.11551969539727
33.2	2.1302112290472e-09	7.8856284882642e-09	5.3102198466702e-09	3.4753678150734e-10	9.9938813039666e-08	-5.6645719966562e-05	8.6565622437144e-14	0.1155193043951
33.48	2.1122884748031e-09	7.8223964554264e-09	5.2807838523023e-09	3.4474252919866e-10	9.8876414847941e-08	-5.7206180802505e-05	8.656604339697e-14	0.11551874275852
33.872	2.0855936773251e-09	7.7262706005021e-09	5.2833732138128e-09	3.4056005609943e-10	9.7327416795137e-08	-5.8012402388244e-05	8.6566648941186e-14	0.11551793486358
34	2.0765407614119e-09	7.6932419146455e-09	5.2880440286093e-09	3.3913639803941e-10	9.680802335288e-08	-5.827945696502e-05	8.6566849528025e-14	0.11551766725082
34.2	2.0621113477833e-09	7.6401887701549e-09	5.3267801655389e-09	3.3686113308499e-10	9.5984405348506e-08	-5.8701639025162e-05	8.6567166613557e-14	0.11551724421416
34.48	2.04144787465e-09	7.5634089822928e-09	5.2954425867786e-09	3.3359068885901e-10	9.4809761543433e-08	-5.9302551542509e-05	8.6567618009242e-14	0.11551664199501
34.872	2.011825808261e-09	7.4519560175769e-09	5.2958728820369e-09	3.2888302561531e-10	9.3130732325696e-08	-6.0159848108818e-05	8.6568261975702e-14	0.11551578287415
35	2.0020145930316e-09	7.4147515795672e-09	5.2998631123124e-09	3.2732038364689e-10	9.257542242109e-08	-6.0442036017867e-05	8.656847394578e-14	0.1155155000864
35.2	1.9858306770881e-09	7.3529654108299e-09	5.3365215269805e-09	3.2473317985485e-10	9.166054536091e-08	-6.0888045945079e-05	8.6568808983708e-14	0.11551505311776
35.48	1.9643219912011e-09	7.2703019915247e-09	5.303125841583e-09	3.2128919291985e-10	9.0434844646097e-08	-6.1519327431187e-05	8.6569283208017e-14	0.11551442046964
35.872	1.9339489465719e-09	7.1529653449756e-09	5.3014162796778e-09	3.1642262750856e-10	8.8706952920034e-08	-6.2410611151333e-05	8.6569952722703e-14	0.11551352730386
36	1.9239856195395e-09	7.114333106623e-09	5.3047715652892e-09	3.1482465876352e-10	8.8140692444604e-08	-6.2702080161335e-05	8.6570171669234e-14	0.11551323522182
36.2	1.908408005861e-09	7.0537891147356e-09	5.339490183919e-09	3.1232340503005e-10	8.7255372778029e-08	-6.3159048728497e-05	8.6570514914644e-14	0.11551277732409
36.48	1.8866554514347e-09	6.96893997157e-09	5.3044952725762e-09	3.0882442617724e-10	8.6017148928837e-08	-6.3801778234576e-05	8.6570997754245e-14	0.11551213321136
36.872	1.8564088746704e-09	6.8504614869731e-09	5.3011191892978e-09	3.0394997722014e-10	8.4291419494318e-08	-6.4704591689194e-05	8.6571675942418e-14	0.11551122851533
37	1.8465871225053e-09	6.8118939374033e-09	5.303975774651e-09	3.0236586356584e-10	8.3730501682295e-08	-6.4998681362118e-05	8.6571896859571e-14	0.1155109338177
37.2	1.8306862973501e-09	6.7493368965992e-09	5.3368242441134e-09	2.9979530452583e-10	8.2823054632141e-08	-6.5460053979364e-05	8.6572243441704e-14	0.11551047148953
37.48	1.8097154633175e-09	6.6665014593515e-09	5.300461275822e-09	2.9640166249405e-10	8.1616115558455e-08	-6.6106680099948e-05	8.6572729199615e-14	0.11550982351301
37.872	1.7806764780235e-09	6.5517927698113e-09	5.2957728849453e-09	2.9170447887033e-10	7.9947664996512e-08	-6.7008328003541e-05	8.6573406498838e-14	0.11550892004366
38	1.7712732446061e-09	6.5146387659347e-09	5.2982540155217e-09	2.9018314012619e-10	7.940825535042e-08	-6.7300734907708e-05	8.6573626147175e-14	0.11550862705183
38.2	1.7561348748312e-09	6.4547964135031e-09	5.3295009441422e-09	2.8772894861162e-10	7.8541820623473e-08	-6.7757983208357e-05	8.6573969620768e-14	0.11550816889098
38.48	1.736150651754e-09	6.375564708441e-09	5.2922273852816e-09	2.8448613572406e-10	7.7390312716199e-08	-6.8396251678648e-05	8.6574449090442e-14	0.11550752933138
38.872	1.7086031285647e-09	6.2664886625863e-09	5.2866946490583e-09	2.800185266298e-10	7.5808555707402e-08	-6.9281907269884e-05	8.6575114360623e-14	0.11550664194756
39	1.6997115990211e-09	6.2313035212338e-09	5.2889320626912e-09	2.7857638806466e-10	7.5299475724571e-08	-6.9568217347812e-05	8.6575329423411e-14	0.11550635508519
39.2	1.6854419905397e-09	6.1748513238022e-09	5.3188067911594e-09	2.7625766182834e-10	7.4485214679782e-08	-7.0014884679475e-05	8.6575664938137e-14	0.11550590756051
39.48	1.6666275376549e-09	6.1002442632772e-09	5.2809446153322e-09	2.7319797386007e-10	7.340573902384e-08	-7.0636455350536e-05	8.6576131852168e-14	0.11550528477613
39.872	1.6407707867291e-09	5.9979418995142e-09	5.2749050268914e-09	2.6899622568697e-10	7.1930326117448e-08	-7.1495540667101e-05	8.6576777144848e-14	0.11550442407714
40	1.6324422955679e-09	5.9650301537082e-09	5.2769962143825e-09	2.6764287770965e-10	7.1457127899444e-08	-7.1772552394966e-05	8.6576985216593e-14	0.11550414655178
