# Time [h]	MS [g/L]	Lignin [g/L]	Butyric [g/L]	Initial_Substrate [g/L]	Carbohydrates [g/L]	Substrate [g/L]	MO_AcidoLCFA [g/L]	MO_hydroM [g/L]	Proteins [g/L]	AA [g/L]	MO_acetoM [g/L]	Propionic [g/L]	Carbondioxide [g/L]	MO_Propionic [g/L]	MO_ButyricValeric [g/L]	Valeric [g/L]	LCFA [g/L]	MO_AcidoMS [g/L]	Methane [g/L]	Hydrogen [g/L]	Lipids [g/L]	MO_AcidoAA [g/L]	Acetic [g/L]	Nitrogen [g/L]	NH4N [g/L]
0.2	0.0537107339086	116.29326904123	0.010422406575553	0	2.5557147945102	0.49909615757323	1.3687151022928	3.2033023752214	0.91800578203485	0.035190752654166	1.8574280366981	0.024695064980466	0.69952591442635	1.1326567447246	1.9565521151561	0.0031169110675316	0.057686462362415	7.011277578329	0.065781686330542	4.6503584662485e-07	0.75708609805881	1.0220859681376	1.389262365229	2.12581353658	2.0903489245397
0.48	0.04817906393699	116.29447000161	0.015826104401835	0	2.2757379105171	1.1944713218292	1.3695123497226	3.2306809454621	0.81671221421173	0.040202059373641	1.864424267137	0.04808629748358	0.58708207955621	1.1348451102443	1.9604524131104	0.0052397073513921	0.12337425954389	7.033625534156	0.073907544004775	5.1639700112536e-07	0.67340141670511	1.0293285967	1.4354265211678	1.7085445954742	1.7068736093051
0.872	0.04020431680492	116.29777313232	0.015239560318884	0	1.939646760015	2.1614129339554	1.3712759878731	3.2696933307257	0.69413443767499	0.034604310087523	1.8743003893968	0.059940629268805	0.45684475130718	1.1387997694827	1.9666417348077	0.0052092679936323	0.19968414308061	7.0606466229054	0.078224206662837	4.8049051647692e-07	0.57193506440336	1.0390565902939	1.4981273473272	1.3023019609875	1.3022807457876
1	0.037912740516181	116.29916179562	0.014554171920229	0	1.8419863115121	2.4755691826019	1.3719752496331	3.2819107072905	0.65826942966751	0.032456368418466	1.8775421969839	0.060786584067272	0.42259590927709	1.1401421221172	1.9685433159223	0.0049936818136749	0.22128573243571	7.0685223309771	0.078788009588675	4.6134055533152e-07	0.54219784798556	1.041944979209	1.5130268679045	1.1934934786392	1.1934927786806
1.2	0.034655704289202	116.30143419207	0.013026289157864	0	1.6999762596553	2.4656869135609	1.3731672158548	3.300250838378	0.60602430862685	0.029288577080256	1.8826198320761	0.05874113189131	0.40806333592446	1.1422319630704	1.9712924721187	0.004570771280353	0.25114905907347	7.0799394038277	0.080206208202951	4.232012801831e-07	0.49886074261272	1.0461418383337	1.5122154997705	1.0422730138371	1.0422729992013
1.48	0.030690170543653	116.30458461326	0.011374319039583	0	1.5202723923862	2.4519181176986	1.3750244598854	3.3242866085298	0.53992217086011	0.025513922393094	1.8897479151151	0.053419965419928	0.35709167796624	1.1450569798241	1.9747085736372	0.0040441284364521	0.28871294268031	7.0942918954992	0.079754523000373	3.7444981274227e-07	0.44403136443297	1.0514265474173	1.5014843000632	0.86290849446069	0.86290848448766
1.872	0.025958278703642	116.30894060741	0.0094943548786806	0	1.301875063469	2.4327713247567	1.377958250388	3.3546786797852	0.45960699594562	0.021125765944601	1.8997537865508	0.043699043996451	0.31154576197868	1.1486713589693	1.9787702082395	0.0034034064377034	0.33132477505304	7.1115442662924	0.078593278721071	3.1350555337768e-07	0.37741671833238	1.0577989646905	1.4605175342698	0.66309605665072	0.66309605094757
2	0.024567351364261	116.31038578834	0.0089562026506001	0	1.2377552092062	2.4265516387937	1.378989840777	3.3638347224995	0.43603199249985	0.019856560777971	1.9030254790571	0.040411450419802	0.30127756800584	1.1497531512843	1.9799433662172	0.0032180126001558	0.34309424332198	7.1165656193895	0.078189213270939	2.9445886670309e-07	0.35786422409609	1.0596599679067	1.4413001999614	0.60805009469606	0.60805008979718
2.2	0.022576512068855	116.31263158001	0.0081732781282767	0	1.1442517712452	2.4168652655615	1.3806719041323	3.3773535554784	0.40165859357189	0.018051781665148	1.9081379303517	0.03545819349793	0.30963961656579	1.1513264983113	1.9816305970309	0.0029432780898132	0.35878785247159	7.1238334461309	0.07829582400434	2.6807425299589e-07	0.329356829145	1.0623580557189	1.4032049173746	0.53111045548089	0.53111045154424
2.48	0.020126708891177	116.31575337085	0.0072329528060927	0	1.0259152855061	2.4033694245167	1.3831602693329	3.3947512232599	0.35816637711346	0.015883668104324	1.9152907257694	0.029458712654757	0.29337680276327	1.1532876625953	1.9837229618828	0.0026098233073363	0.37799882286292	7.1329344561203	0.07696440670286	2.3619023538046e-07	0.29328881326679	1.0657487848124	1.3423902989823	0.43957344203765	0.43957343905786
2.872	0.017182473103652	116.32008256507	0.0061178231990872	0	0.88207189872059	2.3846021611826	1.3868755532621	3.4164013263695	0.30531912452781	0.013326609460931	1.9252781598963	0.022896742811966	0.27861507587102	1.1555907838329	1.9861905043231	0.0022101857284372	0.3983412158939	7.1438101069793	0.075191953097077	1.9969835755275e-07	0.24946654527266	1.0698296903432	1.2391356606404	0.33748687003658	0.33748686794455
3	0.016317423094496	116.32150169291	0.0057945359270693	0	0.83983573027961	2.378505645806	1.3881374161176	3.422891364249	0.28980663417307	0.012582664898189	1.9285298421229	0.021110378095269	0.2754728193665	1.1562498225362	1.986897064139	0.0020941793203541	0.40357439695734	7.1469581786499	0.074667918666498	1.8926363380944e-07	0.23660415731723	1.0710189063653	1.201606873367	0.30935317317568	0.30935317130175
3.2	0.015072667652297	116.32370947768	0.0053239556432417	0	0.77823756702359	2.3690110935522	1.3901539352225	3.4324781008382	0.26718785845597	0.011516148020097	1.9335945415377	0.018689835162072	0.2914969241974	1.1571884336871	1.9879074232202	0.0019235987656894	0.41000733049194	7.1514987231725	0.074587474168805	1.7479829503777e-07	0.21785048514187	1.0727417819105	1.1383688844784	0.27002292838486	0.27002292679943
3.48	0.013525138321713	116.32678201263	0.0047473175914892	0	0.70026636204515	2.3557824935052	1.3930583098243	3.4448769007044	0.23856691948692	0.010208919631804	1.9406418574065	0.015971634324729	0.28439448409202	1.1583382213344	1.9891475692788	0.0017132405120679	0.41718636352613	7.1571491337567	0.073153674354974	1.5764968300568e-07	0.19412228182768	1.0749024398026	1.0453371711054	0.22321523287878	0.22321523161414
3.872	0.011660950327942	116.33104881698	0.0040576688070819	0	0.60546313025147	2.3373867839824	1.3972572689871	3.460496285067	0.2037865329347	0.0086513530494609	1.9503869865029	0.013062309089475	0.27658318318135	1.1596774930665	1.9905832749809	0.001460035367705	0.42302488747608	7.1638321891833	0.071245302931031	1.3810653108473e-07	0.16529136905485	1.0774925152525	0.90607008036867	0.17098406106595	0.17098406013346
4	0.011113535411299	116.33244027355	0.003856904931844	0	0.57762085693533	2.3314109667181	1.3986553338102	3.4652264549112	0.19357679617452	0.0081968039331627	1.9535338707216	0.012260348014603	0.27472488316651	1.1600592913989	1.9909872825556	0.0013862672388637	0.42402635524209	7.1657486918093	0.070661895362419	1.3247598750231e-07	0.15682903142242	1.0782443786299	0.85888349463041	0.15658384292565	0.15658384208037
4.2	0.010323250641109	116.33460612798	0.0035643559468648	0	0.53700853358504	2.3221043757729	1.4008629483129	3.4722687147718	0.17868916700214	0.0075414603636008	1.9584003872258	0.011142208782699	0.29147189953858	1.1606034918859	1.9915576322888	0.0012780862805512	0.42443239278559	7.1684946259874	0.070450078468369	1.2455796367464e-07	0.14449039052642	1.0793310231512	0.78341420253437	0.13644799663789	0.13644799591162
4.48	0.0093375158424705	116.33762191551	0.0032030958896281	0	0.48558825065374	2.309137631544	1.4039933410821	3.4814770696836	0.15984934237238	0.0067311691139938	1.9650845050665	0.0098249815432575	0.28429272079712	1.1612696925515	1.9922423912797	0.0011439063685264	0.42390720534224	7.1718737854893	0.068688755934323	1.1493500954377e-07	0.12887816985514	1.0806879268391	0.67720108125578	0.11247847259681	0.1124784720079
4.872	0.0081501275061081	116.34181241264	0.0027694766777097	0	0.4230427915056	2.2911059863116	1.4084336657012	3.4932423600167	0.13695204178459	0.0057607962973566	1.974092136787	0.008326274314256	0.27395832141357	1.1620404694476	1.9930044350389	0.00098215284202618	0.42052853553589	7.1757958778801	0.065942368340437	1.0364628405849e-07	0.10990729791401	1.0823026671191	0.52956556375837	0.085733633675525	0.085733633234648
5	0.0078018964013234	116.34317581661	0.0026430801062624	0	0.40466833062216	2.2852484657707	1.4098940301801	3.4968401905157	0.13022995375514	0.0054773391930134	1.9769348009974	0.0078997220928658	0.27078268906076	1.1622578552625	1.9932107637648	0.00093496941065283	0.41886030470884	7.1769012614527	0.065007478338646	1.0035194351887e-07	0.10433883290169	1.0827682962757	0.48215588800211	0.078362453459033	0.07836245305803
5.2	0.0073013052670549	116.34529841458	0.0024602362838571	0	0.37785996930687	2.2761260932657	1.4121820755264	3.5022308762349	0.1204271794534	0.0050696370349313	1.9812323543663	0.0072957347107277	0.28296937949918	1.1625652568632	1.9934934040084	0.00086640191793898	0.41574315491826	7.1784648719477	0.064079837263067	9.5686500493445e-08	0.096219325473051	1.0834382501136	0.41013118849364	0.068062361141527	0.068062360795591
5.48	0.0066747725022805	116.34825445773	0.0022318305137698	0	0.34390456919861	2.2634159885514	1.4153911256123	3.5093392393275	0.10802055907042	0.0045606857552467	1.9868782849247	0.0065591067244493	0.27008971054779	1.1629355883691	1.9938144850139	0.00078043741137184	0.41044293578174	7.1803467863314	0.06088538685799	8.9892113680285e-08	0.085944986132985	1.0842682252167	0.31568737411314	0.055822337215383	0.055822336933921
5.872	0.0059266598924125	116.35236244306	0.0019591708241023	0	0.30257852226207	2.2457411612778	1.4198747559272	3.5185161406298	0.092939074964325	0.0039531733341491	1.9937913757165	0.0057029088628437	0.24836254090739	1.1633506567588	1.9941345160199	0.00067734500766254	0.40147308245953	7.1824473871978	0.055098745623452	8.3030698934203e-08	0.073459129587019	1.0852428254182	0.20335921259481	0.042228695324337	0.042228695113283
6	0.0057080848677212	116.35369752675	0.0018799809621234	0	0.29043202374745	2.2399995845035	1.4213338837299	3.5213428387068	0.088510860307879	0.0037760683511829	1.9957919708131	0.0054572883288824	0.24077466825498	1.1634640464249	1.9942110354175	0.00064735924931413	0.39822006176	7.1830174831399	0.053025515528401	8.1023442396146e-08	0.069793941239665	1.0855205275668	0.17205081266677	0.038499334828779	0.038499334636825
6.2	0.0053966152605334	116.35577607957	0.0017656335721198	0	0.272704115654	2.2310577669969	1.4236028162396	3.5255949813204	0.082052489289108	0.0035216675452574	1.998565072155	0.0051067677349979	0.23882755289136	1.1636203194308	1.9943043358571	0.00060385515564892	0.3927784444068	7.1837999661093	0.050002093467652	7.8163259043028e-08	0.064449339234762	1.0859165075921	0.13097031094975	0.033314312566337	0.033314312400787
6.48	0.0050123308418884	116.35867081283	0.0016245711970954	0	0.25023767450441	2.2185992055455	1.4267491376294	3.5312304282687	0.0738771532282	0.0032065595857723	2.0017174230149	0.0046801868238367	0.21396025642373	1.1638000797108	1.9943857407902	0.0005498701601292	0.3847972343915	7.1846923584526	0.043875443044005	7.4622482480271e-08	0.057685727159769	1.0863998513895	0.089930485295616	0.02720272994535	0.027202729810698
6.872	0.0045637287240976	116.36269393823	0.0014584919953962	0	0.22287098417546	2.2012741413737	1.4310714264559	3.5385435823875	0.063936414966703	0.0028338329678781	2.0049363692225	0.0041861087504067	0.18020563184984	1.1639841936984	1.9944142352392	0.00048574699958276	0.37290638016501	7.1855880899348	0.035752898707884	7.0446042573495e-08	0.04946511269372	1.0869531609031	0.058933901984098	0.020477255455712	0.020477255354784
7	0.0044341849075254	116.36400094025	0.0014107807137971	0	0.21482164719497	2.1956462131794	1.4324607358834	3.5408032879738	0.061016951697195	0.00272585088217	2.0057921678105	0.0040452849101031	0.17032106489515	1.1640297946589	1.9944050741693	0.00046722660565739	0.3688850121072	7.1858038829271	0.03354203461187	6.9230320936019e-08	0.047051707241434	1.0871071396577	0.052888929421539	0.018638448272677	0.018638448180919
7.2	0.0042566621335903	116.36603597577	0.0013430680931398	0	0.2030675957619	2.186881387072	1.4346006360543	3.544204333426	0.056758318821056	0.0025731353884223	2.0069706043714	0.0038466699388871	0.15915596885396	1.1640872174456	1.994373283492	0.00044067072269432	0.3624817324349	7.1860689408026	0.03115627267776	6.7520698284317e-08	0.043532168543365	1.087322647912	0.046563161785833	0.016081348429959	0.016081348350918
7.48	0.0040482328981298	116.36887051905	0.0012619977497573	0	0.18815978743578	2.1746694221463	1.4375234997587	3.5487086703702	0.051366091890784	0.0023879807418853	2.0083974029447	0.0036107697325742	0.1392826303903	1.1641416513573	1.9942959652371	0.00040831650079448	0.35345553745027	7.1863048785814	0.027792328940807	6.5450456571982e-08	0.03907758996031	1.0875773658923	0.041558705065361	0.013057756501859	0.013057756437802
7.872	0.0038310047676763	116.37281070105	0.0011725819998577	0	0.1699775057025	2.1576872637317	1.4414422084441	3.5545270510787	0.044806720355318	0.002178940944611	2.0101153313196	0.0033535114641669	0.11894797104685	1.1641725349217	1.994130482201	0.00037139490118984	0.34081611087189	7.186399298282	0.024639848058529	6.3140580167302e-08	0.033662288594397	1.0878521882976	0.038151246133537	0.0097143212072966	0.0097143211597418
8	0.0037726481990152	116.37409059035	0.0011482284208227	0	0.16462393304293	2.1521707451354	1.4426784761442	3.5563166196277	0.042879651005439	0.0021202588208324	2.0106283589489	0.0032839719631526	0.1135586499893	1.1641729050549	1.9940641317927	0.00036105761109658	0.33671089043464	7.1863790658165	0.023891098167033	6.2495509546734e-08	0.032072194099058	1.0879242695248	0.037458583688912	0.0087991599577156	0.0087991599146657
8.2	0.003708724014114	116.3760834985	0.0011160851877163	0	0.15680055772834	2.1435794227031	1.4445540245355	3.5589939746904	0.040067929782903	0.002042266833002	2.0113845881747	0.0031923674163171	0.10673332437267	1.1641639508377	1.9939485156177	0.00034679163271973	0.33035568619428	7.1862985955364	0.023349240251236	6.1659698684271e-08	0.029753025821307	1.0880200829186	0.036662927531492	0.0075286730706508	0.0075286730338462
8.48	0.0036600651457879	116.37885948453	0.0010834097793002	0	0.14686642118973	2.1316091917132	1.4470535639888	3.5625007994034	0.036506365782516	0.0019569584866279	2.0123578588485	0.0030997911167685	0.096317005205946	1.164133433237	1.9937642139218	0.00033074362627497	0.32172750817539	7.1860948296165	0.022092105574519	6.0790236088158e-08	0.026817144812729	1.0881227922703	0.035971292731898	0.0060363862346102	0.0060363862051286
8.872	0.0036715888065043	116.38271844448	0.0010599278317233	0	0.13472806133027	2.1149631764869	1.4502738643058	3.5669371546863	0.032171234677147	0.0018800905364784	2.0135617647011	0.003035001467432	0.085814940681612	1.1640590022207	1.9934668559029	0.00031519077060216	0.3102927443443	7.1856498438432	0.020618183103776	6.0147556558904e-08	0.023246979327449	1.0882117943926	0.035585704914976	0.0044152386151485	0.0044152385936065
9	0.0036859300772064	116.38397184955	0.001056323814743	0	0.13114857596049	2.1095558652952	1.451259326797	3.5682792981832	0.030896965043627	0.0018619984409316	2.0139205201204	0.0030258016250897	0.083008371433815	1.1640280333891	1.9933614363945	0.00031141090982002	0.30672036175653	7.1854702688342	0.02020325627758	6.003178407355e-08	0.022198402687838	1.0882291307532	0.035555219144792	0.0039790388800494	0.003979038860641
9.2	0.0037439228517943	116.38592356466	0.0010564365141566	0	0.12591210538176	2.1011346178652	1.4527190147919	3.5702572490231	0.029037041354373	0.0018469555164078	2.0144420901962	0.0030273505235344	0.079406877236873	1.1639727210434	1.9931882614394	0.00030708183174142	0.30133760464983	7.1851555315294	0.019906446982304	6.0047921140321e-08	0.020668762650607	1.0882447496064	0.035623798821938	0.0033837280639993	0.0033837280475009
9.48	0.0038707634077269	116.38864228403	0.0010687087908377	0	0.1192515424756	2.0894013476145	1.45459412253	3.5727880658998	0.026679740748573	0.0018465968195244	2.0150944633382	0.0030638095576448	0.073810184164665	1.1638823261096	1.9929301041722	0.00030432991425621	0.29432491273684	7.1846524123014	0.018954637432645	6.0388365658129e-08	0.018731798041951	1.0882454354892	0.035962803568314	0.0027054472350791	0.0027054472218934
9.872	0.0041206038711249	116.39242194512	0.0011051016682693	0	0.11109163062387	2.073084848751	1.4568875937743	3.5758844890174	0.023807835046262	0.0018760485578332	2.0158625927357	0.0031715090182389	0.068213157776797	1.1637334277099	1.992541758658	0.00030560533600077	0.28551010846632	7.1838393662516	0.017710147939365	6.138351789943e-08	0.016375285786539	1.0882099818985	0.0368578637911	0.0020075286753493	0.0020075286655695
10	0.0042037878099774	116.39364961186	0.0011194472397806	0	0.10868005542909	2.0677845888454	1.4575651905748	3.5768015547402	0.022963023504718	0.0018878934950731	2.0160837998092	0.0032145726877769	0.066732361046379	1.1636804367249	1.9924095776653	0.00030671838069728	0.28284670366077	7.183551315508	0.017350573884438	6.175286436831e-08	0.015682900703204	1.0881908363606	0.037212817376487	0.0018279988433543	0.00182799883445
10.2	0.0043614400672677	116.39556135834	0.0011452901623043	0	0.10514670232077	2.0595300613527	1.4585479752712	3.5781353466544	0.021729273996347	0.0019133640394359	2.0163974024023	0.0032920142988267	0.064921534347329	1.1635930329376	1.9921975343537	0.00030925408030552	0.27892286358066	7.183077962057	0.01708071651506	6.2474465646571e-08	0.014672590755818	1.0881534825481	0.037855021538076	0.0015920526854814	0.0015920526777277
10.48	0.0045921744504393	116.39822464078	0.0011869103695164	0	0.10064156602023	2.0480290823935	1.4597823852842	3.579821820726	0.020164269225995	0.0019525535686246	2.0167784614224	0.0034177964171899	0.061873870020658	1.1634626641279	1.99189107051	0.00031402157081451	0.27387117078161	7.1823748763171	0.016302072359137	6.359526162883e-08	0.013392697755342	1.088087964694	0.038902462328187	0.0013383674646937	0.0013383674581765
10.872	0.0048858035130909	116.40192772668	0.0012469661702446	0	0.095101637002796	2.0320356145377	1.4612785136384	3.5818897722252	0.018255085804586	0.0019964694414898	2.0172205301388	0.0036063846033909	0.058978036707196	1.1632680819108	1.9914472681231	0.00032101225950219	0.26751222921315	7.1813238068037	0.01540061857607	6.5109164451563e-08	0.0118345297182	1.0879746227956	0.040536354666312	0.0010976998498487	0.0010976998445042
11	0.004962181431766	116.40313059497	0.001264895295427	0	0.093459288780865	2.0268402955568	1.4617233138391	3.5825095953752	0.017692846098493	0.0020049821174898	2.0173488468431	0.00366511343043	0.058240974635225	1.1632024661072	1.9912996335231	0.00032290311860614	0.26556474595363	7.1809670560505	0.015165721138103	6.5520955327325e-08	0.011376452801564	1.0879331884565	0.041067532682195	0.0010391975525756	0.0010391975475162
11.2	0.0050714554146233	116.40500383941	0.0012905416224382	0	0.091047782459353	2.0187492024082	1.4623787646622	3.5834268933648	0.016871115805914	0.0020126237158215	2.0175344625447	0.0037521003047535	0.057467309828223	1.1630979764993	1.9910664106005	0.00032526555515243	0.26260121630897	7.1803961795525	0.015083381606857	6.6101923788594e-08	0.010707771614751	1.0878643096591	0.041888614171142	0.00096499018868015	0.00096499018398221
11.48	0.0051864269055706	116.40761368934	0.0013212760251017	0	0.087962656818163	2.0074759373896	1.4632302420181	3.5846250321021	0.01582746432795	0.0020098651704364	2.0177707805819	0.0038632022907342	0.05585099526057	1.162948606237	1.9907356763627	0.00032728386979697	0.25868777227012	7.1795734554261	0.014645074117572	6.6725800382299e-08	0.0098601284295775	1.0877604529828	0.043010946007109	0.00088841034471697	0.00088841034039206
11.872	0.0052658050221347	116.41124280492	0.0013495848217913	0	0.084149224643195	1.9917991337515	1.4643260028505	3.5861730556598	0.014551831004359	0.0019778368911704	2.0180701507554	0.0039836588283664	0.05449487758005	1.1627351979449	1.9902661407581	0.00032661639287113	0.25345820891057	7.1783812917421	0.014203461710389	6.7149297379811e-08	0.0088271665366479	1.0876023845744	0.044415207115211	0.00081810982176532	0.00081810981778281
12	0.00527483630059	116.41242168403	0.001355107562476	0	0.083013881982401	1.9867066838688	1.4646665948609	3.5866537385147	0.014175558939857	0.0019620201502882	2.0181628030194	0.004013220322252	0.054176417637506	1.1626646874669	1.9901114299051	0.00032555193845772	0.25179020564473	7.1779830073217	0.014100074087831	6.718681630829e-08	0.0085232386005092	1.0875479400209	0.044816946417335	0.00080120801988119	0.00080120801598101
12.2	0.0052744478976088	116.41425761963	0.0013597665284931	0	0.08134190713372	1.9787757973665	1.465184189262	3.5873828131177	0.013625001949531	0.0019320071575247	2.018303257506	0.0040485639900427	0.054017409887435	1.1625537465374	1.989868380538	0.0003229826533774	0.24917666922016	7.1773520175685	0.014191350930543	6.7143722616154e-08	0.0080793169086316	1.0874602149211	0.04537765463987	0.00077970591353417	0.00077970590973871
12.48	0.0052519667826569	116.41681556742	0.0013600580812504	0	0.079193086938931	1.9677257470602	1.4658846045762	3.5883645452025	0.012924508992141	0.0018830915582346	2.0184931618414	0.0040803865383299	0.053170146442886	1.1623970104179	1.9895255821599	0.00031799630414758	0.24561786613024	7.1764521040442	0.013978540549645	6.6931507177458e-08	0.0075160641075522	1.0873322872641	0.046055356313032	0.00075720101849065	0.00075720101480478
12.872	0.0051873123911895	116.42037261538	0.0013492490970872	0	0.076518469942048	1.9523593482039	1.4668291757777	3.5896750132094	0.012065933100621	0.0018054047982535	2.0187494916083	0.0040905431720462	0.052594987432308	1.1621749466802	1.9890409111095	0.00030862008379744	0.24069301205067	7.1751621894336	0.01376335772463	6.6381501858393e-08	0.006828672045177	1.0871439044147	0.046761535268544	0.0007358618262339	0.00073586182265196
13	0.0051613880885066	116.42152808993	0.0013436661937257	0	0.075717658046738	1.9473677325205	1.4671308152338	3.5900892480518	0.011812093315038	0.0017792085363633	2.018831318111	0.0040868937011535	0.052479423967933	1.1621017642014	1.9888814850766	0.00030516308261685	0.23909332266592	7.1747340915986	0.01371429799989	6.6159753304913e-08	0.00662617449775	1.0870802613151	0.04693632860279	0.00073061399524955	0.00073061399169316
13.2	0.0051160902325509	116.42332759015	0.0013328335045389	0	0.074533746497672	1.9395938830254	1.4675961784312	3.5907238212537	0.011440076772273	0.0017373663903676	2.0189574301018	0.0040738074546664	0.052624349008446	1.1619867385236	1.9886312361478	0.00029935916206461	0.23656092749256	7.1740585971536	0.013867332905269	6.5764919507225e-08	0.0063301503386716	1.0869787992485	0.047145438737695	0.00072384298436786	0.00072384298084444
13.48	0.0050496800540363	116.42583479566	0.0013155633904589	0	0.07300306988853	1.9287626306735	1.4682372954081	3.5915882613545	0.010965545011418	0.0016798056063858	2.0191307924779	0.0040467087416455	0.052118964823433	1.1618243141351	1.9882786010063	0.00029094375863252	0.23307931879038	7.17310024618	0.013724883496849	6.5170683817804e-08	0.005954044293658	1.0868328584826	0.047357036846584	0.00071669013149907	0.00071669012801049
13.872	0.0049513635284886	116.42932131529	0.0012878355719156	0	0.071080706178251	1.9137004946316	1.4691181994988	3.5927564955129	0.010381639968136	0.0016017873268592	2.0193678214976	0.0039927780112909	0.051863578588965	1.1615941970035	1.9877806068175	0.00027880272551584	0.22821589927005	7.1717356730763	0.013569924347092	6.42667618394e-08	0.0054940790938013	1.0866215416887	0.047482111896712	0.00071003654562758	0.0007100365421714
14	0.0049190156516831	116.43045387889	0.0012783033734027	0	0.0705009736546	1.9088077171864	1.4694024552798	3.5931285319087	0.010208445261956	0.0015773531211666	2.0194438503716	0.0039723959427736	0.051826753635221	1.1615183765737	1.9876169750933	0.00027485330058585	0.22662924774847	7.1712848785778	0.013534075184253	6.3963115438609e-08	0.005358339996686	1.0865509623428	0.047487432446422	0.00070848937976659	0.00070848937631795
14.2	0.0048674334176572	116.43221770404	0.0012627110582001	0	0.069639711171996	1.901187796258	1.4698434764487	3.5937008783829	0.0099540442941645	0.0015398862341064	2.0195612635266	0.0039370721380481	0.052084096202047	1.1613992280403	1.9873603073187	0.00026865093420606	0.22411307842815	7.1705755287466	0.013700194667145	6.3469609911255e-08	0.0051596627248392	1.086439188839	0.04745090632631	0.00070663237241597	0.00070663236897637
14.48	0.0047977860301404	116.43467521458	0.0012411979916106	0	0.068517888860113	1.8905710110666	1.4704551831888	3.5944848664862	0.0096283922157764	0.0014906462109735	2.0197229204305	0.0038860752586031	0.051700316660495	1.1612310639566	1.9869990358822	0.00026029389443649	0.22064546442895	7.1695729224961	0.013573699427454	6.2785443363699e-08	0.0049067479348252	1.0862798587545	0.047359970777293	0.00070500934415643	0.00070500934072473
14.872	0.004701857695554	116.43809264699	0.0012111277628798	0	0.067093486734714	1.8758071159195	1.471301799103	3.5955516026024	0.0092255083376826	0.0014267232399796	2.0199441155586	0.0038103591561292	0.05155068036086	1.160993080749	1.9864897241235	0.00024913151702522	0.21579380808178	7.1681521064638	0.013433066097801	6.1823433441469e-08	0.004596508518102	1.0860517389307	0.047135214784906	0.00070425666006401	0.00070425665663597
15	0.0046712091067766	116.43920276815	0.001201446448882	0	0.066660199962369	1.8710112199833	1.4715761410056	3.5958928897123	0.0091054744590554	0.0014070997694458	2.0200150825675	0.0037850820778945	0.051538502676044	1.1609147612441	1.9863226046257	0.00024564499831516	0.21421012559189	7.167684240446	0.013400705298729	6.1512061152194e-08	0.0045047245148063	1.0859761212914	0.047042330892516	0.00070431465923975	0.00070431465581143
15.2	0.0046240717421942	116.44093164591	0.0011865055205677	0	0.06601276722402	1.8635421803496	1.472002784093	3.5964194627567	0.0089286173416838	0.0013776733289575	2.0201247292366	0.003745258252382	0.051823840027536	1.1607917953173	1.9860607050021	0.00024036283396006	0.21173637778563	7.1669494750482	0.013570394054198	6.1026112837676e-08	0.0043701474144619	1.0858569066834	0.046879533315683	0.00070468551651129	0.00070468551308117
15.48	0.0045596570239186	116.44334047223	0.0011660629191362	0	0.065162112007583	1.8531356167573	1.4725962282941	3.5971434855275	0.0087011461084826	0.0013389323095452	2.0202757323651	0.0036892896764912	0.051475380732543	1.1606184707709	1.9856925395629	0.00023332066759347	0.20827484889782	7.1659135835179	0.01344976844924	6.0348926983206e-08	0.0041983606951015	1.0856879764494	0.046619979920187	0.00070573657497043	0.00070573657153518
15.872	0.0044726233205612	116.44669021698	0.0011385352168032	0	0.064068369955111	1.8386640589438	1.4734200435111	3.5981332194911	0.0084176862044425	0.0012892406677424	2.0204823330322	0.0036114736063305	0.051354943223528	1.1603736329288	1.9851743764905	0.00022416486880087	0.20343301894398	7.1644502163763	0.013316001098641	5.9416809757018e-08	0.003986743081168	1.0854478672724	0.046205238937527	0.00070809467021225	0.00070809466676552
16	0.0044449296696763	116.44777835077	0.0011298354123507	0	0.063732424627063	1.8339631264233	1.4736874643585	3.5984508918294	0.0083327354255004	0.0012740397080699	2.0205486306849	0.0035863698657941	0.051349281241512	1.1602931744462	1.9850045587711	0.00022134532280183	0.20185321860405	7.1639693635278	0.013285690104575	5.9117997747154e-08	0.0039239163251994	1.0853686603741	0.046059698743811	0.00070904618370073	0.00070904618024937
16.2	0.0044015229277405	116.44947298853	0.0011161858658633	0	0.063227223173088	1.8266419809437	1.4741036969195	3.5989418673029	0.008207064791588	0.0012509565848156	2.0206510221322	0.0035463651699977	0.051634167766229	1.1601669540947	1.9847386166272	0.00021703544398311	0.1993505415155	7.1632151024855	0.013457633836066	5.8642865321601e-08	0.003831572813947	1.0852441343624	0.045810053319821	0.00071072797545456	0.00071072797199501
16.48	0.0043440677389815	116.45183411363	0.0010982608811299	0	0.062557138603401	1.8164414771066	1.4746832701836	3.5996186497911	0.0080444265097599	0.0012211513506469	2.0207920282984	0.0034931236343715	0.051293894906437	1.159989269068	1.9843651479064	0.00021144558716387	0.19590046168449	7.1621535441899	0.013341256356446	5.8000221138252e-08	0.0037132487299415	1.085068348965	0.045463953236611	0.00071344194943018	0.00071344194595742
16.872	0.0042656877298133	116.45511753438	0.0010742935101901	0	0.06168396638916	1.8022564693341	1.4754887393182	3.6005468854904	0.0078398731953457	0.0011827209392772	2.0209850850313	0.003420586545664	0.05118198425441	1.1597387316062	1.9838402372558	0.00020423071680078	0.1910791478964	7.1606571267605	0.013213179940582	5.7114547448984e-08	0.0035666408607574	1.0848196798072	0.044952008522061	0.00071783017933159	0.00071783017583745
17	0.0042406189528972	116.45618412399	0.0010667280614466	0	0.061413048208689	1.7976486200365	1.4757503567778	3.6008454717099	0.0077781141277432	0.0011709014334303	2.0210470715044	0.0033974067724688	0.051178664934047	1.159656508093	1.9836683693467	0.00020201262189094	0.18950710487351	7.1601661079563	0.013184629456043	5.683048243029e-08	0.0035229068942668	1.0847379051547	0.044779450658721	0.00071938504250625	0.00071938503900454
17.2	0.0042012755446083	116.45784521131	0.001054853830603	0	0.061002958883552	1.7904724405775	1.4761576564435	3.6013075265431	0.007686292066854	0.0011528705888728	2.0211428317069	0.0033606798413086	0.051458763862778	1.1595276226399	1.9833993687275	0.00019861843332294	0.18702143011988	7.159396545604	0.013358637212249	5.6378116868766e-08	0.0034584146762774	1.0846095794586	0.044492751347337	0.00072196104772089	0.00072196104420663
17.48	0.0041489892634144	116.46015959473	0.0010392553846913	0	0.060453819103465	1.7804739168172	1.4767249101868	3.6019454864599	0.0075665499669002	0.0011295046632982	2.0212747565078	0.0033120139548455	0.051123717841225	1.159346387451	1.9830218950058	0.00019422015842949	0.18359232814864	7.1583146613337	0.013245954060653	5.576405725176e-08	0.0033753566570958	1.0844288751046	0.044100776526139	0.00072584271447308	0.00072584271093992
17.872	0.0040772519446065	116.46337802274	0.0010183273967439	0	0.059728753306154	1.7665697859595	1.4775132851236	3.6028221690156	0.0074142493505792	0.0010990852062004	2.0214554596453	0.0032459938829296	0.051020124494995	1.1590912094717	1.982491868582	0.000188523825772	0.17880517676845	7.1567917080143	0.013122447071769	5.4914071361804e-08	0.0032716502729252	1.0841740198274	0.043536542701462	0.00073173807517651	0.00073173807161465
18	0.0040541828496197	116.46442350056	0.0010116948393218	0	0.059501590488727	1.762053176867	1.4777693195977	3.6031045184821	0.0073678591580073	0.0010896503085415	2.021513496082	0.0032249195720924	0.051019634522576	1.15900754657	1.9823184399641	0.00018676494969102	0.17724547000061	7.1562924483574	0.013095246450285	5.4640748994392e-08	0.0032405206789635	1.0840903787559	0.043349246800429	0.00073375805722728	0.00073375805365557
18.2	0.0040178814636934	116.46605171021	0.0010012408789538	0	0.05915559381241	1.7550190931719	1.4781678581368	3.6035417323205	0.007298479565001	0.001075152741936	2.0216031596398	0.0031915165612605	0.051297222278977	1.1588764844872	1.9820471042173	0.00018405844773641	0.17478249394021	7.1555104055601	0.013270708276635	5.4203911604248e-08	0.0031944196009103	1.0839592803706	0.043042099801814	0.00073704157761324	0.00073704157402555
18.48	0.0039694371201291	116.46832028815	0.0009874686486704	0	0.058688141947661	1.745218550421	1.4787227171258	3.6041458809684	0.0072072016161347	0.0010562605292349	2.0217266897623	0.0031472660011044	0.050969549404539	1.1586923419632	1.9816665583309	0.00018054181053419	0.17138468381211	7.1544117958423	0.013160709246912	5.3608379366489e-08	0.0031346584081878	1.0837749649608	0.042624319501916	0.00074188054779899	0.00074188054418773
18.872	0.0039025299933067	116.47147502324	0.00096885245541698	0	0.058063466002472	1.7315897353925	1.4794933593998	3.6049767997139	0.0070896174103105	0.0010313456023084	2.0218958767438	0.0030871031192622	0.050877655287583	1.1584333455241	1.9811325786306	0.00017594563902191	0.16664637802374	7.1528667389016	0.013040335658673	5.2779217336456e-08	0.0030593108925275	1.0835155269098	0.042029617469482	0.00074906915998694	0.00074906915634067
19	0.0038808963048068	116.47249981141	0.00096291597439005	0	0.057866049369588	1.7271625599406	1.4797434887962	3.6052445311013	0.0070534490239934	0.001023538539533	2.0219502039055	0.0030678470824348	0.050881124898225	1.1583484928863	1.9809579362996	0.00017451516933902	0.16510384325028	7.1523605520289	0.013014016907086	5.251177902117e-08	0.0030365175578095	1.0834304928347	0.041833464541536	0.00075150052259632	0.00075150051893821
19.2	0.0038467798465247	116.4740958004	0.00095351452250812	0	0.057563714579879	1.7202677585142	1.480132656435	3.6056591777131	0.0069990069733291	0.0010114479471461	2.0220341146594	0.0030372606798447	0.051159084623675	1.1582156261478	1.9806847768067	0.00017229744207053	0.16267120074051	7.1515679573098	0.013190297311285	5.2082877541956e-08	0.0030025845889771	1.0832973146806	0.041514046157942	0.00075542214128573	0.00075542213760852
19.48	0.0038010401138329	116.47631948747	0.00094106866137143	0	0.05715209046716	1.7106612767744	1.4806740649167	3.6062322096534	0.0069266968075882	0.00099557841129729	2.0221496638109	0.0029966323636596	0.050841022470247	1.158029061209	1.9803018154509	0.00016939968775156	0.15931540912407	7.1504550875732	0.01308193246402	5.1495424212862e-08	0.0029582464890979	1.0831102697963	0.041079762910746	0.00076114803549661	0.00076114803179151
19.872	0.0037375032236411	116.47941180003	0.00092410224923715	0	0.056596364006997	1.6973023264086	1.4814251376376	3.6070202664555	0.0068322891435499	0.00097435958848336	2.0223077794873	0.0029411215875168	0.050763656648896	1.1577668588725	1.9797646960581	0.00016556609843357	0.15464114733027	7.14889096897	0.012963265045901	5.0673071106765e-08	0.0029016908997091	1.0828473282855	0.040464433011045	0.00076957647768412	0.00076957647393798
20	0.0037168623409931	116.48041631112	0.00091865707147556	0	0.05641946108745	1.6929628137764	1.481668682709	3.6072741336835	0.0068029552834395	0.00096764112015394	2.0223585095712	0.0029232817330336	0.050771930329121	1.1576810012103	1.9795890820832	0.00016436147255653	0.15312079351223	7.1483787587526	0.012937379027217	5.0407153850456e-08	0.00288442593272	1.0827612197737	0.040262016818316	0.00077241091793394	0.00077241091417399
20.2	0.0036849325780705	116.48198072178	0.00091024311309009	0	0.056147321793986	1.6862045367865	1.4820473783528	3.6076672907228	0.0067585115673935	0.00095737544791138	2.0224368557199	0.0028956942821487	0.051052675416575	1.1575466120915	1.9793144626766	0.0001625239180666	0.15075179188943	7.1475769769159	0.013114031437102	4.9987547245933e-08	0.0028585669950156	1.0826264333691	0.039944108875403	0.00077694928096202	0.00077694927717997
20.48	0.0036406602423463	116.48416041249	0.00089865301086247	0	0.055774476582328	1.6767882735999	1.4825736799556	3.6082103991748	0.0066989189001875	0.00094342392854576	2.0225446543135	0.0028576494590563	0.05074590929015	1.1573579967196	1.9789295567233	0.00016003735362707	0.147449137043	7.1464515845238	0.013006419173674	4.9397438075119e-08	0.0028244717414974	1.0824372596524	0.039495904798968	0.00078354107265263	0.00078354106883848
20.872	0.0035793547645473	116.4871915452	0.0008827594973997	0	0.055266964603006	1.6636938445377	1.4833025674179	3.6089565478648	0.0066200916476037	0.000924609580546	2.0226918501152	0.0028054238286061	0.050684857747194	1.1570930477133	1.978389871351	0.00015670685233455	0.14285448799249	7.144870522128	0.012888115873276	4.8569688260865e-08	0.0027804134909679	1.0821715443999	0.038862492278774	0.00079322650374783	0.00079322649988651
21	0.0035593879761083	116.48817618278	0.00087763761404882	0	0.055104484750841	1.6594402589488	1.4835386081081	3.6091967109626	0.0065953624195132	0.00091860420595837	2.0227389952545	0.0027885861812023	0.050698401382056	1.1570063218342	1.9782134551093	0.00015565124363831	0.14136148298864	7.1443529185181	0.012862237750727	4.8301721260816e-08	0.0027668293466814	1.0820845764075	0.038654470420026	0.00079647788268782	0.00079647787881066
21.2	0.0035278263304148	116.48970964319	0.00086946611519306	0	0.05485365533776	1.6528158031294	1.4839052538956	3.6095683153672	0.0065576652677959	0.00090917802916449	2.022811667555	0.0027617084435918	0.050982113487801	1.15687059502	1.9779376080062	0.00015398933992455	0.13901220753518	7.1435428049089	0.013038542971805	4.786979545409e-08	0.0027463505156828	1.0819484851375	0.038318053752536	0.00080169685398256	0.00080169685007999
21.48	0.0034852158674925	116.4918462119	0.00085855572383024	0	0.054508335841518	1.6435859920691	1.4844140407256	3.6100810621759	0.0065066747281822	0.00089663923592588	2.0229114264717	0.0027257780481355	0.050685741580174	1.1566801544155	1.9775510440877	0.00015179017531479	0.13577440314074	7.1424060163534	0.012930571556554	4.7274237419504e-08	0.0027190892983489	1.0817575669029	0.037859625067804	0.00080927221105413	0.00080927220711466
21.872	0.0034255631323986	116.49481738036	0.00084348084856648	0	0.054035344966422	1.6307508466671	1.4851171740458	3.610784366882	0.0064384255276267	0.0008794779374136	2.0230472609069	0.0026761919778207	0.050640967163417	1.1564127551033	1.9770091630382	0.00014881007444943	0.13127674385878	7.1408094888442	0.012811521929339	4.6434523857138e-08	0.0026833859488378	1.0814895611011	0.037211967399509	0.00082036291967193	0.00082036291567844
22	0.0034060555963904	116.49578253928	0.00083859505530197	0	0.053883264158226	1.6265814867013	1.4853444950529	3.6110104295571	0.0064168322465709	0.00087395067054304	2.0230906620541	0.0026601343794185	0.050659893588212	1.1563252522244	1.976832056958	0.00014785677361459	0.12981684448851	7.1402869391832	0.012785336791152	4.616229633668e-08	0.0026722666807879	1.0814018777026	0.036999286259875	0.00082407820019994	0.00082407819618835
22.2	0.003375256134341	116.49728566439	0.00083079301762695	0	0.053647872178534	1.6200882022983	1.4856971799454	3.6113598579384	0.0063837397158866	0.00086524525901304	2.0231574433516	0.0026344951548316	0.050947240386939	1.1561883332126	1.9765551574262	0.00014634872826903	0.12752387962503	7.139469195169	0.012961099532347	4.572335730538e-08	0.0026553948838998	1.0812646990597	0.0366566824213	0.00083003271869791	0.00083003271465732
22.48	0.0033334853816505	116.49937996784	0.00082030678782162	0	0.053322637592755	1.611041151481	1.486185705789	3.6118412191234	0.0063386400735308	0.00085357455801341	2.0232488531727	0.0026000145963989	0.050661569439584	1.1559962640468	1.9761671670634	0.00014433583363738	0.12436384263135	7.1383219049026	0.012852181004866	4.5115895044385e-08	0.0026327239327732	1.0810723150747	0.036187895385347	0.00083866227409063	0.00083866227000802
22.872	0.0032749330949731	116.50229236271	0.00080574951174406	0	0.05287510656054	1.5984601557497	1.4868590033867	3.6124997914461	0.0062776725151327	0.00083747563228516	2.023372757018	0.0025522295187529	0.050633643617881	1.1557266543349	1.9756233694811	0.0001415811755812	0.11998145660335	7.136710997443	0.012731384149388	4.4258022250626e-08	0.0026026484814996	1.0808023554972	0.035525819953021	0.00085128335309301	0.00085128334894892
23	0.0032557507830774	116.50323842968	0.00080101671977171	0	0.052730760271296	1.5943733536683	1.487076217564	3.6127110421313	0.0062582471552871	0.00083226082921515	2.0234121985258	0.0025367112285604	0.050658109706908	1.155638445449	1.9754456556277	0.00014069403207902	0.11856077202253	7.1361838271597	0.012704567426052	4.397988884358e-08	0.0025931935373644	1.080714055947	0.035308485070053	0.00085550750543331	0.00085550750126865
23.2	0.0032255005477515	116.50471182157	0.00079345591808724	0	0.052506915484511	1.5880086433773	1.4874127186833	3.6130370892545	0.0062283472571008	0.00082402928682791	2.0234727212387	0.0025119265446596	0.050949089820462	1.1555004380979	1.9751678233788	0.00013928556637634	0.11633260416709	7.1353589340184	0.01287945059837	4.3531338836413e-08	0.0025787613359803	1.0805759350459	0.034959309695792	0.00086227230335655	0.00086227229915894
23.48	0.0031843767954769	116.50676469837	0.00078325636067376	0	0.052196833043787	1.5791407339982	1.4878777629564	3.6134852039232	0.0061873508208875	0.00081293913716742	2.0235552103336	0.0024784782945107	0.050673568684958	1.1553068732182	1.9747785591164	0.00013739472356282	0.11326418983748	7.1342017691543	0.012768857318144	4.2909519572472e-08	0.0025592031186289	1.0803822704545	0.034480490506558	0.00087206694952253	0.0008720669452772
23.872	0.0031267045335331	116.50961948546	0.00076905894400916	0	0.051768748048199	1.5668088555656	1.4885165153506	3.6140961313935	0.0061314905578732	0.00079756079405727	2.0236662829965	0.0024320049894533	0.050662373233586	1.1550352184163	1.9742330337637	0.00013478927668468	0.10901705469382	7.1325772794478	0.012645351671147	4.2031031258027e-08	0.0025329594897629	1.0801105856036	0.033804758042595	0.00088638069596805	0.00088638069165301
24	0.0030923232615761	116.51043298313	0.00080289289533089	0	0.051381970829933	1.5632250804774	1.4887238370873	3.6142796847254	0.0060843229526221	0.0007900006240525	2.023677849175	0.0024646169824321	0.050442249011747	1.1549430335292	1.9740500838081	0.00013703316791032	0.10763184623204	7.1320453014151	0.012533804050082	4.1910288486461e-08	0.0025126404861932	1.080021762765	0.034106197748425	0.00089508018803137	0.00089508018367396
24.2	0.0030818322906207	116.51211110753	0.0012272361407692	0	0.051844559741468	2.0561337641824	1.4890398366217	3.6146243070819	0.0061365264765599	0.00078339813010182	2.0238039360089	0.0032476061078391	0.051776883926055	1.1548156772679	1.9737899701983	0.00016899131754266	0.10541243825824	7.1312112768821	0.013111242386343	4.4728790640935e-08	0.0025326183832175	1.0798827292071	0.04631244319164	0.00088666516488133	0.0008866651605649
24.48	0.0032233277269659	116.51523622633	0.0015732974218137	0	0.054511843126132	2.7428910051676	1.4894533001327	3.6151659859801	0.0064479483235605	0.00080180865374033	2.0241284632627	0.0040177805637659	0.054267066239443	1.1546596602158	1.9734559416221	0.0001942547471317	0.1024528888486	7.1300442014309	0.013904510528925	4.7748064193813e-08	0.0026585108317058	1.0796874007359	0.059980479343699	0.00085290012103463	0.00085290011688266
24.872	0.0037128176677536	116.52112834212	0.0018721713512733	0	0.061730574038778	3.6978851580108	1.4899662261558	3.6159773392901	0.0072951471799243	0.00089015583883978	2.0247412084304	0.0048161954107067	0.058895185186486	1.1544653988727	1.9730151108571	0.0002180015653437	0.098606589103702	7.1284490854398	0.014876347885327	5.1853035740669e-08	0.0030037120231024	1.0794160263646	0.075309615841414	0.00079617191151154	0.00079617190763587
25	0.0039274773237622	116.5234072179	0.0019549031893877	0	0.064836175059585	4.008119714622	1.4901168388465	3.6162563391068	0.0076601104380594	0.00093268634255413	2.024966397561	0.0050538415536892	0.06047580108323	1.1544062401444	1.972875125562	0.00022560826855864	0.097429628960127	7.1279479902744	0.015140031966185	5.3314559420344e-08	0.003152721946354	1.0793289952109	0.079741440557432	0.00077775547084821	0.00077775546706223
25.2	0.0043070262893052	116.52710829874	0.0016181984392235	0	0.069724483876955	3.9921193581665	1.4903385248249	3.61667144873	0.0082346946744636	0.0010117793076141	2.02529273666	0.0045749827649978	0.063450979808138	1.1543082471708	1.9726447988802	0.00020243910627539	0.095721007899819	7.1271895720059	0.015504877596624	5.2418261244008e-08	0.0033873924746858	1.0791950694531	0.073059754773302	0.00076088222494484	0.00076088222124102
25.48	0.0047848270222649	116.53226507735	0.001394127211953	0	0.075841425367285	3.9698261537175	1.4906348197005	3.617222920823	0.008953674472655	0.0011229741690517	2.0256693308399	0.0042203709035743	0.064580896897573	1.1541577360804	1.9722995998719	0.00019206924890136	0.093422618304915	7.1261856154583	0.015173233448063	5.2392759419138e-08	0.0036810237241137	1.0790135561837	0.065563638619785	0.00075914610365484	0.00075914609995948
25.872	0.0052984373958628	116.53943645923	0.0013052932383965	0	0.08314381534576	3.9388247927468	1.491036526664	3.6180167463229	0.0098119501662503	0.0012568542533239	2.0260884468452	0.0040761439202933	0.064988404773647	1.1539382511031	1.9718031245972	0.00019689635902987	0.090304048462456	7.124884522059	0.014562801417589	5.3273630818763e-08	0.0040315182419353	1.0787715390344	0.058017919535891	0.00077392131407771	0.00077392131031039
26	0.0054363911434885	116.54176602913	0.0013014299583055	0	0.085254790205591	3.9287543581595	1.4911655695817	3.6182884381359	0.010060050228736	0.0012947176638967	2.0262074389524	0.004076098591185	0.064953739251806	1.1538666180955	1.9716410347138	0.00020040541723794	0.089304330664851	7.1244816126678	0.014388651079644	5.3642058993549e-08	0.0041328286452718	1.0786951883561	0.056105003235414	0.00077999223587515	0.00077999223207827
26.2	0.0056253173047215	116.54539412953	0.0013100847691998	0	0.088299508285183	3.9130708453863	1.4913652249433	3.6187274181151	0.010417881152762	0.001347937560362	2.0263782248375	0.0041078715197122	0.065226604116034	1.1537555088431	1.9713888556596	0.00020682221764308	0.087759478815753	7.1238721823238	0.014411828971615	5.423585617215e-08	0.0042789404466108	1.0785783976329	0.053609904014394	0.00078980130733773	0.00078980130349307
26.48	0.0058477765651456	116.55044927792	0.0013381305954632	0	0.092085339934482	3.8912191040589	1.4916404362372	3.6193720437356	0.010862789774671	0.0014118860880738	2.026593659897	0.0041923328411274	0.064217263301605	1.1536026874673	1.9710391603693	0.00021640091808379	0.085631228983913	7.1230556652277	0.014054636674256	5.5054193208165e-08	0.0044605948894014	1.0784195039341	0.050940689509199	0.00080287011997351	0.00080287011606521
26.872	0.0061003743466667	116.5574793188	0.0013884545525235	0	0.096558204877927	3.8608316591357	1.4920155442393	3.6203294686216	0.011388395786635	0.0014850765976919	2.026864052252	0.0043465077849117	0.063215517700514	1.153395392414	1.9705571365658	0.00022924429107435	0.082721900276989	7.1219738145576	0.013701595206445	5.6102427986083e-08	0.0046751715537222	1.0782047627589	0.048392136685035	0.00081828840158937	0.00081828839760597
27	0.0061722349193847	116.55976297832	0.0014052986839539	0	0.097839435727736	3.850960637845	1.4921350488198	3.6206537622723	0.01153894231486	0.0015058521724531	2.0269474511069	0.0043996836366166	0.062938819934789	1.1533293976319	1.9704015434568	0.00023314110482527	0.081790046813167	7.1216332883729	0.013623989801833	5.6416014557181e-08	0.0047366249134291	1.0781362390606	0.047766369035365	0.00082256405251556	0.00082256404851134
27.2	0.0062747633163577	116.56331956222	0.001431238067734	0	0.099675071811893	3.8355876892747	1.4923184855142	3.6211711220751	0.011754620880076	0.0015354881250927	2.0270739145623	0.0044833913365094	0.062823393878491	1.1532279625857	1.9701601724305	0.0002388862179244	0.080352856346466	7.1211128674071	0.013789625654061	5.6865876812501e-08	0.0048246582285685	1.0780306286162	0.046960168927174	0.00082853297257954	0.00082853296854624
27.48	0.0064011322571892	116.56827503121	0.0014657602939291	0	0.10193252610714	3.8141686574373	1.4925680670707	3.6219144494127	0.01201983780424	0.0015719416729396	2.0272453111911	0.0045982775664523	0.061763384273212	1.1530892664785	1.9698255862563	0.00024620263008913	0.078380153466108	7.1204056433444	0.013617528014114	5.7417823680918e-08	0.0049328971531263	1.0778854432817	0.046106281385415	0.00083562279598908	0.00083562279192125
27.872	0.0065487553977731	116.57516638528	0.0015092372326094	0	0.10455106097484	3.7843829512083	1.4929022441982	3.6229858106413	0.012327430488645	0.0016145287822363	2.0274785054883	0.0047487392851422	0.060989638919431	1.1529010846174	1.9693629956747	0.00025506318803032	0.07569686071892	7.1194513883058	0.013456522579395	5.8041890141009e-08	0.0050584019093853	1.0776866617919	0.045289030067092	0.00084364673936096	0.00084364673525405
28	0.0065904639853345	116.57740499098	0.0015220957286685	0	0.10528872402259	3.774707391926	1.4930074700451	3.6233415906217	0.012414070003136	0.0016266015745151	2.0275537106903	0.0047944368135647	0.060820406926967	1.1528409634152	1.9692131984886	0.00025763591402859	0.074839900267551	7.1191472152916	0.013426426399939	5.8212003396325e-08	0.0050937454166168	1.0776226840065	0.045085177149407	0.00084594658141515	0.00084594657729703
28.2	0.0066474048666679	116.58089139432	0.0015402035680733	0	0.10633249944685	3.7596388531391	1.4931678194124	3.6239024812763	0.012536650060962	0.0016431674806568	2.0276704690905	0.0048601522168321	0.060895630011694	1.1527482494898	1.9689802833317	0.00026124402773944	0.073495240857762	7.1186786096796	0.013644730388224	5.8418314252721e-08	0.0051437425139956	1.0775235548832	0.044795791027076	0.0008493405842646	0.00084934058012995
28.48	0.0067183064528117	116.58574905412	0.0015637385790515	0	0.10758940469437	3.7386439549243	1.4933839820312	3.6246963474102	0.012684233494993	0.0016639944031887	2.0278330279269	0.0049473232431058	0.060153161946721	1.1526207993088	1.9686563655734	0.00026585945216442	0.071687058361499	7.1180349390726	0.013536454535062	5.8661939932458e-08	0.0052039214632124	1.0773863337168	0.044499364026411	0.00085380859103623	0.00085380858687982
28.872	0.0067932348126911	116.59250434611	0.0015910396460445	0	0.10899482239468	3.7094480598918	1.4936704333476	3.6258208541752	0.012849201981093	0.0016867593576477	2.0280599765265	0.0050526521524965	0.059772355341283	1.1524465117275	1.9682066262943	0.0002711976655676	0.06923058618657	7.1171542580492	0.01343081123041	5.8856702329315e-08	0.0052711565507428	1.0771968439375	0.044180320673868	0.00085981470316564	0.00085981469897997
29	0.0068123539363368	116.59469875274	0.0015986012026125	0	0.10937708161232	3.6999640905051	1.4937600559394	3.6261902137473	0.012894057423555	0.0016927665033865	2.0281340450112	0.0050828414891122	0.059719962437713	1.1523904880705	1.9680605575921	0.00027268051802582	0.068446134149175	7.1168707700622	0.013412465595527	5.8889012385154e-08	0.0052894291212044	1.07713550134	0.044089422001261	0.00086178397929386	0.0008617839750986
29.2	0.0068352110975835	116.59811631216	0.0016084701413292	0	0.1099033196832	3.6851939308405	1.4938961021923	3.626768840344	0.012955791895651	0.0017002281110565	2.0282496955188	0.0051237672187802	0.059998716603637	1.1523037514176	1.9678330249091	0.00027463964482166	0.067214932727302	7.1164313758657	0.013639557282776	5.8884157691879e-08	0.0053145677868121	1.0770401193954	0.043936131813135	0.00086494779948652	0.00086494779527585
29.48	0.0068607272562746	116.60287803518	0.0016207208752042	0	0.11050671486807	3.6646147632322	1.4940785683394	3.6275810624841	0.013026544130008	0.0017090295551839	2.0284115985839	0.0051759441827203	0.059498086097675	1.1521838394176	1.9675157963645	0.00027706797091649	0.065558721288849	7.1158227607502	0.013542700003478	5.8841383750859e-08	0.0053433576134611	1.0769074500254	0.043760589659734	0.00086958048581765	0.00086958048158442
29.872	0.006876745387266	116.6094998851	0.0016328816621238	0	0.11112058685956	3.6359969928057	1.4943188264574	3.6287201473738	0.013098453674404	0.0017162570181341	2.0286384425572	0.0052326127671635	0.059374791451402	1.1520185944642	1.9670739194873	0.00027955924873738	0.063306215747798	7.1149809921022	0.013442624178409	5.8656346639881e-08	0.005372574217683	1.0767231249783	0.043512879743402	0.00087652814013364	0.00087652813586657
30	0.0068777561306381	116.61165094417	0.0016357019213501	0	0.11127114865916	3.6267008185245	1.4943936656659	3.6290918770111	0.013116069527167	0.0017174962774077	2.0287125100726	0.0052472232252858	0.059393006973153	1.1519651793842	1.9669300840533	0.00028016422517273	0.062586125984656	7.1147080015462	0.013424229212377	5.857010628458e-08	0.005379718378961	1.0766632056058	0.043428006277765	0.00087892478632818	0.00087892478204943
30.2	0.0068754081234999	116.61500098897	0.0016390068792573	0	0.11146019620111	3.6122231278389	1.494506989368	3.6296721759852	0.013138162251916	0.0017183799465408	2.0288282061438	0.0052662717600676	0.059794602386539	1.151882212205	1.9667057462304	0.00028091004104837	0.061476271406589	7.114283046987	0.013648602315461	5.8405699649417e-08	0.0053886619918147	1.0765698156233	0.043289777187379	0.00088282119804788	0.00088282119375016
30.48	0.0068645133372852	116.61966863311	0.0016414957985294	0	0.11163822493832	3.5920514558868	1.4946583821503	3.6304826299026	0.01315890670912	0.0017175869541854	2.0289900291064	0.0052854798859956	0.059422192184714	1.1517669534128	1.9663923944082	0.00028156839972963	0.059952923518824	7.1136907091755	0.013547814394769	5.8121841137885e-08	0.0053970220976541	1.0764394679443	0.043081984983899	0.0008886193490944	0.00088861934476843
30.872	0.0068357386968511	116.62615963311	0.0016411063031097	0	0.11173767674944	3.5640003575553	1.4948564488605	3.6316117767707	0.013170339648505	0.0017128509425875	2.0292160188508	0.0052985688502456	0.059426302896861	1.1516070450237	1.9659548388263	0.00028179381437323	0.057877768793051	7.1128648492943	0.013439424973564	5.7632870203373e-08	0.0054015325650771	1.0762575568271	0.042757538117347	0.00089741229501826	0.00089741229064945
31	0.0068233052239692	116.6282681863	0.0016401080544047	0	0.11173785735482	3.5548882590822	1.4949178317727	3.6319786628726	0.013170276458647	0.001710493728234	2.0292895874974	0.0052996717350446	0.059477444077524	1.1515551086702	1.965812171912	0.00028171129430928	0.057213643984337	7.1125955819194	0.013417910761064	5.7454320773524e-08	0.0054014545210062	1.0761982457281	0.042642510928741	0.00090043543019951	0.00090043542581598
31.2	0.0067992821036768	116.63155202837	0.0016370435054805	0	0.11170825813503	3.5406972448374	1.4950103792051	3.6325496891568	0.013166664912911	0.0017054790095221	2.0294041768241	0.0052960365757176	0.059933159900629	1.1514741770868	1.9655894080007	0.00028131618041469	0.056167744509335	7.1121749628743	0.013637079926436	5.7134099684645e-08	0.0053998975884189	1.076105621916	0.04243293953902	0.00090536123151811	0.00090536122711059
31.48	0.0067641833623571	116.6361274234	0.0016323223829214	0	0.11161087341768	3.5209249975895	1.495133230052	3.6333442713863	0.013155031921445	0.00169811332064	2.0295638675297	0.0052887893147946	0.059608442520028	1.1513612715022	1.9652778147211	0.00028067312341834	0.054760987235846	7.1115861700071	0.013528197568103	5.6680532418565e-08	0.0053950312840678	1.075976030059	0.042150559798968	0.00091261799356408	0.00091261798912121
31.872	0.0067046321319416	116.64249012462	0.0016228174059035	0	0.11137803717933	3.4934293472095	1.4952924879348	3.6344464524109	0.013127401948563	0.0016850644275823	2.029785885365	0.0052678529087786	0.059656257481474	1.1512038169942	1.9648419808684	0.00027926240649639	0.052842803387021	7.1107609041418	0.013408780242188	5.5977084518154e-08	0.0053835847050381	1.0757946417653	0.041715720759971	0.00092338677225709	0.00092338676776177
32	0.0066830587876349	116.64455700042	0.0016190768686232	0	0.11128127536424	3.4844976790904	1.495341458976	3.6348034799789	0.013115942632129	0.0016802267958668	2.0298579051716	0.0052585859166529	0.059717410895622	1.1511524918984	1.9646997106136	0.00027868820194797	0.052228470692352	7.1104908697503	0.013383777784697	5.5734340917177e-08	0.0053788514933326	1.0757353826255	0.041564186342319	0.00092703197895526	0.00092703197444218
32.2	0.0066459679523638	116.64777593146	0.001612009966263	0	0.11111092912565	3.4705876638458	1.4954148621382	3.635358105597	0.013095785659395	0.0016716351828222	2.0299698156614	0.0052396278743553	0.060186110926974	1.1510723332791	1.9644774088985	0.00027757424219441	0.051261265309366	7.1100681522662	0.013598544323867	5.5322404477817e-08	0.005370536080836	1.0756427279465	0.041299121972987	0.00093290530352094	0.00093290529897925
32.48	0.0065942649431513	116.65226087969	0.001602105361963	0	0.11083666301707	3.4512069307974	1.495511384544	3.6361278211	0.013063359843111	0.001659686583496	2.0301252171929	0.0052123099249652	0.059866346188135	1.1509601562714	1.9641661592183	0.0002759997036105	0.04995888775807	7.1094747207746	0.013482009799208	5.4751404796392e-08	0.0053571765384888	1.0755128793689	0.040938389339423	0.00094143479514393	0.0009414347905607
32.872	0.0065151902246329	116.65849779127	0.0015862876713617	0	0.11039120014811	3.4242557275298	1.4956346157387	3.6371918086346	0.013010735792078	0.0016411704417864	2.0303401708186	0.0051663774204184	0.059914529002021	1.1508030833214	1.9637302658254	0.00027344971475158	0.048182228809307	7.1086400141009	0.013352325329683	5.3908704399639e-08	0.0053355210600968	1.075330757548	0.040399141023503	0.00095387269437236	0.00095387268972853
33	0.0064880130949067	116.6605238044	0.0015807033287861	0	0.1102326016321	3.4155009166354	1.4956720066258	3.6375356325827	0.012992007796047	0.0016347540894504	2.0304096338747	0.0051496853237552	0.059974081690067	1.1507517413786	1.9635878583057	0.00027254167519945	0.047613106702052	7.1083662678676	0.013324177555477	5.3625794449547e-08	0.0053278190425593	1.075271178453	0.040215215460215	0.00095803154147759	0.00095803153681351
33.2	0.0064431025102659	116.66367909383	0.0015709953127505	0	0.10997267945917	3.4018663356049	1.4957274910761	3.6380689360787	0.012961321675845	0.0016239342032455	2.0305172987845	0.005119932456272	0.060433494790907	1.1506714212627	1.9633652306943	0.00027094767964247	0.046717003298011	7.1079371632643	0.013535304557802	5.3158060863145e-08	0.0053152032351667	1.0751779484054	0.039902308492319	0.000964676615727	0.00096467661103054
33.48	0.0063817911344985	116.66807536508	0.0015577708796175	0	0.10958624832595	3.3828693632763	1.4957992589204	3.6388074951718	0.012915711851643	0.0016092195181793	2.0306662561762	0.0050788567783416	0.060098202907218	1.1505587589564	1.9630533131457	0.00026876806888972	0.045510426236931	7.1073336886223	0.01341219581908	5.2518570281592e-08	0.0052964592023507	1.0750471521515	0.039477986580351	0.00097422126380961	0.00097422125906665
33.872	0.0062920195548461	116.67418895045	0.0015380744162367	0	0.10900673824211	3.3564518247835	1.4958884180764	3.6398255740262	0.012847332429729	0.0015875571162204	2.0308712492265	0.0050164151338974	0.060127150076576	1.1504005451771	1.9626161131552	0.00026550568699484	0.043864757312644	7.1064830261814	0.013273926308487	5.1599977140154e-08	0.0052683694914198	1.0748634569048	0.038859322185096	0.00098795121748164	0.0009879512126718
34	0.0062619160097828	116.67617490093	0.0015313949368699	0	0.10880935262249	3.3478703688245	1.495914810829	3.6401539160773	0.012824045728881	0.0015802687227141	2.0309372452547	0.0049949607406162	0.060180132217679	1.1503487298155	1.9624731989563	0.00026439523702934	0.04333773176259	7.1062036683207	0.013243207719063	5.1296433854117e-08	0.0052588058829043	1.0748033114793	0.03865187990852	0.00099249915694628	0.00099249915211428
34.2	0.0062146851305667	116.67926779544	0.0015207486149477	0	0.10849344846662	3.3345057675849	1.49595328899	3.6406627538958	0.012786780147844	0.0015687589364879	2.0310393633068	0.004960499421566	0.060620653997226	1.1502675963101	1.9622497255005	0.00026262055115499	0.042524731039897	7.1057655154132	0.013451758087122	5.0818471283214e-08	0.005243503402744	1.0747091615102	0.038322933408728	0.00099968891746553	0.00099968891259851
34.48	0.006147949320533	116.68357712814	0.0015055027983224	0	0.10803733116485	3.3158849563036	1.4960015477504	3.6413662659386	0.012732980606196	0.001552420060557	2.0311802011585	0.0049106267276436	0.060263705043467	1.1501536247525	1.9619364899111	0.00026006965961985	0.041407767587455	7.1051486257493	0.01332378688192	5.0143557870474e-08	0.0052214153909969	1.07457698432	0.037853791833302	0.0010099224576858	0.0010099224527689
34.872	0.0060536386003475	116.68956980574	0.0014836474223799	0	0.10737533767765	3.2899905142199	1.4960582033466	3.6423336167286	0.012654908220619	0.0015292172875264	2.0313729948589	0.0048382328761115	0.060268047307407	1.1499932290751	1.9614971688427	0.00025639780506044	0.039885166928773	7.1042778941082	0.013178916505081	4.9194853747937e-08	0.0051893683506012	1.074391179408	0.037183207148587	0.0010245222182812	0.0010245222132932
35	0.0060225013361067	116.69151647901	0.0014764087065377	0	0.10715428649101	3.2815789803255	1.4960740735021	3.642645062039	0.012628840665555	0.0015215551743806	2.0314348259951	0.0048140671507399	0.060313273155473	1.1499406278231	1.961353505841	0.00025517899788831	0.039397863077861	7.103991729321	0.013146223795623	4.8884896201102e-08	0.0051786695213206	1.0743303102113	0.03696142414326	0.0010293278783957	0.0010293278733843
35.2	0.0059725933306344	116.69454820152	0.0014644684928818	0	0.10680443572115	3.2684790125445	1.4960961496269	3.6431270191475	0.012587586335643	0.001509111973424	2.0315301830312	0.0047739356134027	0.060730124511127	1.1498581762651	1.9611287905227	0.00025316111991595	0.0386307934725	7.1035426194728	0.013352292943786	4.8384715420622e-08	0.0051617388445636	1.0742349841036	0.036596040584058	0.0010369234274931	0.0010369234224447
35.48	0.0059057616915111	116.69877229897	0.0014485993825652	0	0.10630648804819	3.2502269132757	1.4961215654318	3.6437922977512	0.01252887209348	0.0014925369738725	2.0316611684384	0.0047202427506129	0.060349745297482	1.1497422205787	1.9608137144438	0.00025047493367683	0.037599523798174	7.1029100144124	0.013220256002309	4.7711604568872e-08	0.0051376449096706	1.0741011034849	0.036106513503988	0.0010476741512539	0.0010476741461531
35.872	0.005811488937871	116.7046464398	0.0014261903890181	0	0.10559581019558	3.2248452087848	1.4961465985958	3.6447054008989	0.012445080498046	0.0014691513118724	2.0318396646614	0.0046440292055295	0.060329713711025	1.1495788559178	1.9603716860145	0.000246679227007	0.036195447072638	7.1020166612959	0.013070629181152	4.6771312525302e-08	0.0051032640671364	1.0739128337979	0.035416422374528	0.0010628527130819	0.0010628527079072
36	0.0057805831675815	116.7065546062	0.0014188395953884	0	0.10536100175708	3.2166002320984	1.4961522233158	3.644998968802	0.012417397006607	0.0014614866550363	2.0318967125456	0.0046189366969684	0.060367706861921	1.1495252427359	1.9602271091932	0.00024543289421374	0.035746466940446	7.1017229660104	0.013036584301967	4.6465868685797e-08	0.0050919059571139	1.0738511409721	0.035190268695479	0.0010678164303465	0.0010678164251475
36.2	0.005732741111099	116.70952635735	0.0014073467068524	0	0.10499163928973	3.2037596574267	1.4961584269579	3.6454530222525	0.012373851033782	0.0014495659317716	2.0319845661714	0.0045796121697197	0.060762466822399	1.1494411914475	1.9600009580588	0.00024348205401739	0.035054567874852	7.1012620455014	0.013241410734525	4.5990493037065e-08	0.0050740404531647	1.0737545236483	0.034836689555536	0.0010755986050831	0.0010755985998463
36.48	0.0056663327525351	116.71366689421	0.001391298118255	0	0.10447010166419	3.1858689688133	1.4961618517198	3.6460790360736	0.012312366601762	0.0014329819463011	2.0321048942546	0.0045245012237982	0.060363892957394	1.1493229314691	1.9596838257216	0.00024075305571707	0.034105486659599	7.1006126121849	0.013107277314244	4.5329177433671e-08	0.0050488167522445	1.0736188010062	0.034342168789181	0.001086544288625	0.0010865442833348
36.872	0.0055745060867801	116.71942482689	0.0013689829404104	0	0.10373285755457	3.1609898484824	1.4961564123667	3.6469365852248	0.012225456191808	0.0014100042284322	2.0322680242406	0.0044475479590211	0.060324889861858	1.149156181908	1.959238798248	0.00023695129532558	0.032814804652084	7.0996952032013	0.012954719133059	4.4416346753677e-08	0.0050131645126014	1.0734278794324	0.0336529511607	0.0011019192018321	0.001101919196467
37	0.0055446215113788	116.72129524274	0.0013617367438483	0	0.10349077238199	3.1529081308285	1.496152161442	3.6472119170356	0.012196918666489	0.001402538191168	2.0323199622558	0.0044224980301007	0.060357205449663	1.1491014316519	1.9590932194375	0.00023571579609974	0.032402523414865	7.0993935678073	0.01291980927378	4.412157326841e-08	0.0050014583992069	1.0733653078412	0.033428934232361	0.0011069275489863	0.0011069275435969
37.2	0.0054973081763704	116.7242082	0.0013500058155705	0	0.10311133575363	3.1403218127233	1.4961429699794	3.6476372501045	0.012152190601376	0.0013905889302433	2.0323996769117	0.0043818674904626	0.060730672065449	1.1490155562174	1.95886546526	0.00023371097951712	0.031754878038256	7.0989200922768	0.013123317537768	4.365132727764e-08	0.0049831113761315	1.0732672949164	0.033066526589775	0.0011147847246963	0.0011147847192686
37.48	0.0054343461806213	116.72826681595	0.0013345341278813	0	0.10257812652191	3.1227853780518	1.4961249560306	3.6482229060828	0.012089337187344	0.0013747756921164	2.0325084108354	0.0043280652493146	0.060316540070229	1.1488946821234	1.9585460486178	0.00023106417131082	0.030885165512363	7.0982530002229	0.012987549748461	4.3022318934298e-08	0.0049573303702698	1.0731296011015	0.032584504754528	0.0011257967675835	0.0011257967621021
37.872	0.0053468647082216	116.73391082255	0.0013131101760391	0	0.10182875437715	3.0983988896278	1.4960898574801	3.6490240117214	0.012001005413797	0.0013528315186339	2.0326551413768	0.0042535616661692	0.060262605650299	1.1487242163269	1.9580977958582	0.00022740071974608	0.029704345426873	7.0973107551727	0.012833383216645	4.2154983379588e-08	0.0049211002168613	1.0729359064721	0.031918169612828	0.0011411518314565	0.0011411518259003
38	0.0053184647929251	116.73574422938	0.0013061728559423	0	0.10158361937485	3.0904771981598	1.4960760068422	3.6492809241063	0.011972110793907	0.0013457168755487	2.0327016875083	0.0042294302356502	0.060290649282772	1.1486682397462	1.9579511566313	0.0002262141994024	0.029327586385815	7.0970009767722	0.012798062379869	4.1875580025573e-08	0.004909249119825	1.0728724251248	0.031702744724411	0.0011461315210588	0.0011461315154783
38.2	0.0052736866704548	116.73859954815	0.0012950045974466	0	0.10120026065545	3.0781401018598	1.4960519130665	3.6496775175812	0.011926923906363	0.0013343827769695	2.0327729532807	0.0041905634661679	0.060645885935932	1.1485804385692	1.9577217407279	0.00022430016862266	0.028736923181375	7.0965147593306	0.01300101572771	4.1431740295638e-08	0.0048907160606107	1.0727729881851	0.031356719534006	0.0011539184596568	0.0011539184540383
38.48	0.0052140781381321	116.74257785413	0.0012802610529455	0	0.1006631419369	3.0609509062374	1.4960132336773	3.6502230149754	0.011863614059948	0.0013193717858233	2.0328698097527	0.004139102760623	0.060221409950206	1.1484568482041	1.9573999859297	0.00022177104132142	0.027943575885654	7.0958297778134	0.01286489795377	4.0837990094344e-08	0.0048647505569174	1.0726332938821	0.030896840538853	0.0011647881717588	0.0011647881660874
38.872	0.0051316165726831	116.74811017506	0.0012599377997375	0	0.099911031373777	3.0370472946896	1.4959495911574	3.650968070018	0.011774964796588	0.001298630875973	2.0329998281562	0.0040682588188762	0.060157879610321	1.1482825429639	1.9569484375882	0.00021828670322464	0.026868078921241	7.0948624180987	0.012710405205649	4.0022343782072e-08	0.0048283934519059	1.0724367871897	0.030265135439573	0.001179870886551	0.0011798708808061
39	0.0051049218833814	116.74990730069	0.0012533781067723	0	0.099665592032409	3.0292824606127	1.4959265146808	3.6512067342348	0.011746035847974	0.00129192604492	2.0330409029289	0.0040454065522846	0.060183153439645	1.1482253056144	1.95680071828	0.00021716197274269	0.026525332039501	7.0945444307214	0.012675021680385	3.976023512269e-08	0.0048165292279532	1.0723723859146	0.030061825568839	0.0011847467472019	0.0011847467414332
39.2	0.0050629173598359	116.7527061146	0.0012428509514152	0	0.0992823036571	3.0171896510975	1.4958881110783	3.6515748953809	0.011700859494319	0.0012812713233817	2.0331036168811	0.0040087422580549	0.060522775124754	1.148135530348	1.9565696132897	0.00021535362354271	0.025988577603816	7.0940453910228	0.012877746950862	3.934483810335e-08	0.0047980018727825	1.0722715116108	0.029736640295894	0.0011923534918972	0.0011923534860915
39.48	0.0050070444661434	116.75660569034	0.0012289706611552	0	0.098746305697741	3.0003408185989	1.4958296157891	3.6520807574134	0.01163768457226	0.0012671730234475	2.033188500625	0.0039602860857509	0.060091624356101	1.1480091687564	1.9562454909167	0.00021296736228954	0.025268190033214	7.093342460094	0.012741959892226	3.8789748128581e-08	0.0047720934469515	1.0721298045197	0.029305533609897	0.0012029388404769	0.0012029388346196
39.872	0.0049299326931658	116.76202852309	0.0012098951249493	0	0.097997528168158	2.9769105221557	1.4957386651779	3.6527706811806	0.011549431568502	0.0012477432002522	2.0333017762217	0.0038938427628558	0.060022345630286	1.1478309731689	1.9557906246639	0.00020969043323643	0.024293104244222	7.0923499944156	0.012588032829219	3.802913570704e-08	0.0047359009575389	1.0719304808654	0.028716305530031	0.0012175690634893	0.0012175690575607
40	0.0049050153550004	116.76379008148	0.0012037509237022	0	0.097753556394006	2.9692994394446	1.4957067783888	3.6529914392726	0.011520676590488	0.0012414739603745	2.0333373935372	0.0038724674131663	0.060045961193162	1.1477724641858	1.9556418220962	0.00020863497076145	0.023982724185564	7.0920238200906	0.012552853366852	3.7785125717012e-08	0.0047241086953005	1.0718651606571	0.02852732771525	0.0012222865732378	0.0012222865672863
