# Time [h]	All Liquid [L/h]	MS [g/L]	Butyric [g/L]	AA [g/L]	Propionic [g/L]	Valeric [g/L]	LCFA [g/L]	Acetic [g/L]
0.2	-1.3088195395052	0.062767642088587	0.012097748675919	0.041041724049441	0.028663613526722	0.0036056453074693	0.066252242349226	1.6197083543623
0.48	-1.286730294471	0.056564154450985	0.01846842169513	0.047073564495108	0.055915645859923	0.0061102897055597	0.14268180574785	1.6628889539695
0.872	-1.2626417102734	0.04727357477471	0.017822893224051	0.040600301050476	0.069623699566351	0.0060895711009713	0.23064581970265	1.7215583772745
1	-1.2540173980273	0.044600347537792	0.0170315060024	0.03810319705936	0.070578237025587	0.0058410110415554	0.25535417786582	1.7342808537943
1.2	-0.71133726175618	0.040820179141342	0.015295120528408	0.034467091458129	0.068412140453498	0.0053649400700106	0.29047488935335	1.7310175537093
1.48	-1.2693629805827	0.036115475971376	0.013324103489262	0.029973505227115	0.062017826292014	0.004735102367523	0.33176732743299	1.7041403113593
1.872	-1.1968044831738	0.030578632910221	0.011120700379061	0.024835063653084	0.050619488253166	0.0039836214303339	0.3776812843638	1.6374638269759
2	-1.1702946801416	0.028951416415097	0.010494218969022	0.023353264152775	0.046812163082414	0.003767816958602	0.39008522693144	1.6093036677214
2.2	-0.80761984187826	0.026611354360625	0.0095994147824786	0.021255013021927	0.041224567245388	0.0034548942612953	0.4078343810353	1.5627759219294
2.48	-1.0623947577555	0.023763463062616	0.0084959969569283	0.018720759662687	0.034308480617576	0.0030631332576016	0.42707192500117	1.4812292838499
2.872	-0.96144188841309	0.020334948478199	0.0072009160757733	0.01574392466804	0.026769007303459	0.0025989893522627	0.44634214141016	1.3482391784444
3	-0.92680632710937	0.019327756844919	0.0068264627979081	0.014878530701856	0.02472136269622	0.0024646778497283	0.45098671521012	1.3010517549828
3.2	-0.68426039334961	0.017878415810477	0.0062891893932637	0.013644107867816	0.021983955242509	0.0022703694287891	0.45751946745941	1.2266960312822
3.48	-0.79342139210938	0.016086649203813	0.0056174286568778	0.012122918190388	0.018846319249974	0.0020251663993815	0.46272347807407	1.1136033489841
3.872	-0.67961635729655	0.013935662992739	0.0048224294294305	0.010321746219916	0.015495588055391	0.0017331443688465	0.46526682603028	0.94810295359732
4	-0.64220792606283	0.013304454434001	0.0045917642523313	0.0097967720190351	0.014574201998304	0.0016483670950503	0.46509150259652	0.89299540597311
4.2	-0.44224845392904	0.01239668671446	0.0042604333014586	0.0090448632923786	0.013308490243377	0.0015259393161499	0.46466567836048	0.80833462306217
4.48	-0.50474698893717	0.011272438118233	0.0038450253490811	0.0081125074152611	0.011791780062215	0.001371380826864	0.46133891594757	0.68827665726048
4.872	-0.39714333256836	0.0099316355927514	0.0033535830834795	0.0070071842120105	0.010083201947657	0.0011875311038288	0.45394845878322	0.52625693813903
5	-0.36357034547201	0.0095395971877621	0.0032112289741228	0.0066853332143373	0.0096001667275749	0.0011342149956962	0.45097179306446	0.47550669960183
5.2	-0.31352374022135	0.0089837006089225	0.0030066883090052	0.0062258992931749	0.0089201703209286	0.0010571517586556	0.44584018197156	0.40000815975033
5.48	-0.24989093966146	0.0082980839800217	0.0027542078945405	0.0056580173581506	0.0080998122426821	0.00096145156052492	0.43782423738179	0.30448603339932
5.872	-0.17726662197266	0.0075013125096226	0.0024588960546475	0.0049914439774803	0.0071645530608273	0.0008484962240963	0.42537803590138	0.1974005675098
6	-0.15771438306641	0.0072712161958728	0.00237433705459	0.0047988202877609	0.0069000773707239	0.00081599872402703	0.4210813425209	0.16889991862926
6.2	-0.086054439804687	0.0069562345425675	0.0022553216387606	0.0045281846931438	0.0065318979161813	0.00076980125250558	0.41455829592635	0.13271692197633
6.48	-0.1059233430778	0.0065844267463294	0.002111508862268	0.0041996655960081	0.0060919143261351	0.00071313633767861	0.40477817692547	0.097319461134517
6.872	-0.084678390009766	0.0061890047376936	0.0019523477378131	0.0038287325904622	0.0056115990332763	0.0006486220674168	0.39096328969427	0.070258749033686
7	-0.080291900611979	0.0060800970103812	0.0019086099925467	0.0037239486834175	0.0054807908375734	0.00063052182351103	0.38645888466253	0.06483877564371
7.2	-0.055589348447266	0.0059545000800236	0.0018503950582991	0.0035842846635952	0.0053071740667457	0.00060555739777839	0.37964562120728	0.058951521138964
7.48	-0.071089951339518	0.0058436281545684	0.0017885623602275	0.0034290706832554	0.0051229745026404	0.00057703006104906	0.3701638740235	0.054092700743591
7.872	-0.068500165340169	0.0058167333335245	0.0017389756054037	0.0032857654086801	0.0049753136651023	0.00054896148165651	0.35758848191281	0.05094781334369
8	-0.068099003862305	0.0058257205915823	0.0017296225457482	0.0032513860113211	0.0049476309467338	0.00054204691049985	0.35366148810263	0.050408147992623
8.2	-0.052913624280599	0.0058981589176559	0.001724827760128	0.003221541133797	0.0049319602975945	0.00053407279614032	0.34787056008928	0.049962421974251
8.48	-0.068933848421224	0.0060817436941927	0.0017386847633896	0.0032192261330098	0.0049679015100873	0.00052874046419229	0.34018449584758	0.049968650070496
8.872	-0.071717767260742	0.0064989760872406	0.0017957269542446	0.0032858535653664	0.0051260797989049	0.00053166577752891	0.33056574509692	0.050965567678504
9	-0.072832350442708	0.0066517073255287	0.0018202203842426	0.0033165531300416	0.0051953045760521	0.00053427495632449	0.32767690502802	0.051449217762498
9.2	-0.059523498971354	0.0069649589188247	0.0018671313828522	0.003386816892689	0.005327023292034	0.00054043020057383	0.32352230163721	0.052402692627797
9.48	-0.079128390919596	0.0074949537957127	0.0019511865878826	0.0035173753841042	0.0055618194838017	0.00055332250335225	0.3181414861267	0.054114139173614
9.872	-0.085845111616211	0.0083569874093144	0.002096008781744	0.003736935297832	0.0059695692527344	0.00057745117139116	0.31153436393669	0.057145851386063
10	-0.088064808149414	0.0086317992889707	0.0021455783350382	0.0038069044915583	0.0061113424480698	0.00058581916365133	0.30955602247582	0.058221620547405
10.2	-0.091807426922201	0.0090979283236151	0.0022257070009559	0.0039209778548747	0.006341741312607	0.00059932091899296	0.30663189852051	0.060005968238835
10.48	-0.097140286658529	0.0097461702348173	0.0023418075674069	0.0040735302348747	0.0066791975493599	0.00061860692467062	0.30281833966598	0.062672017424318
10.872	-0.10405483127604	0.010538150098267	0.002500839273627	0.0042421194160166	0.0071557978699277	0.00064398655588011	0.29787575357263	0.066582382027905
11	-0.10603135173665	0.010748572036463	0.002548738411315	0.0042815153568051	0.0073044854319263	0.000651231216591	0.29632730816661	0.067849681665833
11.2	-0.085896230913086	0.011036784358218	0.0026183789254225	0.004326429111166	0.0075266472094786	0.00066122737727694	0.29403254061955	0.069810826745235
11.48	-0.11225997979004	0.011347337038087	0.0027053705151115	0.0043562258850763	0.007817722106879	0.00067258213120962	0.29079369677498	0.072507088039263
11.872	-0.11575272141927	0.011588682279292	0.0027997973489697	0.0043314528920672	0.0081670751767192	0.00068184568690774	0.28634949636165	0.076065960107277
12	-0.1166184293278	0.011628074967296	0.0028233537552555	0.0043101861459059	0.0082642397823647	0.00068315737769861	0.28491127174514	0.077151607093343
12.2	-0.092517466982422	0.011652020857388	0.0028521664022586	0.0042635360073559	0.0083966688532167	0.00068332581915045	0.28274712634949	0.078758091822257
12.48	-0.11881753266276	0.011634442269024	0.0028794406979823	0.0041802879125832	0.0085500851210527	0.0006805184966278	0.27962415860831	0.080856736761839
12.872	-0.11969810042806	0.011526921405676	0.0028919991355818	0.0040360375025578	0.0086969801493408	0.00067067000050166	0.27526335703594	0.083440637980626
13	-0.11985872795085	0.011478986610465	0.0028907683544219	0.0039851742858991	0.0087295100175394	0.00066626222024505	0.27384115907453	0.084194099983305
13.2	-0.093437732695312	0.011390000265667	0.0028830624317809	0.0039015036580811	0.0087629522253091	0.00065808358804825	0.27169498370103	0.085266173218064
13.48	-0.11999097847493	0.011258563744627	0.0028652413090367	0.0037838107544372	0.0087867442026622	0.0006451463022788	0.26858667322521	0.086617878265811
13.872	-0.11973512335286	0.01105745319671	0.0028273260070819	0.0036189962534491	0.0087737984203964	0.00062443385472544	0.26423888485551	0.088178749272456
14	-0.11959695437174	0.010990123371217	0.0028126359206973	0.0035663340312717	0.0087601036339672	0.0006172762368536	0.26282072160058	0.088610947307054
14.2	-0.092444130037435	0.010880082272998	0.0027867452017961	0.0034842193214655	0.0087270196156079	0.00060556957476099	0.26067976739167	0.089190691031231
14.48	-0.11885402812988	0.010733251229709	0.0027489796772657	0.003375326444342	0.0086701156593697	0.0005891593239686	0.25758280416915	0.089889904745488
14.872	-0.118086340389	0.010528764970626	0.0026923635415092	0.0032317175858518	0.0085665916088486	0.0005660812248502	0.25325598451499	0.090605828514439
15	-0.11780615872396	0.01046295374291	0.0026733946647372	0.0031872098922261	0.0085282610920387	0.00055864297294249	0.25184606721873	0.090780210211704
15.2	-0.11734184727214	0.01036129196105	0.0026434522069474	0.0031200813527789	0.0084644556004203	0.00054716255300847	0.24964618493605	0.090996350846627
15.48	-0.11664341719564	0.010221723272281	0.0026013134798927	0.0030310848878306	0.0083685382383174	0.0005314841193766	0.24657328143763	0.091190398288595
15.872	-0.11558355806641	0.010032168930743	0.0025427684000876	0.0029160825722271	0.0082248075430757	0.00051052163641401	0.24228623242465	0.091267639265689
16	-0.11521992567057	0.009971708445874	0.0025239334372501	0.0028807802880608	0.0081763331843558	0.00050395877446687	0.24089052767378	0.091249706004852
16.2	-0.087189847420247	0.009875045042075	0.002493876544902	0.0028267143805559	0.0080961477194808	0.00049379767498139	0.23878339700155	0.091153842622291
16.48	-0.11376235622396	0.0097496537849566	0.002454080041569	0.0027571692912726	0.0079869487418236	0.00048048208392758	0.23574448636055	0.090981280869795
16.872	-0.11253161813802	0.0095779955716896	0.0024003172417038	0.0026674627121848	0.0078327947478955	0.00046308918340026	0.23150817996781	0.090602008006562
17	-0.11211721803385	0.0095229524750154	0.0023832555592799	0.0026398829369145	0.0077824734099368	0.00045771074747422	0.23012988814507	0.090448052529157
17.2	-0.085655998271484	0.0094348409477891	0.0023562386481995	0.0025975152715167	0.0077011130980705	0.0004494346281166	0.22804467275343	0.090153149498162
17.48	-0.11049429554525	0.0093200213285709	0.0023207079176221	0.002542971560683	0.0075921240611613	0.00043867913340687	0.22504655789991	0.089724481415933
17.872	-0.10915090803385	0.0091620739355887	0.0022730067314669	0.0024721616046249	0.0074418241788962	0.00042472790440461	0.22086981866569	0.08903037305083
18	-0.10870375610189	0.0091112021961419	0.0022578965526247	0.0024502527092379	0.0073934010819738	0.00042042409582524	0.2195114806735	0.088783367760899
18.2	-0.082768346586914	0.0090295483855706	0.0022339486165301	0.0024163550457906	0.0073157525797272	0.00041379222443097	0.21745378116104	0.08835272159139
18.48	-0.10697561606283	0.0089227842602993	0.0022024860033259	0.002372571207981	0.007212542486455	0.00040519252737011	0.21450088993708	0.08775136822104
18.872	-0.10556196677083	0.0087750362276993	0.0021601373099222	0.0023150933421747	0.0070714872333337	0.00039400980074402	0.21038874057332	0.086847419601303
19	-0.10509450509766	0.008727220065633	0.002146677518972	0.002297145405099	0.0070262440769286	0.0003905472214728	0.20905173288651	0.086538881768609
19.2	-0.079804475732422	0.0086503120450174	0.0021252703359763	0.002269142010815	0.0069538894230359	0.00038518333739676	0.20702315352665	0.086019702776307
19.48	-0.10330241682292	0.0085492890942146	0.0020970607353477	0.0022327600541698	0.0068578987430876	0.00037820981706269	0.20411767079632	0.085305638069694
19.872	-0.10184593785482	0.0084087028233405	0.0020588396296302	0.0021843610282092	0.0067269017406312	0.00036906414455184	0.20007232357942	0.084266129273341
20	-0.10136614950684	0.0083630070736188	0.0020466244155502	0.0021690927903864	0.0066848771325	0.00036621098468593	0.19875717774238	0.083918104820513
20.2	-0.10061421549316	0.0082920790382018	0.0020277860510152	0.0021457739093722	0.0066199474265113	0.00036187787672227	0.19670805680318	0.083366397937778
20.48	-0.09955710112793	0.0081936130329623	0.0020018891821957	0.0021141363310533	0.0065305026492372	0.00035604865419476	0.19385112968855	0.082579243985567
20.872	-0.098069203463542	0.0080571418178055	0.0019664782366734	0.0020715910250126	0.0064079776086267	0.00034830357790386	0.18987454597999	0.081451876567159
21	-0.09758098968099	0.0080127638880289	0.0019550964177641	0.0020580564695674	0.0063685693545728	0.00034586430551956	0.18858176715755	0.081078290994597
21.2	-0.072734029148763	0.0079412580073517	0.0019368365396009	0.002036604302943	0.0063053836848444	0.00034202341976882	0.18661460209512	0.080466628013708
21.48	-0.095725812900391	0.0078466882388546	0.001912575478795	0.0020083954130546	0.0062213095484771	0.00033697293438761	0.18380575168371	0.079634846462797
21.872	-0.094226785654297	0.0077140178204543	0.0018792388519647	0.0019699398415568	0.0061058575897831	0.00033018968329906	0.17989493392687	0.078454824432208
22	-0.093734586028646	0.0076706213719534	0.0018684708528556	0.001957587847476	0.0060686103377152	0.00032803431069129	0.17862346171996	0.078065989974109
22.2	-0.070611998723958	0.0076008100690079	0.0018511879840304	0.0019379341055722	0.0060089334138781	0.00032462349039349	0.17668332979987	0.077435165169911
22.48	-0.091868063330078	0.0075077534992665	0.0018280439122955	0.0019118391247744	0.0059290241491874	0.00032009606034945	0.1739206195666	0.076575757168745
22.872	-0.090358505797526	0.0073769444629753	0.0017960356669006	0.0018759197221948	0.0058187626652659	0.00031394347966159	0.17007368758315	0.075362545268283
23	-0.089863133264974	0.0073340796739416	0.0017856510214783	0.0018643042543885	0.005783064510495	0.00031197192101197	0.16882286884851	0.074963972646265
23.2	-0.067439512141927	0.0072652353039208	0.0017689654319801	0.0018457674907408	0.005725828360483	0.00030883593662246	0.1669103002088	0.074320557584989
23.48	-0.087987769117839	0.0071731014470799	0.0017465062521557	0.0018210009938069	0.00564884026898	0.00030464221232799	0.16419218266418	0.07344317099131
23.872	-0.086470661977539	0.0070434567543297	0.0017153061361356	0.0017866789148325	0.0055421790496654	0.00029888852581354	0.16040688074117	0.072207908697816
24	-0.0025084136539714	0.0069759264061162	0.0017321151108202	0.0017719274307523	0.0055368626168196	0.00029924402014495	0.15916882768608	0.072025542224915
24.2	0.0072349208414714	0.0069258407233305	0.0023103668299099	0.0017537164959677	0.0065318657007983	0.00034244573434159	0.15736225280166	0.087290562133995
24.48	-0.024954103696289	0.0071504575827459	0.002924828129075	0.0017719537868297	0.0077150873361593	0.00038700062198524	0.15488038930264	0.10725890266978
24.872	-0.046428751445312	0.0080915345373293	0.0035754019358673	0.001909653013199	0.0091581642767063	0.00043438695057521	0.15160568637808	0.13345695276623
25	-0.054061533129883	0.0085297936075949	0.0037633830600916	0.00198245434104	0.0096129584100315	0.00044896928109562	0.15059381704373	0.14171227442549
25.2	-0.12933651149902	0.0093335666105616	0.0034305833697262	0.0021243725460666	0.0092472580481535	0.00042416246392118	0.14900835062323	0.13821193808433
25.48	-0.14436848954102	0.010437562886748	0.0031323614233509	0.0023425763481844	0.0089419122532676	0.00040657908421643	0.14682429529457	0.13380657076411
25.872	-0.14893317477051	0.011733016575259	0.0029388488071415	0.0026396037905032	0.0088208953022083	0.00040576874636115	0.14386063228474	0.1284519395047
26	-0.15013992330241	0.012092736292068	0.0029114129757818	0.0027298158606279	0.0088342636485465	0.00040931984500511	0.14291104989314	0.12688093728146
26.2	-0.15173525956706	0.012592503678987	0.0028963360841465	0.0028621018997017	0.0088983000856337	0.00041782203349212	0.14144336407968	0.12459713667536
26.48	-0.15350401774089	0.013183787151465	0.0029159027710356	0.0030285796670868	0.0090545490935767	0.00043385394543281	0.13941887571153	0.12173304533877
26.872	-0.15536556725098	0.013849938002603	0.0029904323083151	0.003226639420433	0.0093570237713508	0.00046032231947312	0.13664053663347	0.11833640400628
27	-0.15587824155599	0.014037740639266	0.0030207860742453	0.0032837316705401	0.009467387566072	0.00046924213682378	0.13574682602081	0.11736582629478
27.2	-0.15660120897135	0.014304974367796	0.0030719894025731	0.0033657830423922	0.0096478516344622	0.00048316737741188	0.13436365904262	0.1159828399619
27.48	-0.157495375	0.014633468900678	0.0031472979168427	0.0034674140496002	0.0099094972212689	0.0005021247210229	0.13245394989612	0.11430271234623
27.872	-0.15857304269531	0.015018205641842	0.0032521819511368	0.0035870860072194	0.010278008618266	0.00052672351894471	0.12983134267387	0.11240119996618
28	-0.15888645752604	0.015127542730785	0.0032850457382412	0.003621269863962	0.010395747715281	0.0005341584359739	0.12898710212046	0.11187593473654
28.2	-0.12339708647135	0.015275207247898	0.0033329852162938	0.0036682985589191	0.010571067724151	0.00054490565253784	0.12771220620555	0.111084719848
28.48	-0.15983247627604	0.015466145798335	0.0033978683649233	0.0037284172278425	0.010813763643607	0.00055895500670141	0.12590480297355	0.11022401837233
28.872	-0.16044979208333	0.015674122165773	0.003478413256489	0.0037964587059075	0.011128864040874	0.00057600696787711	0.1234163451966	0.10928506655948
29	-0.16060401430827	0.015728726056078	0.0035019374184529	0.0038150446637098	0.011224448283942	0.00058094246002924	0.12261369944766	0.10902963917351
29.2	-0.12586328408203	0.015793586053773	0.0035342138857435	0.003838774306147	0.011360835560801	0.00058777570270971	0.12139665945877	0.10861949276804
29.48	-0.16091070991211	0.015873845711697	0.0035759840150633	0.003868364883792	0.01154303252528	0.00059648518382398	0.11967237392285	0.10820173762757
29.872	-0.16095687320312	0.015936841493136	0.0036230993509838	0.0038970923971289	0.011764408114397	0.00060639291046803	0.11729088523745	0.1077256760622
30	-0.16091815949382	0.015946579727041	0.0036357172701551	0.0039036051410762	0.011828022746733	0.00060909363529131	0.11652085221758	0.10758633349995
30.2	-0.16080511318359	0.015951603439732	0.0036527101259192	0.0039110478310863	0.011918724898648	0.00061279583282652	0.1153249459395	0.10738033898553
30.48	-0.16054013147135	0.015939032423338	0.003671070238329	0.0039161744378117	0.012027832992222	0.00061696099609789	0.11366473140749	0.107104994249
30.872	-0.15996308011393	0.015886293326692	0.0036866256360147	0.0039137890164849	0.012145779446808	0.00062091741893356	0.1113658027026	0.10671792972197
31	-0.15972452167318	0.015861207968276	0.0036893593874502	0.0039108605403017	0.012175874555233	0.00062178043835015	0.11062081948947	0.10658444253306
31.2	-0.12288913768555	0.015806609854422	0.0036894737426691	0.0039022525183915	0.012208156425908	0.00062240863240865	0.10948203768099	0.10630807224134
31.48	-0.15855942867187	0.015731568142976	0.003688056133506	0.0038897273400658	0.012246218991783	0.00062293872105014	0.1078704263845	0.10597873016464
31.872	-0.15742993992513	0.015598320776331	0.0036781940812319	0.0038649237981375	0.012268753682314	0.00062225503645268	0.10563223795958	0.1054519197199
32	-0.15701490653483	0.015548939465036	0.0036731699038063	0.0038552329959386	0.012268868327545	0.00062170820800977	0.10490572691652	0.10525998167595
32.2	-0.12181100377604	0.015459345587904	0.0036618018416649	0.0038367852970161	0.012255739050376	0.00062025021417772	0.10379006105329	0.10488429462652
32.48	-0.15522329125	0.015338767149557	0.0036452462170008	0.0038114089740739	0.012232619026801	0.00061804208151227	0.1022148209351	0.10439073012728
32.872	-0.15362021386068	0.015150896344767	0.0036163305545907	0.0037708713891221	0.012175275242924	0.00061391180361191	0.10002362003473	0.1036034670273
33	-0.15305903984049	0.015085662239945	0.0036056026504519	0.003756556687385	0.012150825645314	0.00061233153874091	0.099311610254941	0.10332128096019
33.2	-0.11826832893717	0.014973750749465	0.0035858926057487	0.0037314860304948	0.012100948815142	0.00060935638010189	0.098213931066592	0.10280149864167
33.48	-0.15076368682129	0.014825152763689	0.0035586195703079	0.0036977157411716	0.012029562961789	0.00060519583433359	0.096668078403249	0.10209868424475
33.872	-0.14879610791016	0.014605194168899	0.0035166664554878	0.0036472939135483	0.011911220475501	0.00059867427800453	0.094515938625297	0.10101330642513
34	-0.14812493979655	0.014530999335241	0.0035021373147817	0.0036301644546391	0.01186846167531	0.00059639262405131	0.093816284476267	0.10063407076182
34.2	-0.14705388710937	0.014413736002013	0.0034786635413586	0.003602885414937	0.011797764115427	0.00059268501840978	0.092726215659344	0.10001719959251
34.48	-0.14551153196615	0.014247148824169	0.0034444075406261	0.0035637828148983	0.011691515513895	0.00058723252874551	0.091206494626569	0.099105118845044
34.872	-0.14327781018717	0.014010381131547	0.0033941874481982	0.0035076366792701	0.011530330855517	0.00057916446492213	0.089091349508976	0.097737849543247
35	-0.14253050484863	0.013932132344669	0.0033773338637559	0.0034889996355498	0.01147506703811	0.0005764415648285	0.088403731239948	0.097270407963252
35.2	-0.1080869395638	0.013803410278366	0.0033489994747149	0.0034580858675816	0.011380485221649	0.0005718402533056	0.087336820170477	0.096468761108851
35.48	-0.13962655779134	0.013635147234801	0.0033110850188139	0.0034172979436055	0.011252352329642	0.00056565635777587	0.085843637126377	0.095382469799373
35.872	-0.13725149749349	0.013396586121638	0.003257154509945	0.0033595525261907	0.011066473242349	0.00055681261570293	0.083765383310926	0.093794748628324
36	-0.13646406217122	0.013318189393571	0.0032393629660294	0.0033405692908341	0.011004413780814	0.00055388711936504	0.083090052858801	0.093261299662103
36.2	-0.13522842879883	0.013196209196721	0.0032114140418511	0.0033109136569578	0.01090626038521	0.00054928347303858	0.082038287754807	0.092414113411298
36.48	-0.13348939535482	0.013026427806436	0.0031720910332867	0.0032694638758592	0.010766895868947	0.00054278890117087	0.080573020730721	0.091202837300182
36.872	-0.13104377982422	0.012791074008749	0.0031169110481578	0.0032117451907006	0.010569144073909	0.00053364243113337	0.07853631140837	0.089465509420034
37	-0.13024205073568	0.01271453994333	0.003098903919984	0.0031929628832462	0.010504148676038	0.00053065108160501	0.077874997161861	0.088889702784241
37.2	-0.098157143723958	0.012590774303828	0.0030694712536305	0.0031624416483548	0.010397441368652	0.00052575220070277	0.076844480704583	0.087939057310776
37.48	-0.12720593356445	0.012429648082495	0.0030304755659799	0.0031224074083409	0.010255121077593	0.00051924247574781	0.075411707697487	0.086660450931633
37.872	-0.1247849633724	0.012205203034989	0.0029764767360573	0.0030668733517094	0.010056740672743	0.00051020597565145	0.07342201884201	0.084856382422883
38	-0.12399520319336	0.012132274259738	0.0029589761960846	0.0030488588768782	0.0099922221230565	0.00050727464099608	0.072776655552614	0.084265030795358
38.2	-0.094425912871094	0.012015020972652	0.0029306290401669	0.0030197835441632	0.0098875936670211	0.00050252235798657	0.071770018874897	0.083302430480005
38.48	-0.12102985047852	0.011861967814203	0.0028930491156364	0.002981564110444	0.0097482852351386	0.00049620826921796	0.070374311181053	0.0820103657066
38.872	-0.11868377804199	0.011649868356747	0.0028413263043882	0.0029288128236913	0.0095560187326461	0.00048750421704809	0.068439281238736	0.080209793380508
39	-0.11792277812012	0.011581180995333	0.0028246348464158	0.0029117607191504	0.0094939052866187	0.00048469399176544	0.06781244703322	0.079624677128045
39.2	-0.089534880963542	0.011471107865837	0.0027977230672955	0.0028843405614854	0.0093938357024148	0.00048016075499539	0.066833830624774	0.078680492158102
39.48	-0.11508479265951	0.011327532532035	0.0027621028754657	0.0028483327597848	0.0092609959522152	0.0004741483602	0.065481051177464	0.077418416845837
39.872	-0.11285527642904	0.01112918306917	0.0027132974277805	0.0027988105299037	0.0090789044197037	0.00046590075733835	0.063609031649385	0.075676762270212
40	-0.11213518820638	0.011065087883553	0.0026975950332984	0.0027828411781247	0.0090203445133625	0.00046324665855198	0.063003478491859	0.07511460827202
