# Time [h]	All Liquid [L/h]	MS [g/L]	Butyric [g/L]	AA [g/L]	Propionic [g/L]	Valeric [g/L]	LCFA [g/L]	Acetic [g/L]
0.2	0.26176390790104004	0.01643030328284233	0.00316675397021319	0.010743242074177775	0.007503099491319863	9.43827806188211E-4	0.017342445864540177	0.4239811884978382	
0.48	0.6220483903529199	0.03680949039454366	0.009820639722346173	0.027703116895462954	0.027648639020924824	0.003145270370386837	0.06874848640370398	1.0230942746536875	
0.872	1.1170039407800927	0.060207808617820366	0.018642179648261065	0.04779846124941022	0.062109275562564195	0.006159337386533492	0.18290791504835557	1.8751891488700982	
1.0	1.277518167727587	0.06736679892443863	0.021375978667987912	0.053914566469621436	0.07343808671804332	0.007096902758460536	0.22389589350630065	2.153565899426731	
1.2	0.14226745235123595	0.005807382890959788	0.002175997830981696	0.004903545291705059	0.009732820932214087	7.632563557774695E-4	0.04132512248030825	0.24626745734149086	
1.48	0.497689086914392	0.01864360439373263	0.0069116724722238475	0.015556777513113577	0.03177529812497558	0.002446214179066364	0.15924240829119135	0.8519557923297789	
1.872	0.9668364443185218	0.03298948921659377	0.01212891966754342	0.02720808199692129	0.055523297272097795	0.004315119646005973	0.3364305847914658	1.6201676196003756	
2.0	1.1166341633766466	0.03732634535907725	0.013700929732399421	0.030706347699568856	0.06253565252602036	0.004879530032233073	0.3948644620240665	1.8612376382969156	
2.2	0.16152396837565214	0.004298371560178865	0.001550535569749841	0.003433194051177811	0.006658755696043996	5.580482314026841E-4	0.06587502766484946	0.25242576859195504	
2.48	0.45899450054719193	0.011367301563653976	0.004077844305855085	0.009002068390692808	0.016864517683351288	0.0014692401116537745	0.19291634047047143	0.6930478319268536	
2.872	0.8358797208051232	0.01903124309979369	0.006791763147131783	0.01493572090693134	0.0269533608970016	0.00244876078612932	0.36113609674623626	1.2011792516552435	
3.0	0.9545109306751227	0.021324118278379597	0.007601594687980162	0.01670077900518045	0.02988608606328925	0.002741148501382377	0.4146371964069097	1.3555245954523392	
3.2	0.1368520786699221	0.0024466983669889776	8.606886416169635E-4	0.0018672245233072584	0.0030085499723238878	3.1070477567843205E-4	0.06261249015377605	0.16787590177711287	
3.48	0.3590100684605484	0.006020476016575052	0.002108645299821193	0.004560427658880073	0.007195410371850494	7.606116719565467E-4	0.16541020787163838	0.4152717832115298	
3.872	0.6254196805207959	0.009733070588272998	0.0033933868533036937	0.00731024006511222	0.011323583974332616	0.0012223379909053454	0.28936176249886797	0.6678555232725667	
4.0	0.7076222950568382	0.01082673152772352	0.003770841880178462	0.008115560339090448	0.012521621483369617	0.001357838075833661	0.3275935000107984	0.7412620804122309	
4.2	0.08844969078580808	0.0010964831066625222	3.7683400812757266E-4	8.000153614107933E-4	0.0011771318468526393	1.3496886067136608E-4	0.04109953556976221	0.07149694746131166	
4.48	0.2297788476882158	0.0026896072821469556	9.202481989815905E-4	0.0019465491947741752	0.002843654181424106	3.2878495672418196E-4	0.10630017560690302	0.16877050714754274	
4.872	0.3854590340550127	0.004235766162153607	0.0014423346384142164	0.0030374289388064466	0.004413408939809398	5.136600202846176E-4	0.1769709562711949	0.25069828535384686	
5.0	0.43199603827543004	0.004679710436741573	0.0015917756147356956	0.003348544318816958	0.004860171939327261	5.664429883261923E-4	0.19795783250832485	0.2728269426400539	
5.2	0.06270474804427005	5.633206831876408E-4	1.8853363286382345E-4	3.903934465275311E-4	5.593370324858034E-4	6.628843467105638E-5	0.02795629627853818	0.025082410872796567	
5.48	0.13267421114947892	0.001143933164071694	3.8124408052495E-4	7.862818833172809E-4	0.0011260765463592675	1.3356068416265027E-4	0.05859062310258954	0.046387135152781686	
5.872	0.20216272696276155	0.0016651882370169787	5.52109117901541E-4	0.001133129917077535	0.0016239307050216678	1.925214274482766E-4	0.08814951147694569	0.060104207609737385	
6.0	0.22235016799526205	0.0018119754852057234	6.000409071823576E-4	0.0012300058186622753	0.0017632256100628477	2.0899435357216793E-4	0.0966500662489725	0.06351386475745971	
6.2	0.017210887960937414	1.1972297334213197E-4	3.8816088040586454E-5	7.793407942012971E-5	1.1241976320767692E-4	1.3248963109062829E-5	0.007134916384465548	0.0022841760746550883	
6.48	0.04686942402272144	3.1500743144431773E-4	1.0144034977693848E-4	2.0249001294676963E-4	2.9309702393465355E-4	3.439954289707247E-5	0.019140044541832796	0.00517052882222655	
6.872	0.08006335290654967	5.20444814568995E-4	1.6624644174240944E-4	3.2958069026976734E-4	4.793680431697863E-4	5.592985767538736E-5	0.032117652176131925	0.007502692741117457	
7.0	0.090340716184883	5.82932180312191E-4	1.8586191999246893E-4	3.6785306371912006E-4	5.356961216600889E-4	6.240995951052738E-5	0.03608943052594826	0.008169064392930216	
7.2	0.011117869689453209	6.62013559555411E-5	2.0572451132177566E-5	3.984960981975707E-5	5.900446969332414E-5	6.732508237984522E-6	0.004220850544754053	6.55415330018048E-4	
7.48	0.031023056064518266	1.8251986347880258E-4	5.61741182559322E-5	1.0810590086322749E-4	1.6097823196308753E-4	1.821839914718123E-5	0.011589031446507922	0.001732140619849847	
7.872	0.05787512087786448	3.387111639525538E-4	1.0286920392106033E-4	1.9633548657855654E-4	2.9457567696514154E-4	3.29591484326524E-5	0.021191020539336775	0.0031001946058528762	
8.0	0.06659179337223953	3.8949206239311353E-4	1.1794575719123461E-4	2.2467675359203495E-4	3.3770255555085483E-4	3.768399382806742E-5	0.024273771905000716	0.00353958592295256	
8.2	0.010582724856119764	6.241859298322154E-5	1.8253377609631965E-5	3.409268343164576E-5	5.2193578830749146E-5	5.651945454691548E-6	0.0036814184229691277	5.287385648988503E-4	
8.48	0.029884202414062564	1.7980523240984208E-4	5.1812562550533416E-5	9.62285043918774E-5	1.480814183377693E-4	1.5857417658275292E-5	0.01024748183513128	0.0014932073428352258	
8.872	0.05799756718027339	3.625133177573187E-4	1.0229648943572864E-4	1.8860490424337737E-4	2.921927695450874E-4	3.080433159565663E-5	0.01954079720625526	0.0029260209374980133	
9.0	0.06732010803694002	4.2452413106614873E-4	1.1926556833596772E-4	2.1952360630149578E-4	3.4062620871816023E-4	3.578513170468547E-5	0.02259557854116505	0.0034056583721324397	
9.2	0.011904699794270758	8.291574500803668E-5	2.2227638589317062E-5	4.0319038365627466E-5	6.341661308875269E-5	6.4336592975889775E-6	0.003851435877742496	6.238383241453688E-4	
9.48	0.034060649251757724	2.489735624920474E-4	6.54580300125704E-5	1.1824982959884894E-4	1.866440044635294E-4	1.8693044715551593E-5	0.010900162564695453	0.0018227884566113762	
9.872	0.06771193300531239	5.301969171277699E-4	1.359914162769802E-4	2.440024996748679E-4	3.8752767327379E-4	3.8125017937858045E-5	0.021383693844512178	0.0037458197169422474	
10.0	0.07898422844843739	6.27497108918804E-4	1.60177009165899E-4	2.869150518274726E-4	4.5641653090254357E-4	4.4728544626780235E-5	0.024873100786058262	0.004402111024930114	
10.2	0.018361485384440133	1.6705147794274258E-4	4.086728656809784E-5	7.199497757499523E-5	1.164437904233336E-4	1.1004422294678464E-5	0.005630217123087474	0.0011017987087965477	
10.48	0.04556076564882836	4.3214029366397673E-4	1.0456276691926334E-4	1.827920680988114E-4	2.9811315650958857E-4	2.783008541228595E-5	0.013866658012859174	0.0028064324754551954	
10.872	0.08635025950903599	8.619861023951849E-4	2.0657073511623795E-4	3.5582597197268803E-4	5.899945297898914E-4	5.409797107941395E-5	0.026016859234314686	0.005522294138380424	
11.0	0.09992227253132721	0.0010078658620450958	2.4116224602501894E-4	4.1393475415038664E-4	6.891311011931315E-4	6.293648963150955E-5	0.030038617319612416	0.0064431509015074225	
11.2	0.01717924618261714	1.896036355542851E-4	4.498177615920965E-5	7.432479079236216E-5	1.2930212534134118E-4	1.1359387896926813E-5	0.005051257401003623	0.001199297378868425	
11.48	0.04861204052382847	5.462821469928838E-4	1.300191311774864E-4	2.112531431418268E-4	3.7503497654361014E-4	3.250052370481242E-5	0.014191715867452138	0.003478397765486683	
11.872	0.09398710732018224	0.0010721193794974797	2.570601229032408E-4	4.077931074446357E-4	7.456165582180866E-4	6.343931729305683E-5	0.02718484339196427	0.0069298957862831585	
12.0	0.10891426627414065	0.001245693502862852	2.9920477319119506E-4	4.721319411657225E-4	8.689781790830711E-4	7.363691606053339E-5	0.03143775923307841	0.008081550088918834	
12.2	0.018503493396484334	2.1560309099037659E-4	5.2775042189866484E-5	7.889031035778308E-5	1.553677066779609E-4	1.26439147822976E-5	0.00523180958528271	0.0014572998319528393	
12.48	0.05177240254205727	6.026682937979494E-4	1.4857089316110475E-4	2.1796392912385029E-4	4.3981971175717814E-4	3.528402281848976E-5	0.014534600312929852	0.004147315261089968	
12.872	0.09869405790985672	0.0011435305274467892	2.842682799248479E-4	4.0734148987038143E-4	8.478964170651402E-4	6.675296944755054E-5	0.027450412687153765	0.008062488120086218	
13.0	0.11403597508756554	0.0013196401893085716	3.2861820859833026E-4	4.6848170370338026E-4	9.818238367562092E-4	7.697470924918649E-5	0.03165166106952299	0.009354187028881819	
13.2	0.018687546539062332	2.128511600445844E-4	5.3877363368927794E-5	7.29095311827125E-5	1.6375807753004365E-4	1.2297967678244796E-5	0.00507731265234278	0.0015934155802203212	
13.48	0.05228502051204287	5.911104624278323E-4	1.50142233675597E-4	2.0003601452360016E-4	4.5897048718622453E-4	3.397325377782141E-5	0.0141011464155162	0.004503557490850702	
13.872	0.09922118886636393	0.0011101049472386384	2.828460831365434E-4	3.698978319491443E-4	8.707789669528261E-4	6.328178630935233E-5	0.026503507200852476	0.008642330111976163	
14.0	0.11452959902594666	0.0012783462635096443	3.259030674401533E-4	4.244927360659296E-4	0.0010048822264220473	7.273130412487098E-5	0.03052687460555166	0.009998822837981718	
14.2	0.018488826007486935	2.0115994809260298E-4	5.152364716320716E-5	6.441912480649982E-5	1.6135234723689998E-4	1.1196270503183796E-5	0.004819662862976752	0.0016490311679639555	
14.48	0.05176795388385347	5.583531882952571E-4	1.430072933724652E-4	1.767470451722388E-4	4.4988623496795214E-4	3.080297898508849E-5	0.013391793941674973	0.004640488802783458	
14.872	0.0980577993163414	0.001045728091380528	2.6763638555699185E-4	3.263427527027717E-4	8.464324364248019E-4	5.70067913856377E-5	0.025114974319726417	0.008834618599999348	
15.0	0.11313698763300829	0.0012035009412184427	3.0794900715133667E-4	3.744032908723927E-4	9.750316914453567E-4	6.543067397642015E-5	0.028912608594129596	0.010203510485208239	
15.2	0.023468369454427918	2.4316262776711536E-4	6.203751302776442E-5	7.322322191488648E-5	1.9864697126126507E-4	1.2841012945630773E-5	0.005858788900967659	0.002135535980673387	
15.48	0.05612852626920725	5.770057127570923E-4	1.4699681920545934E-4	1.722189296703417E-4	4.719647424351886E-4	3.019936762903543E-5	0.013911910939055375	0.005113828688781085	
15.872	0.10143728103123992	0.0010315507945714102	2.622064890616746E-4	3.0434299980121673E-4	8.446205303693218E-4	5.333046725402941E-5	0.024889598426200685	0.00924905177397985	
16.0	0.11618543151707289	0.0011786150513320116	2.994298392104647E-4	3.468291810061587E-4	9.652063225945111E-4	6.0762927098522774E-5	0.028442288178945306	0.010594816169927425	
16.2	0.01743796948404934	1.7220073409731658E-4	4.3488143086987484E-5	4.929215910825722E-5	1.4118037687066182E-4	8.610828787619994E-6	0.004163897590210667	0.0015895379260013464	
16.48	0.04929142922675827	4.827609384417814E-4	1.2165908289649109E-4	1.371175401316423E-4	3.9559232708541957E-4	2.391584550510006E-5	0.011673175096062041	0.004487606493527456	
16.872	0.09340382353686205	9.052692558005809E-4	2.2754282353186977E-4	2.5478570709903703E-4	7.411156575546957E-4	4.434381816399629E-5	0.021885555216816545	0.008484277996000097	
17.0	0.10775482744519486	0.0010419331839883945	2.6174493337765154E-4	2.926706774442381E-4	8.528019638771949E-4	5.091242688988475E-5	0.025188150141010637	0.00978229835134712	
17.2	0.017131199654296738	1.6163014398310935E-4	4.0365194715475884E-5	4.449855272143739E-5	1.3192930604336543E-4	7.699354345820081E-6	0.003906678819037773	0.001544431603516675	
17.48	0.048069602406966866	4.4997671750991155E-4	1.1216419094217881E-4	1.2317403105443418E-4	3.6681749799581133E-4	2.1271386054354134E-5	0.010869259865447286	0.0043203637463372765	
17.872	0.09085675835623601	8.419958038106794E-4	2.094196844351916E-4	2.2895079516331525E-4	6.852319896852848E-4	3.9444285136120455E-5	0.02031965124118296	0.008129720202284748	
18.0	0.10477083913727794	9.687698071802044E-4	2.4083623946364777E-4	2.6304380929361825E-4	7.881043695865111E-4	4.5294099967729356E-5	0.023373951715640162	0.009365059153322851	
18.2	0.01655366931738274	1.494721580600429E-4	3.698004667006394E-5	3.9999542381406824E-5	1.2110254901259379E-4	6.849779649334502E-6	0.003599657985154369	0.0014625617365146522	
18.48	0.04650684181497526	4.167378541675914E-4	1.0295148985121775E-4	1.1106557703688318E-4	3.3714107825559526E-4	1.8986581316386887E-5	0.010024640142326834	0.004090993605739222	
18.872	0.08788713278914057	7.798514065786304E-4	1.9233860027994908E-4	2.068648131684251E-4	6.297612775910389E-4	3.529082151784733E-5	0.018730587444938995	0.007684765099196567	
19.0	0.10133922944164106	8.972508144091672E-4	2.2121591374691039E-4	2.3776623518266424E-4	7.242789920179415E-4	4.054450048846495E-5	0.021542771561101043	0.008848894500947209	
19.2	0.01596089514648434	1.3806672353489324E-4	3.392121699045127E-5	3.621753770710085E-5	1.1099029994132249E-4	6.147870860362587E-6	0.0033042748463333904	0.001372951456544384	
19.48	0.04488557185690206	3.853521466889505E-4	9.457802080249433E-5	1.0079940044589706E-4	3.0935280399791137E-4	1.708746754760712E-5	0.009208312485000418	0.003840389459286185	
19.872	0.08480917949599145	7.210578989616998E-4	1.7677432636765855E-4	1.8800697307823903E-4	5.779149897175788E-4	3.182183964835095E-5	0.017195921431026114	0.007204597341659836	
20.0	0.097784046632867	8.29566804606654E-4	2.0332900623850792E-4	2.1615066384105718E-4	6.646503823381038E-4	3.657337851871525E-5	0.019774769404733848	0.008293423602084387	
20.2	0.02012284309863193	1.668602054471896E-4	4.0804820542173315E-5	4.317907170343483E-5	1.3321216338487912E-4	7.282011734148307E-6	0.003958325363287168	0.0016775689454000193	
20.48	0.04799883141445244	3.9526526661840135E-4	9.660945999462813E-5	1.0211271136592828E-4	3.152563789314502E-4	1.7207219858345058E-5	0.009362117189493795	0.0039795469858709765	
20.872	0.08644195917216085	7.050069988822732E-4	1.7220703407981678E-4	1.8175114980220977E-4	5.615990808084212E-4	3.059709880217009E-5	0.01666148861853943	0.007110811882847366	
21.0	0.09893232585132758	8.050893579573398E-4	1.9662690523081575E-4	2.0745702975353793E-4	6.411448472687397E-4	3.4917070799344744E-5	0.01901694403934247	0.008123509467090066	
21.2	0.014546805829752547	1.1551993827691282E-4	2.8174785065544123E-5	2.962608734695036E-5	9.172319214552112E-5	4.975348276604974E-6	0.0027146463816742437	0.0011705324134903372	
21.48	0.04135003344186214	3.25836509144196E-4	7.943798094902599E-5	8.345756673816967E-5	2.584743680187436E-4	1.4007310536116556E-5	0.007641233780467618	0.0033050033290880857	
21.872	0.07828693341834651	6.107684137951345E-4	1.4885123845596946E-4	1.5622103762544465E-4	4.840058190832199E-4	2.6203493841400986E-5	0.014285994961200681	0.006202881331813195	
22.0	0.09028496043001322	7.028007362120993E-4	1.7126920221904288E-4	1.7970822949717218E-4	5.568171698384066E-4	3.013925836182855E-5	0.016429124079834174	0.007139519188215057	
22.2	0.01412239974479155	1.0734167817876621E-4	2.6143216713232104E-5	2.736828011795568E-5	8.48605597106215E-5	4.584462697886365E-6	0.0024951926116746053	0.0010935703568334427	
22.48	0.0398454574772135	3.004640548811913E-4	7.316609580661173E-5	7.654662829963062E-5	2.3737319019709292E-4	1.2818312138176088E-5	0.006968962749644851	0.0030633329793889937	
22.872	0.07526599174984364	5.617593690592971E-4	1.3678263870093058E-4	1.4299270711233436E-4	4.434768726064445E-4	2.39383579191982E-5	0.012993063629556406	0.005732714596936852	
23.0	0.08676847280776032	6.461194815860622E-4	1.573220557515343E-4	1.6443683148463156E-4	5.099964625951234E-4	2.7526809031240262E-5	0.014934945480629545	0.0065949862723267	
23.2	0.013487902428385353	9.799278489854436E-5	2.3859633145734138E-5	2.4895531820597578E-5	7.722941424787637E-5	4.165548979542743E-6	0.0022512698435088016	0.0010024284291295265	
23.48	0.038124477781380374	2.747134392142059E-4	6.688756603144497E-5	6.975876002240008E-5	2.163974931916348E-4	1.1670889799264375E-5	0.006296402924087594	0.002811816645419833	
23.872	0.07202097727657561	5.134619675317721E-4	1.2503043960907062E-4	1.3032092095709592E-4	4.0425796255089965E-4	2.1802164563622683E-5	0.011733634676156506	0.005259411986144457	
24.0	0.07234205422428396	5.157017766896859E-4	1.2558658184193226E-4	1.3088984600812255E-4	4.060357214997885E-4	2.1898244920230797E-5	0.011784740117520266	0.005282537727399071	
24.2	0.001446984168294275	1.0021581878787002E-5	3.343064225831857E-6	2.5376000053417727E-6	9.45150625847953E-6	4.955135560921878E-7	2.277006884911234E-4	1.2630806144939846E-4	
24.48	0.008434133203255223	5.9982894677599214E-5	2.3779274265324878E-5	1.4918505196984312E-5	6.335797129396442E-5	3.1995445785256442E-6	0.0013098730511414405	8.75741999729522E-4	
24.872	0.026634203769817504	2.0724939424876832E-4	8.885184180193311E-5	4.9674324794854395E-5	2.3003720739018886E-4	1.1105417732188267E-5	0.004069107241514606	0.0033046679576732773	
25.0	0.033554080010442536	2.6627451037139954E-4	1.148939868238317E-4	6.339266348754104E-5	2.965576898938824E-4	1.4212229593212347E-5	0.005111197818060546	0.0042852993584751595	
25.2	0.02586730229980391	2.4143418905075303E-4	8.873993708938758E-5	5.495178684650885E-5	2.3920161937588123E-4	1.0971938678478832E-5	0.0038544440507662647	0.0035751699838691446	
25.48	0.06629047937128967	6.633536418165355E-4	2.1535993755739216E-4	1.4964616537264133E-4	6.006621217474056E-4	2.7407156993322104E-5	0.00978954853785478	0.008984056687195053	
25.872	0.1246722838813295	0.0013483483218263636	3.86935234100491E-4	3.0375099785375935E-4	0.0011156419068844596	5.10966686196627E-5	0.018188391848593197	0.016483312708293913	
26.0	0.143890194064038	0.0015807454417505057	4.428865071738377E-4	3.562123538786394E-4	0.001285417992212593	5.896294063697107E-5	0.020934843569556133	0.01892169916486688	
26.2	0.03034705191341189	3.821453628660487E-4	8.789526150428194E-5	8.685635493172229E-5	2.700371746398434E-4	1.2679666940952687E-5	0.004292389112533668	0.0037811557749496266	
26.48	0.07332817688086127	9.487993659674193E-4	2.13224042899095E-4	2.1702811607665629E-4	6.592118807547691E-4	3.1327197587221256E-5	0.010284769232312231	0.009013379009323481	
26.872	0.13423147924324536	0.0017923063278402235	3.953512459666517E-4	4.13541112313675E-4	0.0012290855287133621	5.936234699424664E-5	0.018606629149858875	0.01622045680299519	
27.0	0.1541838941624121	0.0020723931536025075	4.556232231020348E-4	4.7905948908749955E-4	0.0014179827736321908	6.872486080571111E-5	0.021315106146586014	0.01856218846655949	
27.2	0.031320241794269885	4.480352560602037E-4	9.621545087802418E-5	1.0541713871477702E-4	3.0217304598659803E-4	1.5132919087643335E-5	0.004208302289577695	0.0036326105915928156	
27.48	0.07541894679427005	0.0010933522842378797	2.3500721325998548E-4	2.583256080009522E-4	7.391690406456568E-4	3.727596903323959E-5	0.010049349952131494	0.00867321218404909	
27.872	0.1375795795308315	0.002026893449502575	4.371649011170739E-4	4.8130114389017593E-4	0.001378056559628903	7.001743624807097E-5	0.018119748361776586	0.015660141894295605	
28.0	0.15791704609416463	0.0023345493439753083	5.039744089775744E-4	5.54948598665309E-4	0.0015894797311892773	8.088086557921248E-5	0.02074301923825268	0.01793541497624163	
28.2	0.024679417294269913	3.76983213927331E-4	8.225613298854714E-5	9.053147089553344E-5	2.608877916103107E-4	1.34479539849878E-5	0.0031518628305186158	0.0027415061561458596	
28.48	0.0694325106515613	0.001069141080717697	2.3432125313974659E-4	2.573896751681024E-4	7.448371654963381E-4	3.8462919582421426E-5	0.008786492232125277	0.007674371940578544	
28.872	0.13232882914822658	0.0020549856606117967	4.531006411829014E-4	4.961729510942982E-4	0.0014448017427172346	7.469163729031857E-5	0.016548925987305015	0.014548000293832863	
29.0	0.15288614297968517	0.002378326018315632	5.250910677121655E-4	5.746000215272119E-4	0.001675546248675207	8.663425375915925E-5	0.0190695342868867	0.0167893568032534	
29.2	0.025172656816405913	3.975665216320022E-4	8.896555326159755E-5	9.663214820427517E-5	2.85982414719664E-4	1.4795876049333357E-5	0.003055876447213714	0.002734241215021955	
29.48	0.0702276555917969	0.001112762620733256	2.5008150868109224E-4	2.709213233062892E-4	8.060537310104526E-4	4.1670515276061646E-5	0.008447715107755853	0.007609270371327298	
29.872	0.13332274988741985	0.0021182991375170686	4.786813038738254E-4	5.168087355818924E-4	0.001548330170320523	7.993093314223924E-5	0.01584819457182985	0.01440623206053154	
30.0	0.15392027430262883	0.002446759202783872	5.53568079112642E-4	5.972133377825446E-4	0.0017919581576300032	9.247675416630039E-5	0.01824823567026241	0.016622244191539577	
30.2	0.032161022636717884	5.130198793171677E-4	1.1747489304505602E-4	1.2578329782885286E-4	3.8331838126623143E-4	1.9708140651220097E-5	0.003708968196938526	0.00345346151285207	
30.48	0.07711225944869607	0.0012294991003324325	2.824940406815881E-4	3.0182018237994205E-4	9.239843504345265E-4	4.7441300490570295E-5	0.008818338455606502	0.008267963473084429	
30.872	0.13981778685335655	0.0022256575018877924	5.136658455314317E-4	5.472363868091951E-4	0.0016855918563873076	8.637625471953969E-5	0.0158015898489164	0.014959767539834051	
31.0	0.1602625256275236	0.0025499357554419322	5.89093834451872E-4	6.271929089378612E-4	0.0019345244310160737	9.90883933564956E-5	0.018063203606362904	0.017138858624812684	
31.2	0.024577827537109912	3.8849213094836597E-4	9.067924935001658E-5	9.590888940327911E-5	3.0004996318202696E-4	1.529745202494824E-5	0.002690830640534741	0.002612821465350276	
31.48	0.06897446756523369	0.0010869208988699712	2.544165499127965E-4	2.685997139277319E-4	8.437409394657898E-4	4.295383818299112E-5	0.007479915130407614	0.007317920999107462	
31.872	0.13068700401588457	0.002049532838348243	4.814072362233884E-4	5.071139646992803E-4	0.0016008768482896497	8.135477480167823E-5	0.013998748465852022	0.0138256264386129	
32.0	0.15078491205234282	0.0023620339937809928	5.552302671523737E-4	5.845960829107738E-4	0.0018474554356480645	9.384980919176984E-5	0.016107134117918046	0.015941131870255424	
32.2	0.024362200755208344	3.7662368075666163E-4	8.920955159243193E-5	9.347253366053791E-5	2.985767751487066E-4	1.5110660236258587E-5	0.0025285543037755816	0.0025552122417597	
32.48	0.06782472230520742	0.0010432851785447006	2.476411438538818E-4	2.591259783320847E-4	8.302372432139739E-4	4.1972327522791905E-5	0.006971068161396662	0.007092296599536745	
32.872	0.12804384613859443	0.0019556588817170356	4.6541340134324035E-4	4.8620454947340456E-4	0.0015634216507731855	7.894155844727549E-5	0.01299440292253172	0.013331206610021953	
33.0	0.14763540323817717	0.002251210494875937	5.360527715479757E-4	5.598013443121272E-4	0.001801475245210429	9.093808675239338E-5	0.014940072005492903	0.015355431385555545	
33.2	0.023653665787434337	3.541840958121895E-4	8.481950524601179E-5	8.8263323455804E-5	2.862317989842184E-4	1.441351216037091E-5	0.0023231195011192817	0.002431632291317447	
33.48	0.06586749809739464	9.800106085481016E-4	2.3504247504193247E-4	2.443580756835225E-4	7.940457526152886E-4	3.996114762561559E-5	0.006403849552560129	0.0067416090270929095	
33.872	0.12419557239817783	0.0018319034592090078	4.401628573486967E-4	4.57097706069762E-4	0.0014888043055233209	7.488066539503154E-5	0.011916782243304716	0.01263352066962567	
34.0	0.14315556469213625	0.002107411094628692	5.06563353849342E-4	5.259255961555211E-4	0.0017138302474283393	8.618826495121802E-5	0.013695538274022548	0.014541541875779444	
34.2	0.02941077742187442	4.2391918137286245E-4	1.0231019914048724E-4	1.0596366101522976E-4	3.4698141447460064E-4	1.7431327157729584E-5	0.002727150089929693	0.0029415835955745005	
34.48	0.07015400637239555	0.0010043940278081278	2.4264648416711784E-4	2.511636801725639E-4	8.233315078357943E-4	4.135707652360138E-5	0.006443197182274468	0.006979446142846734	
34.872	0.1263189079657666	0.001791285705347088	4.3328068818462503E-4	4.4816974908906795E-4	0.0014709314056749168	7.388579170233023E-5	0.011447004060266735	0.01246888284439091	
35.0	0.14456281258639128	0.002045462199005149	4.948964450669934E-4	5.118227256614327E-4	0.0016802814342334695	8.4402336630425E-5	0.013059833301115683	0.014243474889681728	
35.2	0.021617387912760307	2.9839367450642054E-4	7.239662076454249E-5	7.475478363514572E-5	2.460163636718224E-4	1.236169257983827E-5	0.0018879939206921902	0.002085402630353437	
35.48	0.06071282409433468	8.314657030509533E-4	2.018449338093483E-4	2.0835553730279987E-4	6.85931986067931E-4	3.447627461596659E-5	0.00524408835756069	0.005814421891235769	
35.872	0.11451541111178318	0.0015522366935971246	3.7708827275993896E-4	3.8910815443286395E-4	0.0012813368756656785	6.443423382473659E-5	0.009750882682196715	0.01086082201609088	
36.0	0.13198281106969936	0.0017848708344499063	4.3367152129643614E-4	4.474592143229956E-4	0.0014735553724775613	7.41092016702238E-5	0.011202249868005788	0.012489854437883904	
36.2	0.02704568575976639	3.569005271546554E-4	8.685489502040612E-5	8.954593034379964E-5	2.949672911925784E-4	1.4855748204834548E-5	0.002218781750885801	0.0024994030710893786	
36.48	0.06442271645911518	8.437897191786646E-4	2.0541823895269215E-4	2.117487820022009E-4	6.974018886229021E-4	3.514358562716396E-5	0.0052303620202772275	0.005908294320725995	
36.872	0.11579187815020982	0.00150085646813685	3.6553134656226944E-4	3.767334400138956E-4	0.001240329959492008	6.255634995728288E-5	0.009264706499635946	0.010504062539899873	
37.0	0.13246286064437687	0.0017128203409534923	4.1719311956342833E-4	4.299632683450182E-4	0.0014154444381863655	7.140282484923081E-5	0.01056295921405464	0.011985941218927668	
37.2	0.01963142874479188	2.47174888587356E-4	6.025810619983417E-5	6.208324787923944E-5	2.041166293568431E-4	1.032126686551395E-5	0.0015085669473825557	0.0017263693374806686	
37.48	0.055249090142837125	6.898898852865252E-4	1.6819655878395575E-4	1.7329609769627363E-4	5.693800594945075E-4	2.8815469550182164E-5	0.004194555617600009	0.004813011935365487	
37.872	0.1041647957848183	0.0012869160042466624	3.1379301865513954E-4	3.2331437180972683E-4	0.0010613126259601438	5.377255487192831E-5	0.007786045478915766	0.008963821759806617	
38.0	0.1200361817935684	0.001479472012186987	3.607560720539012E-4	3.71703987930865E-4	0.0012199030403603458	6.182370651162722E-5	0.008941111871617148	0.010301224590598958	
38.2	0.01888518257421907	2.269058647016042E-4	5.5345464480860295E-5	5.7029163566144365E-5	1.867290116213857E-4	9.490226478203449E-6	0.0013553899098075787	0.001573181608491086	
38.48	0.05277354070820395	6.288884781631173E-4	1.5338614901075486E-4	1.580694759403067E-4	5.170823928619995E-4	2.6305910014506465E-5	0.0037402597705435995	0.0043523782522554184	
38.872	0.09929758170066438	0.0011708874311491826	2.855761304690676E-4	2.943296838089645E-4	9.616670001043465E-4	4.8986576192449135E-5	0.0069243316963890815	0.008084061967486955	
39.0	0.11439169730003976	0.001345695115870028	3.2821149536689157E-4	3.3828013670154103E-4	0.0011049691039900901	5.6302603334479386E-5	0.007947900610985024	0.009285926048620607	
39.2	0.017906976192708653	2.0541285545753614E-4	5.0098760359852345E-5	5.164981776618296E-5	1.6821519228135839E-4	8.59822720837546E-6	0.0011967918138653503	0.0014089296999057323	
39.48	0.050130718137370765	5.70428340639597E-4	1.3910405064346826E-4	1.4343375759001562E-4	4.6663913599610135E-4	2.3877061610944962E-5	0.003306836309273163	0.003903640786110266	
39.872	0.09436998649755479	0.0010627752570662253	2.5913834369204684E-4	2.6725108771173423E-4	8.68283225035834E-4	4.44881702440492E-5	0.006120853330541745	0.007251525380812024	
40.0	0.10872329058797145	0.0012215958282460462	2.978577455177764E-4	3.071940533766914E-4	9.977549728364475E-4	5.1137290403115185E-5	0.007025161416089422	0.008329668194972854	
