# Time [h]	FOS [g/L]	COD [g/L]	pH [1]
0.2	1.4274967478525	1.5377304599493	1.8418325242726
0.48	1.5045786304046	1.8416782616588	2.0939614644963
0.872	1.5785168049086	2.1215845222239	1.4151409590859
1	1.5933613057057	2.1902800047435	1.3443446004769
1.2	1.5885536921001	2.2669062709746	1.2416180760716
1.48	1.5703227129592	2.3446496056069	1.1876609425258
1.872	1.5171143395827	2.4048613892887	1.115513129416
2	1.493885865632	2.4147214374531	1.09757844171
2.2	1.4497796670906	2.420738612425	1.0736868362669
2.48	1.3816917877505	2.4129338650053	1.0468748260273
2.872	1.2703604123799	2.3757680558788	1.018804134003
3	1.2306059667097	2.3580955148698	1.0113769709859
3.2	1.1643062740494	2.3262045026309	1.0012022661215
3.48	1.0677693635337	2.2696761944552	0.98939598010635
3.872	0.92465009363294	2.1750704124286	0.97659015953183
4	0.87638701481572	2.1410022592318	0.97312508765883
4.2	0.79939885354449	2.0864554661902	0.96832579926085
4.48	0.69137306505719	2.0014803927869	0.96268121969876
4.872	0.54164346759237	1.8756076793444	0.95646874390328
5	0.49363365961189	1.8334784469102	0.95477209470222
5.2	0.42075356140616	1.7699122473178	0.95241236404087
5.48	0.32525874876273	1.6753147490501	0.94962485582079
5.872	0.21169863728942	1.5471433568154	0.94654996442615
6	0.18003544120709	1.5073522555394	0.94571017880892
6.2	0.13844656741252	1.4503958732657	0.9445452612469
6.48	0.096785113476677	1.3733312991623	0.94317610719775
6.872	0.065064249729484	1.2833476587277	0.94167426023528
7	0.058812221651097	1.2581473417949	0.94126452085727
7.2	0.052193570540554	1.2248910773364	0.94069534523303
7.48	0.046839789048487	1.1808256240311	0.94002327431218
7.872	0.043048734498752	1.1280964927606	0.93928129787927
8	0.042251841683984	1.1124090757636	0.93907842338887
8.2	0.041318171768245	1.0908657109427	0.93879693483515
8.48	0.040485237254241	1.0599410144157	0.93846653557431
8.872	0.039995824984733	1.0203584237702	0.93810788653388
9	0.039948755494445	1.0082815939163	0.93801143516578
9.2	0.040014667691371	0.99157167271777	0.93787983488404
9.48	0.040399651831052	0.96787696956047	0.93772993947403
9.872	0.041440079813609	0.93850637221595	0.93757575249558
10	0.041853555684742	0.9297912383076	0.93753609761301
10.2	0.042601580079513	0.91815587329689	0.93748398503221
10.48	0.043821190685708	0.90169881035561	0.9374279581396
10.872	0.04571071769945	0.88156689450001	0.93737480634852
11	0.046320444526659	0.87556364247286	0.93736188567098
11.2	0.047256521653486	0.86751391059889	0.93734549543667
11.48	0.048522708192742	0.85552437716355	0.93732857937792
11.872	0.050075067158239	0.83981408165353	0.937313047309
12	0.050510826240521	0.83487329253105	0.93730931254008
12.2	0.051108967811783	0.82804834470069	0.93730456077714
12.48	0.05181379723676	0.81727283048332	0.93729958689739
12.872	0.052509947621475	0.80239244060388	0.93729487022737
13	0.052672051580286	0.79758343976944	0.93729371032736
13.2	0.052851438858965	0.79082709799958	0.9372922139026
13.48	0.053010252737321	0.78005211859567	0.93729063351741
13.872	0.053041528205434	0.76502770807742	0.93728916429919
14	0.053012985063184	0.76015721145552	0.93728882294381
14.2	0.052919340456764	0.75329136628532	0.93728841362316
14.48	0.052747537921943	0.74238236378343	0.937288056804
14.872	0.05240583322094	0.72720267712914	0.93728789347709
15	0.052274504417608	0.7222910819867	0.93728790737023
15.2	0.052051659922593	0.71549090901568	0.93728799099957
15.48	0.051708653183408	0.70452831676283	0.9372882260186
15.872	0.051179412629462	0.68931364382689	0.93728875109609
16	0.050997249344757	0.68439943157111	0.9372889626974
16.2	0.050689639799665	0.67748370322915	0.93728933649491
16.48	0.050266783339277	0.66654595299779	0.93728993934424
16.872	0.049651119294716	0.65139311395506	0.93729091338792
17	0.049445598114527	0.64650446017888	0.93729125840105
17.2	0.049106903452572	0.63964352689462	0.93729182989798
17.48	0.048646266024106	0.62877952309914	0.93729269088181
17.872	0.047989387806907	0.61374674987489	0.93729399803081
18	0.047772626161534	0.60890097597317	0.93729444583125
18.2	0.047418915689765	0.6021156295076	0.93729517366676
18.48	0.046939595962225	0.59135853299629	0.93729624616611
18.872	0.046261518683183	0.5764883925717	0.93729783902085
19	0.0460387427677	0.57169871283338	0.937298377697
19.2	0.045677118802366	0.56500956992313	0.93729924648021
19.48	0.045186863623528	0.55438646370481	0.93730051488561
19.872	0.044495222946232	0.53971589692671	0.9373023815805
20	0.044268317095382	0.53499429708723	0.93730300928145
20.2	0.043912570188708	0.52850450760332	0.93730401417229
20.48	0.043412244622514	0.51803994854547	0.93730547383311
20.872	0.042707382457114	0.50360360907502	0.93730761815236
21	0.042476345458915	0.49896181705739	0.93730833793808
21.2	0.042103217651246	0.49251894517933	0.93730949324506
21.48	0.041595749015085	0.48224316514872	0.937311170112
21.872	0.040880450300346	0.46808607092315	0.93731362476932
22	0.04064587246821	0.46353897711739	0.93731444700318
22.2	0.040268319322027	0.45725787750031	0.93731576473992
22.48	0.039752552603205	0.44720246745729	0.93731767442059
22.872	0.0390253801591	0.43336995624371	0.93732046705151
23	0.038786907050464	0.4289329994255	0.93732140166701
23.2	0.038403977724915	0.42283514887281	0.93732289834462
23.48	0.037879619885305	0.41303594771542	0.93732506532986
23.872	0.037140611252742	0.39958068909254	0.9373282317749
24	0.037510740794098	0.39538310798995	0.93733014903917
24.2	0.050956276757791	0.40143273832041	0.93732816924126
24.48	0.06576581207641	0.40721958084796	0.93732057989258
24.872	0.082215984168737	0.41272916181864	0.93730790556517
25	0.086975793569068	0.41418082157938	0.93730379623393
25.2	0.079455375083799	0.4053892971526	0.93730013824015
25.48	0.071370205984213	0.39213704422829	0.9372998284678
25.872	0.063596253053611	0.37602753161632	0.93730316204207
26	0.061682937202143	0.3713680875423	0.93730452013618
26.2	0.059234682520949	0.36568623055567	0.93730670850141
26.48	0.056687553863874	0.3568508236594	0.93730961807215
26.872	0.054356343313544	0.3460491986633	0.93731304461354
27	0.053804492460761	0.34285105693621	0.93731399399442
27.2	0.053113684549342	0.33915501769929	0.93731531856606
27.48	0.052416521875885	0.33262706576629	0.9373168911018
27.872	0.051802069772874	0.32421448766414	0.93731866914542
28	0.051659345605669	0.32163676821942	0.93731917845332
28.2	0.051457390839721	0.31864741514683	0.93731992986823
28.48	0.051276285300733	0.31306980290656	0.93732091854465
28.872	0.051095210137976	0.30565081842659	0.93732224671846
29	0.051043545211012	0.3033352779808	0.93732268207976
29.2	0.050943008818066	0.30069200758518	0.93732338153397
29.48	0.050834322688575	0.29553285132744	0.93732440562362
29.872	0.050657933421426	0.28857642380861	0.93732594126719
30	0.050591095649573	0.28638910906773	0.9373264710117
30.2	0.050475965867753	0.28401016885484	0.93732733217378
30.48	0.050290529068153	0.27907087156054	0.93732861405798
30.872	0.049979007085075	0.27238053020027	0.93733055807136
31	0.049864002012499	0.2702729788856	0.93733122649291
31.2	0.049647335800632	0.26792855066101	0.93733231572576
31.48	0.049352344620102	0.26315115265648	0.93733392049756
31.872	0.048885653481149	0.2566782161214	0.93733630198083
32	0.048720537329543	0.25464059744512	0.93733710815208
32.2	0.0484283340558	0.25241707249964	0.93733840719956
32.48	0.048028804329962	0.24779136193564	0.93734029383781
32.872	0.047425255830035	0.24153526990056	0.93734304498945
33	0.047218145787955	0.23957031932718	0.9373439649221
33.2	0.046864183940984	0.23747182105025	0.93734543489111
33.48	0.0463833823072	0.23301161728342	0.93734754636731
33.872	0.045679317422225	0.22699720837095	0.93735058367132
34	0.045442630823035	0.22511398032281	0.93735158977378
34.2	0.045066801996397	0.22322249982112	0.9373531802043
34.48	0.044529991018888	0.21894621494281	0.9373554442917
34.872	0.043761485252139	0.21320013241884	0.93735867424046
35	0.043507078998426	0.21140749870024	0.93735973741387
35.2	0.043087605810259	0.20959895629807	0.93736141784975
35.48	0.042525830570843	0.20553363397464	0.93736379638253
35.872	0.041733321196082	0.20009193332708	0.93736715439159
36	0.041473477882049	0.19840071368788	0.93736825252946
36.2	0.041067130486126	0.19681847401959	0.93736997408846
36.48	0.040498721186951	0.19297770228807	0.93737239577195
36.872	0.039706433355457	0.1878562378915	0.93737579719845
37	0.039448884802409	0.1862711908598	0.93737690519221
37.2	0.039032110875326	0.18480417239176	0.93737864344301
37.48	0.038478168303034	0.18120379633021	0.93738107970193
37.872	0.037712242174782	0.17642207134881	0.93738447658432
38	0.037464562015406	0.17494846629562	0.93738557818668
38.2	0.037066587766244	0.17366321590493	0.93738730080365
38.48	0.036537975393743	0.17030796587787	0.93738970546453
38.872	0.035811618761412	0.16586915266944	0.9373930419343
39	0.035577772200639	0.16450740534678	0.93739412051208
39.2	0.035203587128907	0.16340051448214	0.93739580317166
39.48	0.034707757719093	0.1602895891217	0.93739814480557
39.872	0.034029733851072	0.15619025799567	0.93740138100566
40	0.03381218102288	0.15493865456732	0.93740242449709
