# Time [h]	MS [g]	Lignin [g]	Butyric [g]	Initial_Substrate [g]	Carbohydrates [g]	Substrate [g]	MO_AcidoLCFA [g]	MO_hydroM [g]	Proteins [g]	AA [g]	MO_acetoM [g]	Propionic [g]	Carbondioxide [g]	Carbondioxide_gas [g]	Carbondioxide_sum [g]	MO_Propionic [g]	MO_ButyricValeric [g]	Valeric [g]	LCFA [g]	MO_AcidoMS [g]	Methane [g]	Methane_gas [g]	Methane_sum [g]	Hydrogen [g]	Hydrogen_gas [g]	Hydrogen_sum [g]	Lipids [g]	MO_AcidoAA [g]	Acetic [g]
0.2	1.8530203198467	4012.1177819224	0.35957302685656	0	88.172160410602	17.218817436276	47.2206710291	110.51393194514	31.671199480202	1.2140809665687	64.081267266084	0.85197974182609	24.133644047709	2.0091858934865	26.142829941195	39.076657692999	67.501047972886	0.10753343182984	1.9901829515033	241.88907645235	2.2694681784037	3.2621012862673	5.531569464671	1.6043736708557e-05	9.0109337087727e-05	0.00010615307379628	26.119470383029	35.261965900747	47.9295516004
0.48	1.6621777058262	4012.1592150555	0.54600060186332	0	78.512957912838	41.209260603109	47.24817606543	111.45849261844	28.176571390305	1.3869710483906	64.322637216227	1.6589772631835	20.254331744689	3.5368527553547	23.791184500044	39.152156303428	67.635608252309	0.18076990362303	4.2564119542643	242.66008092838	2.5498102681647	2.0916496185183	4.641459886683	1.7815696538825e-05	0.00010146727145832	0.00011928296799715	23.232348876326	35.511836586149	49.52221498029
0.872	1.3870489297697	4012.2731730649	0.52576483100149	0	66.917813220516	74.568746221461	47.309021581623	112.80441991004	23.947638099787	1.1938486980196	64.663363434189	2.0679517097738	15.761143920098	3.2352774813074	18.996421401405	39.288592047152	67.849139850865	0.17971974578031	6.889102936281	243.59230849024	2.6987351298679	1.727344513148	4.4260796430158	1.6576922818454e-05	9.4220496904371e-05	0.00011079741972283	19.731759721916	35.847452365138	51.68539348279
1	1.3079895478083	4012.3210819488	0.50211893124789	0	63.548527747166	85.407136799767	47.333146112342	113.22591940152	22.710295323529	1.1197447104371	64.775205795944	2.0971371503209	14.579558870059	2.9404956390075	17.520054509067	39.334903213043	67.914744399319	0.17228202257179	7.6343577690319	243.86402041871	2.7181863308093	1.680237093796	4.3984234246053	1.5916249158937e-05	9.0354613190385e-05	0.00010627086234932	18.705825755502	35.94710178271	52.199426942704
1.2	1.1956217979775	4012.3994796263	0.44940697594631	0	58.649180958108	85.066198517851	47.374268946991	113.85865392404	20.907838647626	1.0104559092688	64.950384206625	2.0265690502502	14.078185089394	3.3622131870603	17.440398276454	39.407002725927	68.009590288095	0.15769160917218	8.6646425380347	244.25790943206	2.7671141830018	2.2809134556545	5.0480276386563	1.4600444166317e-05	8.0748461628941e-05	9.5348905795258e-05	17.210695620139	36.091893422512	52.171434742084
1.48	1.058810883756	4012.5081691575	0.39241400686562	0	52.449397537324	84.591175060603	47.438343866048	114.68788799428	18.627314894674	0.88023032256175	65.196303071469	1.8429888069875	12.319662889835	2.4691618945001	14.788824784336	39.504465803933	68.127445790484	0.1395224310576	9.9605965224708	244.75307039472	2.7515310435129	1.8240387561959	4.5755697997088	1.2918518539608e-05	7.2170526175611e-05	8.5089044715219e-05	15.319082072938	36.274215885898	51.801208352182
1.872	0.89556061527566	4012.6584509556	0.32755524331448	0	44.914689689682	83.930610704106	47.539559638387	115.73641445259	15.856441360124	0.72883892508874	65.541505636002	1.5076170178776	10.748328788264	2.1247599329292	12.873088721194	39.629161884442	68.267572184262	0.11741752210077	11.43070473933	245.34827718709	2.711468115877	1.8322710413131	4.54373915719	1.081594159153e-05	6.0873482046354e-05	7.1689423637884e-05	13.020876782467	36.494064281821	50.387854932309
2	0.84757362206702	4012.7083096977	0.3089889914457	0	42.702554717614	83.716031538381	47.575149506805	116.05229792623	15.043103741245	0.68505134683999	65.654379027469	1.3941950394832	10.394076096201	2.0497062032266	12.443782299428	39.666483719307	68.308046134495	0.11102143470537	11.836751394608	245.52151386894	2.6975278578474	1.8479620748984	4.5454899327458	1.0158830901256e-05	5.7267510585526e-05	6.7426341486782e-05	12.346315731315	36.558268892782	49.724856898669
2.2	0.77888966637551	4012.7857895102	0.28197809542555	0	39.476686107959	83.381851661873	47.633180692565	116.518697664	13.85722147823	0.62278646744759	65.830758597133	1.2233076756786	10.68256677152	2.5026590023733	13.185225773893	39.72076419174	68.366255597567	0.10154309409856	12.37818091027	245.77225389152	2.7012059281497	2.3088193581733	5.0100252863231	9.2485617283581e-06	5.1541717646856e-05	6.0790279375214e-05	11.362810605502	36.651352922301	48.410569649424
2.48	0.6943714567456	4012.8934912944	0.2495368718102	0	35.394077349962	82.916245145828	47.719029291984	117.11891720247	12.356740010414	0.54798654959919	66.077530039044	1.0163255865891	10.121499695333	2.002255010228	12.123754705561	39.788424359538	68.438442184956	0.090038904103101	13.040959388771	246.08623873615	2.6552720312487	1.9154925319744	4.570764563223	8.1485631206257e-06	4.5705062885217e-05	5.3853626005842e-05	10.118464057704	36.768333076027	46.31246531489
2.872	0.592795322076	4013.042848495	0.21106490036851	0	30.43148050586	82.268774560799	47.847206587541	117.86584575975	10.53350979621	0.4597680264021	66.422096516422	0.78993762701282	9.6122201175501	1.8712247436025	11.483444861153	39.867882042234	68.523572399148	0.076251407631084	13.74277194834	246.46144869079	2.5941223818491	1.8854731143007	4.4795954961498	6.8895933355699e-06	3.884822650596e-05	4.573781984153e-05	8.6065958119066	36.909124316841	42.750180292094
3	0.5629510967601	4013.0918084054	0.19991148948389	0	28.974332694646	82.058444780306	47.890740856058	118.08975206659	9.998328878971	0.43410193898752	66.534279553239	0.72830804428677	9.5038122681444	1.8467784071839	11.350590675328	39.890618877498	68.547948712796	0.072249186552217	13.923316695028	246.57005716342	2.5760431939942	1.8872815014324	4.4633246954266	6.5295953664258e-06	3.6849098029109e-05	4.3378693395535e-05	8.1628434274443	36.950152269604	41.455437131162
3.2	0.52000703400424	4013.1679769799	0.18367646969184	0	26.849196062314	81.730882727551	47.960310765177	118.42049447892	9.2179811167308	0.39730710669334	66.709011683052	0.6447993130915	10.05664388481	2.3364834349933	12.393127319803	39.923000962205	68.582806101095	0.066364157416286	14.145252901972	246.72670594945	2.5732678588238	2.2995359012491	4.8728037600729	6.0305411788032e-06	3.3833307632499e-05	3.9863848811302e-05	7.5158417373946	37.009591475911	39.273726514503
3.48	0.4666172720991	4013.2739794358	0.16378245690638	0	24.159189490558	81.27449602593	48.060511688937	118.8482530743	8.2305587222988	0.35220772729723	66.952144080524	0.55102138420314	9.8116097011746	1.9310632244646	11.742672925639	39.962668636035	68.625591140118	0.059106797666341	14.392929541651	246.92164511461	2.5238017652466	1.909164493675	4.4329662589216	5.4389140636959e-06	3.0601304729314e-05	3.604021879301e-05	6.697218723055	37.08413417319	36.064132403137
3.872	0.40230278631399	4013.4211841857	0.13998957384432	0	20.888477993676	80.639844047393	48.205375780054	119.38712183481	7.030635386247	0.2984716802064	67.288351034351	0.45064966358687	9.5421198197566	1.8572488691746	11.399368688931	40.008873510795	68.675122986842	0.050371220185824	14.594358617925	247.15221052682	2.4579629511206	1.8645203639064	4.322483315027	4.7646753224232e-06	2.6853653548187e-05	3.161832887061e-05	5.7025522323924	37.17349177621	31.259417772719
4	0.38341697168982	4013.4691894376	0.13306322014862	0	19.927919564269	80.433678351773	48.253609016452	119.55031269444	6.678399468021	0.28278973569411	67.396918539895	0.42298200650381	9.4780084692447	1.8445655837955	11.32257405304	40.022045553262	68.689061248169	0.047826219740796	14.628909255852	247.21832986742	2.4378353900035	1.8622516132676	4.3000870032711	4.5704215688298e-06	2.5759387105353e-05	3.0329808674183e-05	5.4106015840734	37.19943106273	29.631480564749
4.2	0.35615214711828	4013.5439114154	0.12297028016684	0	18.526794408684	80.112600964165	48.329771716796	119.79327065963	6.1647762615738	0.26018038254423	67.56481335929	0.38440620300311	10.055780534081	2.3361900293164	12.391970563397	40.040820470065	68.708738313962	0.044093976679018	14.642917551103	247.31306459656	2.4305277071587	2.2748917402532	4.7054194474119	4.2972497467752e-06	2.4108749031265e-05	2.840599877804e-05	4.9849184731614	37.236920298715	27.027789987436
4.48	0.32214429656523	4013.647956085	0.11050680819217	0	16.752794647554	79.665248288268	48.437770267332	120.11095890408	5.514802311847	0.23222533443278	67.795415424795	0.33896186324239	9.8080988675008	1.9428937566747	11.750992624175	40.063804393028	68.73236249915	0.039464769714162	14.624798584307	247.42964559938	2.3697620797342	1.8760069327284	4.2457690124626	3.9652578292602e-06	2.2259332009564e-05	2.6224589838825e-05	4.4462968600023	37.283733475949	23.363437303324
4.872	0.28117939896073	4013.792528236	0.095546945380984	0	14.594976306943	79.04315652775	48.590961466691	120.51686142058	4.7248454415685	0.1987474722588	68.106178719152	0.28725646384183	9.4515620887683	1.8657770872056	11.317339175974	40.090396195943	68.758653008842	0.033884273049903	14.508234475988	247.56495778686	2.2750117077451	1.8236414004575	4.0986531082026	3.575796800018e-06	2.0068215668409e-05	2.3644012468427e-05	3.7918017780332	37.339442015608	18.270011949664
5	0.26916542584566	4013.8395656732	0.091186263666054	0	13.961057406464	78.84107206909	48.641344041215	120.64098657279	4.4929334045522	0.18896820215896	68.204250634411	0.27254041220387	9.3420027725963	1.8484568589323	11.190459631529	40.097896006557	68.765771349885	0.032256444667523	14.450680512455	247.60309352012	2.2427580026833	1.8194477833048	4.0622057859881	3.4621420514011e-06	1.9421792707309e-05	2.288393475871e-05	3.5996897351083	37.355506221513	16.634378136073
5.2	0.25189503171339	4013.912795303	0.084878151793069	0	13.036168941087	78.526350217668	48.720281605662	120.82696523011	4.1547376911424	0.17490247770513	68.352516225638	0.25170284752011	9.7624435927216	2.2807062575347	12.043149850256	40.10850136178	68.775522438289	0.029890866168895	14.34313884468	247.65703808219	2.2107543855758	2.2356947325256	4.4464491181014	3.3011842670238e-06	1.8526339738565e-05	2.1827524005589e-05	3.3195667288203	37.378619628919	14.149526003031
5.48	0.23027965132868	4014.0147787917	0.076998152725059	0	11.864707637352	78.087851605022	48.830993833626	121.0722037568	3.7267092879295	0.15734365855601	68.547300829901	0.2262891819935	9.3180950138987	1.8903546479595	11.208449661858	40.121277798733	68.78659973298	0.026925090692328	14.16028128447	247.72196412843	2.1005458466007	1.8317955415121	3.9323413881127	3.1012779219698e-06	1.7348678643332e-05	2.0449956565302e-05	2.965102021588	37.407253769977	10.891214406903
5.872	0.20446976628823	4014.1565042857	0.067591393431528	0	10.438959018041	77.478070064085	48.98567907949	121.38880685173	3.2063980862692	0.13638448002814	68.785802462219	0.19675035576811	8.5685076613051	1.7663444003259	10.334852061631	40.135597658178	68.797640802685	0.023368402764358	13.850821344854	247.79443485832	1.9009067240091	1.766719901011	3.6676266250201	2.86455911323e-06	1.5982040934246e-05	1.8846600047476e-05	2.5343399707522	37.440877476928	7.0158928345211
6	0.19692892793638	4014.202564673	0.064859343193258	0	10.019904819287	77.279985665372	49.036018988681	121.48632793538	3.0536246806218	0.13027435811581	68.854822993051	0.18827644734644	8.3067260547968	1.7283056033043	10.035031658101	40.139509601658	68.800280721905	0.022333894101337	13.73859213072	247.81410316833	1.8293802857299	1.7588244086196	3.5882046943495	2.795308762667e-06	1.5580455166209e-05	1.8375763928876e-05	2.4078909727684	37.450458201056	5.9357530370035
6.2	0.1861832264884	4014.2742747452	0.060914358238134	0	9.4082919900631	76.971492961392	49.114297160265	121.63302685555	2.8308108804742	0.12149753031138	68.950494989347	0.17618348685743	8.2395505747519	1.9572539240031	10.196804498755	40.144901020362	68.803499587068	0.020833002869888	13.550856332035	247.84109883077	1.725072224634	2.1546532292144	3.8797254538483	2.6966324369845e-06	1.4997521055898e-05	1.7694153492883e-05	2.2235022035993	37.464119511926	4.5184757277664
6.48	0.17292541404515	4014.3741430425	0.056047706299791	0	8.6331997704022	76.541672591319	49.222845248215	121.82744977527	2.5487617863729	0.11062630570914	69.059251094015	0.16146644542237	7.3816288466188	1.6081885040742	8.989817350693	40.151102750022	68.806308057262	0.018970520524457	13.275504586507	247.87188636662	1.5137027850182	1.7746286777549	3.288331462773	2.5744756455694e-06	1.4268515838011e-05	1.684299148358e-05	1.990157587012	37.480794872937	3.1026017426987
6.872	0.15744864098137	4014.5129408691	0.05031797384117	0	7.6890489540535	75.943957877393	49.371964212728	122.07975359237	2.2058063163513	0.097767237391795	69.170304738176	0.14442075188903	6.2170942988195	1.4212747752418	7.6383690740613	40.157454682596	68.807291115751	0.016758271485605	12.865270115693	247.90278910275	1.233475005422	1.7162681403555	2.9497431457775	2.4303884687856e-06	1.3411608234906e-05	1.5841996703691e-05	1.7065463879333	37.499884051158	2.0332196184514
7	0.15297937930963	4014.5580324385	0.048671934626	0	7.4113468282264	75.749794354689	49.419895387976	122.15771343509	2.1050848335532	0.094041855434863	69.199829789461	0.13956232939856	5.8760767388828	1.3643406348417	7.2404173737245	40.159027915732	68.806975058841	0.01611931789518	12.726532917698	247.91023396098	1.1572001941095	1.7142193575731	2.8714195516826	2.3884460722926e-06	1.3158413298248e-05	1.5546859370541e-05	1.6232838998295	37.505196318192	1.8246680650431
7.2	0.14685484360886	4014.628241164	0.046335849213322	0	7.0058320537857	75.447407853985	49.493721943872	122.2750495032	1.9581619993264	0.08877317090057	69.240485850814	0.1327101128916	5.4908809254617	1.3547191131352	6.8456000385969	40.161009001873	68.805878280474	0.015203139932954	12.505619769004	247.91937845769	1.0748914073827	2.0579250488755	3.1328164562582	2.3294640908089e-06	1.2796978250647e-05	1.5126442341456e-05	1.5018598147461	37.512631352965	1.6064290816112
7.48	0.13966403498548	4014.7260329073	0.043538922366628	0	6.4915126665345	75.026095064049	49.594560741675	122.43044912777	1.772130170232	0.082385335595044	69.289710401592	0.12457155577381	4.8052507484654	1.1414432744654	5.9466940229308	40.162886971826	68.803210800681	0.01408691927741	12.194216042034	247.92751831106	0.95883534845784	1.783950436237	2.7427857846948	2.2580407517334e-06	1.2332775575014e-05	1.4590816326747e-05	1.3481768536307	37.521419123284	1.433775324755
7.872	0.13216966448483	4014.8619691864	0.040454078995092	0	5.8642239467363	74.440210598744	49.729756191322	122.63118326222	1.5458318522585	0.075173462589079	69.348978930525	0.11569614551376	4.1037050011163	1.0035923054781	5.1072973065944	40.163952454798	68.797501635933	0.012813124091049	11.75815582508	247.93077579073	0.85007475801924	1.7675550219751	2.6176297799943	2.1783500157719e-06	1.1798793532535e-05	1.3977143548307e-05	1.1613489565067	37.530900496266	1.316217991607
8	0.13015636286603	4014.9061253671	0.039613880518384	0	5.6795256899812	74.249890707171	49.772407426974	122.69292337715	1.4793479596876	0.073148929318716	69.366678383737	0.11329703272876	3.9177734246308	0.96390391176787	4.8816773363986	40.163965224395	68.795212546849	0.012456487582832	11.616525719995	247.93007777067	0.82424288676265	1.7738893481901	2.5981322349528	2.1560950793623e-06	1.1643196298411e-05	1.3799291377774e-05	1.1064906964175	37.533387298607	1.2923211372675
8.2	0.12795097848693	4014.9748806983	0.038504938976211	0	5.4096192416277	73.953490083255	49.837113846475	122.78529212682	1.3823435775101	0.070458205738569	69.392768292026	0.11013667586294	3.6822996908571	0.92195854036043	4.6042582312176	40.163656303901	68.791223788812	0.011964311328831	11.397271173703	247.92730154601	0.80554878866762	2.0356977167347	2.8412465054024	2.1272596046073e-06	1.1425606613561e-05	1.3552866218168e-05	1.0264793908351	37.53669286069	1.2648709998365
8.48	0.12627224752968	4015.0706522161	0.037377637385856	0	5.0668915310458	73.540517114106	49.923347957613	122.90627757942	1.2594696194968	0.067515067788663	69.426346130272	0.10694279352851	3.3229366796051	0.80903844662821	4.1319751262333	40.162603446677	68.784865380303	0.011410655106487	11.099599032051	247.92027162177	0.76217764232091	1.84382669163	2.6060043339509	2.0972631450414e-06	1.1160273056726e-05	1.3257536201768e-05	0.92519149603915	37.540236333324	1.2410095992505
8.872	0.1266698138244	4015.2037863345	0.036567510194454	0	4.6481181158942	72.966229588797	50.034448318549	123.05933183668	1.1099075963616	0.064863123508505	69.467880882187	0.1047075506264	2.9606154535156	0.73050902594099	3.6911244794566	40.160035576615	68.774606528651	0.010874081585775	10.705099679878	247.90491961259	0.71132731708028	1.8348026358564	2.5461299529367	2.0750907012822e-06	1.0887514544941e-05	1.2962605246223e-05	0.802020786797	37.543306906543	1.2277068195667
9	0.12716458766362	4015.2470288096	0.036443171608632	0	4.524625870637	72.779677352684	50.068446774498	123.10563578732	1.0659452940051	0.064238946212142	69.480257944155	0.10439015606559	2.8637888144666	0.70804265690828	3.5718314713749	40.158967151924	68.77096955561	0.010743676388791	10.5818524806	247.89872427478	0.69701234157652	1.8389169639487	2.5359293055252	2.0710965505375e-06	1.0814291832932e-05	1.288538838347e-05	0.76584489273041	37.543905010985	1.2266550604953
9.2	0.1291653383869	4015.3143629808	0.036447059738402	0	4.3439676356706	72.489144316348	50.118806010322	123.1738750913	1.0017779267259	0.063719965316068	69.498252111768	0.10444359306194	2.7395372646721	0.6837824674095	3.4233197320816	40.157058875997	68.764995019661	0.010594323195079	10.396147360419	247.88786583777	0.68677242088948	2.0335803074382	2.7203527283276	2.0716532793411e-06	1.0726246688576e-05	1.2797899967917e-05	0.71307231144593	37.544443861422	1.2290210593569
9.48	0.13354133756658	4015.4081587989	0.036870453283899	0	4.1141782154082	72.0843464927	50.183497227283	123.26118827354	0.92045105582577	0.063707590273592	69.52075898517	0.10570142973875	2.5464513536809	0.62096891333883	3.1674202670198	40.15394025078	68.756088593939	0.010499382041839	10.154209489421	247.8705082244	0.65393499142624	1.8826338843346	2.5365688757608	2.0833986152055e-06	1.0650743424049e-05	1.2734142039254e-05	0.64624703244731	37.544467524376	1.2407167231068
9.872	0.14216083355381	4015.5385571067	0.03812600755529	0	3.8326612565234	71.521427281911	50.262621985212	123.3680148711	0.82137030909604	0.064723675245245	69.54725944938	0.10941706112924	2.3533539432995	0.57887846100695	2.9322324043064	40.148803255991	68.7426906737	0.010543384092027	9.8500987420879	247.84245813568	0.61100010390809	1.8699324453069	2.4809325492149	2.1177313675303e-06	1.0641146668886e-05	1.2758878036416e-05	0.5649473596356	37.543244375497	1.2715963007929
10	0.14503067944422	4015.580911609	0.038620929772431	0	3.7494619123037	71.338568315167	50.285999074829	123.39965363854	0.79222431091278	0.065132325580022	69.554891093417	0.1109027577283	2.3022664561001	0.56696964917626	2.8692361052763	40.146975067009	68.738130429452	0.010581784134056	9.7582112762967	247.83252038503	0.59859479901311	1.8710541743582	2.4696489733713	2.1304738207067e-06	1.0648801821936e-05	1.2779275642643e-05	0.54106007426054	37.54258385444	1.2838421994888
10.2	0.15046968232073	4015.6468668626	0.039512510599499	0	3.6275612300666	71.053787116669	50.319905146857	123.44566945958	0.74965995287398	0.06601105936054	69.565710382881	0.11357449330952	2.2397929349829	0.55638651664977	2.7961794516326	40.143959636347	68.730814935202	0.01066926577054	9.6228387935328	247.81618969097	0.58928471976958	2.0266925918192	2.6159773115888	2.1553690648067e-06	1.0691541723751e-05	1.2846910788558e-05	0.50620438107571	37.541295147909	1.3059982430636
10.48	0.15843001854015	4015.7387501071	0.040948407748315	0	3.4721340276978	70.657003342577	50.362492292305	123.50385281505	0.69566728829683	0.067363098117549	69.578856919073	0.11791397639305	2.1346485157127	0.51969367397839	2.6543421896911	40.139461912411	68.720241932595	0.010833744193101	9.4485553919656	247.79193323294	0.56242149639021	1.8976108622541	2.4600323586443	2.1940365261947e-06	1.0767537819201e-05	1.2961574345396e-05	0.46204807255932	37.539034781942	1.3421349503224
10.872	0.16856022120164	4015.8665065706	0.04302033287344	0	3.2810064765965	70.10522870155	50.414108720524	123.57519714177	0.6298004602582	0.068878195731399	69.594108289789	0.12442026881699	2.0347422663982	0.49874629469693	2.5334885610952	40.132748825922	68.704930750246	0.011074922952826	9.2291719078538	247.75567133473	0.53132134087441	1.8831325433367	2.4144538842111	2.2462661735789e-06	1.0898917433908e-05	1.3145183607487e-05	0.4082912752779	37.535124486449	1.3985042359878
11	0.17119525939593	4015.9080055265	0.043638887692233	0	3.2243454629399	69.925990196709	50.429454327448	123.59658104044	0.61040319039802	0.069171883053397	69.598535216086	0.12644641334984	2.0093136249153	0.49290558464879	2.5022192095641	40.130485080698	68.699837356548	0.011140157591912	9.1619837354001	247.74336343374	0.52321737926457	1.883009261601	2.4062266408655	2.2604729587927e-06	1.093329860678e-05	1.3193771565573e-05	0.39248762165397	37.53369500175	1.4168298775357
11.2	0.1749652118045	4015.9726324597	0.044523685974118	0	3.1411484948477	69.646847483084	50.452067380846	123.62822782109	0.58205349530403	0.069435518195842	69.604938957791	0.129447460514	1.9826221890737	0.49058201309818	2.4732042021719	40.126880189226	68.691791165716	0.011221661652759	9.0597419626595	247.72366819456	0.52037666543656	2.0190805609752	2.5394572264118	2.2805163707065e-06	1.09762688201e-05	1.3256785190806e-05	0.36941812070893	37.531318683239	1.4451571889044
11.48	0.17893172824219	4016.0626722821	0.04558402286601	0	3.0347116602266	69.25791983994	50.481443349626	123.66956360752	0.54604751931428	0.069340348380056	69.613091930076	0.13328047903033	1.9268593364897	0.46769663201362	2.3945559685033	40.121726915177	68.680380834512	0.011291293507995	8.9247281433193	247.6952842122	0.50525505705625	1.9029250176885	2.4081800747448	2.3020401131893e-06	1.1021649966737e-05	1.3323690079926e-05	0.34017443082042	37.527735627906	1.4838776372452
11.872	0.18167027326365	4016.1878767696	0.0465606763518	0	2.9031482501902	68.717070114427	50.519247098343	123.72297042026	0.50203816965039	0.06823537274538	69.62342020106	0.13743622957864	1.8800732765117	0.45870241521527	2.338775691727	40.114364329099	68.664181856155	0.011268265554054	8.7443082074147	247.6541545651	0.49001942900841	1.889177296993	2.3791967260014	2.3166507596035e-06	1.1032739436054e-05	1.3349390195657e-05	0.30453724551435	37.522282267817	1.5323246454748
12	0.18198185237036	4016.2285480989	0.046751210905421	0	2.8639789283928	68.541380593473	50.530997522699	123.73955397876	0.48905678342507	0.067689695184943	69.626616704171	0.13845610111769	1.869086408494	0.45625569200422	2.3253421004982	40.111931717608	68.658844331725	0.011231541876791	8.6867620947431	247.6404137526	0.48645255603016	1.8888234239985	2.3752759800287	2.317945162636e-06	1.1021960449815e-05	1.3339905612451e-05	0.29405173171757	37.52040393072	1.5461846513981
12.2	0.1819684524675	4016.2918878773	0.046911945233012	0	2.8062957961133	68.267765009143	50.548854529538	123.76470705256	0.47006256725882	0.066654246934603	69.631462383955	0.13967545765647	1.8636006411165	0.4594978299173	2.3230984710338	40.108104255541	68.650459128559	0.01114290154152	8.5965950880956	247.61864460611	0.48960160710372	2.0156455258658	2.5052471329695	2.3164584302573e-06	1.0982523532694e-05	1.3298981962952e-05	0.27873643334779	37.517377414779	1.5655290850755
12.48	0.18119285400166	4016.3801370759	0.046922003803138	0	2.7321614993931	67.886538273576	50.573018857877	123.79857680949	0.44589556022886	0.064966658759093	69.638014083528	0.14077333557238	1.8343700522796	0.44349051222601	2.2778605645056	40.102696859416	68.638632584515	0.010970872493092	8.4738163814931	247.58759758953	0.48225964896276	1.9060436087165	2.3883032576793	2.3091369976223e-06	1.0915787542088e-05	1.322492453971e-05	0.25930421171055	37.51296391061	1.5889097927996
12.872	0.17896227749604	4016.5028552307	0.046549093849508	0	2.6398872130007	67.356397513035	50.605606564331	123.84378795572	0.41627469197141	0.062286465539745	69.646857460486	0.14112373943559	1.8145270664146	0.44075907227828	2.2552861386929	40.095035660466	68.621911433279	0.010647392891012	8.3039089157482	247.54309553546	0.47483584149972	1.8925584999246	2.3673943414243	2.2901618141146e-06	1.0793969161298e-05	1.3084130975412e-05	0.23558918555861	37.506464702306	1.6132729667648
13	0.17806788905348	4016.5427191027	0.046356483683535	0	2.6122592026124	67.184186771958	50.616013125567	123.85807905779	0.40751721936882	0.061382694504534	69.64968047483	0.1409978326898	1.8105401268937	0.44004784709828	2.250587973992	40.09251086495	68.616411235143	0.010528126350281	8.2487196319742	247.52832616015	0.47314328099619	1.8919988379077	2.3651421189039	2.2825114890195e-06	1.074818070748e-05	1.30306921965e-05	0.22860302017237	37.50426901537	1.6193033367963
13.2	0.176505113023	4016.6048018603	0.045982755906592	0	2.5714142541697	66.915988964377	50.632068155876	123.87997183325	0.39468264864341	0.059939140467683	69.654031338512	0.14054635718599	1.8155400407914	0.44647190836817	2.2620119491596	40.088542479063	68.607777647099	0.010327891091229	8.1613519984933	247.5050216018	0.47842298523178	2.014533045316	2.4929560305478	2.2688897229993e-06	1.0660613095372e-05	1.2929502818371e-05	0.21839018668417	37.500768574072	1.6265176364505
13.48	0.17421396186425	4016.6913004502	0.045386936970831	0	2.5186059111543	66.542310758237	50.65418669158	123.90979501673	0.37831130289393	0.05795329342031	69.660012340488	0.13961145158677	1.7981042864084	0.43350554342181	2.2316098298302	40.082938837662	68.595611734718	0.010037559672822	8.041236498268	247.47195849321	0.4735084806413	1.9074509414209	2.3809594220622	2.2483885917142e-06	1.0543817796303e-05	1.2792206388017e-05	0.2054145281312	37.49573361765	1.6338177712071
13.872	0.17082204173286	4016.8115853776	0.044430327231087	0	2.4522843631497	66.022667064791	50.684577882708	123.95009909519	0.35816657890069	0.055261662776643	69.668189841669	0.13775084138954	1.7892934613193	0.43353707543851	2.2228305367578	40.07499979662	68.578430935204	0.0096186940302966	7.8734485248166	247.42488072113	0.46816238997469	1.8937702585617	2.3619326485364	2.2172032834593e-06	1.0377943935923e-05	1.2595147219382e-05	0.18954572873615	37.488443188262	1.6381328604365
14	0.16970603998307	4016.8506588219	0.044101466382393	0	2.4322835910837	65.85386624293	50.694384707153	123.96293435085	0.3521913615375	0.054418682680249	69.67081283782	0.13704766002569	1.7880230004151	0.43356067713255	2.2215836775477	40.072383991791	68.572785640718	0.0094824388702119	7.8187090473221	247.40932831094	0.46692559385672	1.8930481033447	2.3599736972014	2.206727482632e-06	1.0322660521003e-05	1.2529388003635e-05	0.18486272988567	37.486008200826	1.6383164194015
14.2	0.16792645290917	4016.9115107893	0.043563531507905	0	2.4025700354339	65.590978970901	50.709599937482	123.98268030421	0.34341452814868	0.053126075076672	69.674863591668	0.13582898876266	1.7969013189706	0.44122606014264	2.2381273791133	40.068273367391	68.563930602494	0.0092684572301089	7.7319012057712	247.38485574176	0.4726567160165	2.0137867818353	2.4864434978518	2.1897015419383e-06	1.0224309861685e-05	1.2414011403623e-05	0.17800836400695	37.482152014946	1.6370562682577
14.48	0.16552361803984	4016.996294903	0.042821330710567	0	2.3638671656739	65.224699881797	50.730703820013	124.00972789377	0.33217953144428	0.051427294278587	69.680440754853	0.13406959642181	1.7836609247871	0.42946857042521	2.2131294952123	40.062471706503	68.551466737935	0.0089801393580588	7.6122685227988	247.35026582612	0.46829263024715	1.9076252695295	2.3759178997767	2.1660977960476e-06	1.0099142688444e-05	1.2265240484492e-05	0.16928280375147	37.47665512703	1.6339189918166
14.872	0.16221409049661	4017.1141963212	0.041783907819351	0	2.3147252923476	64.715345499222	50.759912069055	124.04653028978	0.31828003765005	0.049221951779295	69.688071986772	0.13145739088646	1.7784984724497	0.43051429399393	2.2090127664436	40.054261285842	68.533895482262	0.0085950373373701	7.4448863788215	247.301247673	0.46344078037412	1.8938219356539	2.357262716028	2.1329084537307e-06	9.9299704545723e-06	1.2062878908303e-05	0.15857954387452	37.46878499311	1.6261649100793
15	0.16115671418379	4017.1524955011	0.04144990248643	0	2.2997768987017	64.549887089424	50.769376864692	124.05830469507	0.31413886883741	0.04854494204588	69.690520348579	0.13058533168736	1.7780783423235	0.43079481154092	2.2088731538644	40.051559262921	68.528129859586	0.008474752441873	7.3902493329202	247.28510629539	0.46232433280616	1.8930343400271	2.3553586728333	2.1221661097507e-06	9.8750087773941e-06	1.1997174887145e-05	0.15541299576082	37.466176184552	1.6229604157918
15.2	0.1595304751057	4017.212141784	0.040934440459587	0	2.2774404692287	64.292205222062	50.784096051208	124.07647146511	0.30803729828809	0.047529729849034	69.694303158662	0.12921140970718	1.78792248095	0.43871394577609	2.2266364267261	40.047316938446	68.519094322574	0.0082925177716219	7.3049050336044	247.25975688916	0.46817859486983	2.0130384900673	2.4812170849371	2.1054008928998e-06	9.7925626462378e-06	1.1897963539138e-05	0.15077008579894	37.462063280576	1.6173438993911
15.48	0.15730816732519	4017.2952462918	0.040229170710198	0	2.2480928642616	63.933178778127	50.804569876147	124.1014502507	0.30018954074265	0.04619316467931	69.699512766595	0.12728049383895	1.7759006352727	0.42744544798939	2.2033460832621	40.041337241597	68.50639261492	0.0080495630319747	7.1854822869749	247.22401863137	0.4640170114988	1.9073359877459	2.3713529992447	2.0820379809206e-06	9.667018641733e-06	1.1749056622654e-05	0.144843443981	37.456235187504	1.6083893072465
15.872	0.15430550455936	4017.4108124858	0.039279464979712	0	2.2103587634513	63.433910033559	50.832991501134	124.13559607244	0.29041017405327	0.044478803037113	69.706640489612	0.1245958394184	1.7717455412117	0.42882143100339	2.2005669722151	40.032890336045	68.488515988921	0.0077336879736301	7.0184391535674	247.17353246498	0.45940203790312	1.8935256280151	2.3529276659182	2.0498799366171e-06	9.5018473476017e-06	1.1551727284219e-05	0.1375426363003	37.447951420899	1.5940807433447
16	0.15335007360383	4017.4483531016	0.0389793217261	0	2.1987686496337	63.271727861604	50.842217520367	124.14655576811	0.28747937217976	0.043954369928411	69.708927758629	0.1237297603699	1.7715502028322	0.42918138167306	2.2007315845052	40.030114518395	68.482657277604	0.0076364136366632	6.9639360418399	247.15694304171	0.45835630860783	1.8927254312101	2.351081739818	2.0395709222768e-06	9.448664476775e-06	1.1488235399052e-05	0.13537511321938	37.445218782908	1.5890596066615
16.2	0.15185254100705	4017.5068181044	0.038508412372283	0	2.1813391994715	63.019148342558	50.856577543721	124.16349442195	0.28314373530979	0.043158002176137	69.712460263562	0.12234959836492	1.7813787879349	0.43698228646414	2.218361074399	40.025759916268	68.473482273638	0.0074877228174171	6.8775936822847	247.13092103575	0.46428836734427	2.0123294810033	2.4766178483476	2.0231788535952e-06	9.3547024486338e-06	1.1377881302229e-05	0.13218926208117	37.440922635504	1.5804468395338
16.48	0.14987033699486	4017.5882769202	0.037890000398982	0	2.1582212818173	62.667230960177	50.876572821333	124.18684341779	0.27753271458672	0.042129721597319	69.717324976296	0.12051276538582	1.7696393742721	0.42595867323515	2.1955980475072	40.019629782844	68.460597602772	0.0072948727571534	6.758565928115	247.09429727455	0.46027334429738	1.9069759006406	2.367249244938	2.0010076292697e-06	9.2372122920795e-06	1.1238219921349e-05	0.12810708118298	37.434858039292	1.5685063866631
16.872	0.14716622667856	4017.701554936	0.03706312610156	0	2.128096840426	62.177848192028	50.904361506478	124.21886754942	0.27047562523943	0.040803872405065	69.723985433578	0.11801023582541	1.7657784567772	0.42745571573342	2.1932341725106	40.010986240415	68.442488185325	0.007045959729627	6.5922306024257	247.04267087324	0.45585470795008	1.8932080269151	2.3490627348652	1.97045188699e-06	9.0788576722664e-06	1.1049309559256e-05	0.12304910969613	37.426278953349	1.5508442940111
17	0.14630135387495	4017.7383522776	0.036802118119908	0	2.1187501631998	62.018877391258	50.913387308832	124.22916877399	0.26834493740714	0.040396099453345	69.726123966901	0.11721053365018	1.7656639402246	0.42784684892776	2.1935107891524	40.008149529208	68.436558742462	0.0069694354552375	6.537995118136	247.02573072449	0.45486971623348	1.8924114344907	2.3472811507241	1.960651643845e-06	9.0275090146222e-06	1.0988160658467e-05	0.1215402878522	37.423457727836	1.5448910477259
17.2	0.14494400628899	4017.7956597903	0.036392457155803	0	2.1046020814825	61.771299199925	50.9274391473	124.24510966574	0.26517707630646	0.039774035316113	69.729427693888	0.11594345452515	1.7753273532658	0.43547596578621	2.210803319052	40.003702981076	68.427278221097	0.0068523359496414	6.4522393391357	246.99918082334	0.46087298382258	2.0117011257692	2.4725741095917	1.9450450319724e-06	8.9368866815308e-06	1.0881931713503e-05	0.11931530633157	37.419030491323	1.5349999214831
17.48	0.1431401295878	4017.8755060182	0.035854310771851	0	2.0856567590696	61.426350130194	50.947009401444	124.26711928287	0.26104597385806	0.038967910883787	69.733979099519	0.11426448144217	1.7637682655223	0.42464497736912	2.1884132428914	39.997450367059	68.414255377701	0.0067005954658173	6.333935321128	246.96185581601	0.45698541509254	1.9066620868159	2.3636475019085	1.9238599751857e-06	8.8219088621523e-06	1.0745768837338e-05	0.11644980466981	37.41279619111	1.5214767901518
17.872	0.14066519208892	4017.9865417847	0.035132295187665	0	2.0606419890623	60.946657615601	50.974208336763	124.29736483104	0.25579160259498	0.037918439613913	69.740213357764	0.11198678896107	1.7601942950773	0.42623834829427	2.1864326433716	39.988646726772	68.39596946608	0.006504071989134	6.1687785985116	246.90931392649	0.45272442397602	1.8929304242392	2.3456548482153	1.8945354619822e-06	8.665664576759e-06	1.0560200038741e-05	0.11287193441592	37.404003684045	1.5020107232004
18	0.13986930831188	4018.0226107693	0.034903471956603	0	2.0528048718611	60.790834601913	50.98304152612	124.30710588763	0.25419114095125	0.037592935644681	69.742215614829	0.11125972523719	1.7601773910289	0.42665844682498	2.1868358378538	39.985760356664	68.389986178763	0.0064433907643402	6.1149687150211	246.89208946833	0.45178600253484	1.8921345448338	2.3439205473687	1.8851058403065e-06	8.6148583072328e-06	1.0499964147539e-05	0.11179796342424	37.401118067078	1.4955490146148
18.2	0.13861691049742	4018.0787840024	0.034542810323908	0	2.0408679865281	60.548158714432	50.99679110572	124.32218976506	0.25179754499253	0.037092769596791	69.745309007572	0.11010732136349	1.7697541686247	0.43414647232361	2.2039006409483	39.981238714808	68.380625095498	0.006350016446906	6.0299960409374	246.86510899182	0.45783943554392	2.0111392648465	2.4689787003904	1.8700349503465e-06	8.5250944991731e-06	1.039512944952e-05	0.1102074762314	37.396595172785	1.4849524431626
18.48	0.13694558064445	4018.1570499412	0.034067668379129	0	2.0247408971943	60.210039989526	51.01593374084	124.34303289341	0.24864845575665	0.036440988258605	69.749570796798	0.1085806770381	1.7584494544566	0.42349916405334	2.1819486185099	39.974885797729	68.367496262417	0.0062286924634296	5.9127715915178	246.82720695656	0.45404446901846	1.9063674978059	2.3604119668244	1.8494890881439e-06	8.4103283358788e-06	1.0259817424023e-05	0.10814571508248	37.390236291146	1.4705390228161
18.872	0.13463728476908	4018.2658883019	0.033425409711886	0	2.0031895770853	59.73984587104	51.042520899293	124.37169959013	0.24459180065571	0.03558142327964	69.755407747659	0.10650505761455	1.7552791074216	0.42520694147595	2.1804860488976	39.965950420582	68.349073962755	0.0060701245462559	5.7493000418191	246.7739024921	0.44989158022422	1.892649035091	2.3425406153152	1.8208829981077e-06	8.2531542192357e-06	1.0074037217343e-05	0.1055462257922	37.381285678388	1.4500218026971
19	0.13389092251584	4018.3012434935	0.033220601116457	0	1.9963787032508	59.587108317952	51.051150363468	124.38093632299	0.24334399132777	0.035312079613887	69.757282034739	0.105840724344	1.7553988089888	0.4256633503773	2.1810621593661	39.963023004576	68.343048802337	0.0060207733421962	5.6960825921346	246.756439045	0.44898358329445	1.8918470757142	2.3408306590087	1.8116563762304e-06	8.201961575143e-06	1.0013617951373e-05	0.10475985574443	37.378352002798	1.443254526683
19.2	0.1327139047051	4018.356305114	0.03289625102653	0	1.9859481530058	59.349237668741	51.064576647008	124.3952416311	0.24146574057986	0.03489495417654	69.760176955748	0.10478549345464	1.7649884195168	0.43305180674619	2.198040226263	39.958439102101	68.333624799831	0.0059442617514333	5.6121564255477	246.72909452719	0.45506525723932	2.010609171681	2.4656744289203	1.7968592751975e-06	8.1116981377789e-06	9.9085574129764e-06	0.10358916831971	37.37375735648	1.432234592449
19.48	0.13113588392724	4018.4330223176	0.032466868817314	0	1.971747121117	59.017814048715	51.083255239627	124.41501123304	0.23897103986179	0.034347455189757	69.764163401478	0.10338381654626	1.7540152752235	0.42258592732284	2.1766012025464	39.952002611711	68.320412633057	0.005844289227429	5.4963816147804	246.69070052127	0.45132667000867	1.90603994094	2.3573666109487	1.7765921353437e-06	7.9953282824497e-06	9.7719204177934e-06	0.10205950387388	37.367304307973	1.4172518204207
19.872	0.12894386121562	4018.539707101	0.031881527598682	0	1.9525745582414	58.556930261096	51.109167248498	124.44219919271	0.23571397545247	0.033615405802676	69.769618392313	0.10146869476933	1.7513461543869	0.42442982726894	2.1757759816559	39.942956631103	68.301882014003	0.0057120303959581	5.3351195828944	246.63673842947	0.44723264408358	1.8923085161589	2.3395411602425	1.7482209531834e-06	7.8349579554189e-06	9.5831789086023e-06	0.10010833603996	37.358232825849	1.396022938881
20	0.12823175076426	4018.5743627338	0.031693668965907	0	1.946471407517	58.407217075286	51.117569553459	124.45095761208	0.23470195727866	0.033383618645311	69.771368580205	0.10085321978966	1.7516315963547	0.424929515443	2.1765611117977	39.939994541755	68.295823331871	0.0056704708032003	5.282667376172	246.61906717696	0.446339576439	1.8914939099184	2.3378334863574	1.7390468078407e-06	7.7827044378293e-06	9.52175124567e-06	0.099512694678839	37.355262082193	1.3890395802319
20.2	0.12713017394343	4018.6283349015	0.031403387401608	0	1.9370826018925	58.174056519133	51.130634553173	124.46452152994	0.23316864907508	0.033029452952943	69.774071522337	0.099901452734131	1.7613173018718	0.43225702100006	2.1935743228719	39.935358117158	68.286348962344	0.0056070751732976	5.2009368201854	246.5914057036	0.45243408458002	2.0100813965845	2.4625154811645	1.7245703799847e-06	7.7019638368181e-06	9.4265342168028e-06	0.098620561328037	37.350611951233	1.3780717562014
20.48	0.12560277836095	4018.703534231	0.031003528874755	0	1.9242194420903	57.849195439198	51.148791958467	124.48325877153	0.23111270205647	0.032548125534829	69.777790573817	0.098588906337444	1.7507338705102	0.42196928788892	2.1727031583991	39.928850886825	68.273069706955	0.0055212887001338	5.0869952279834	246.55257966607	0.44872146149176	1.9056366241773	2.3543580856691	1.7042116135916e-06	7.5800580209415e-06	9.2842696345332e-06	0.097444275081661	37.344085458008	1.3626087155644
20.872	0.12348773937688	4018.8081083095	0.03045520266029	0	1.9067102788037	57.39743763655	51.173938575916	124.50900090133	0.22839316184233	0.031899030528837	69.782868828976	0.09678712208691	1.7486275922782	0.42396538115364	2.1725929734318	39.919710146107	68.254450561609	0.0054063864055418	4.9284798357408	246.49803301342	0.44463999762804	1.8918653972121	2.3365053948401	1.6756542449998e-06	7.4137354013259e-06	9.0893896463257e-06	0.095924265438394	37.334918281797	1.3407559836177
21	0.12279888517574	4018.8420783058	0.030278497684684	0	1.901104723904	57.250688933735	51.182081979729	124.51728652821	0.2275400034732	0.031691845105564	69.784495336281	0.09620622325148	1.7490948476809	0.4245126467252	2.1736074944061	39.91671810328	68.24836420127	0.0053699679055218	4.8769711631082	246.48017568887	0.44374720240007	1.8910323517686	2.3347795541687	1.6664093834982e-06	7.3597791411388e-06	9.026188524637e-06	0.095455612460509	37.331917886058	1.3335792294909
21.2	0.12171000839931	4018.8949826902	0.029996580974161	0	1.8924511091527	57.022145207965	51.194731259399	124.53010688017	0.22623945173896	0.031366642006175	69.787002530647	0.095278941303918	1.7588829153291	0.43177824174825	2.1906611570774	39.912035528189	68.238847476212	0.005312632227397	4.7959211599637	246.45222676936	0.44982973252727	2.0095182324462	2.4593479649735	1.6515079431661e-06	7.2653272486223e-06	8.9168351917884e-06	0.094749092791057	37.327222737244	1.3219728544625
21.48	0.12023994742849	4018.9686943107	0.029620172472143	0	1.8805375865324	56.703716726384	51.212284405032	124.54779664507	0.22448027812229	0.030934053639443	69.790444213273	0.094039342660674	1.748658084516	0.42165404106565	2.1703121255816	39.905465327336	68.225511021027	0.0052367610483602	4.6842169083556	246.41300756419	0.4461047187011	1.9051138532565	2.3512185719576	1.6309611909729e-06	7.1424797670658e-06	8.7734409580387e-06	0.093808580793036	37.320636058151	1.3061570648393
21.872	0.11818192806775	4019.0711996223	0.029100089275543	0	1.8642194013416	56.260904210015	51.23654250458	124.57206065743	0.22212568070312	0.030341988840769	69.795130501287	0.092328623234814	1.7471133671379	0.42380966161877	2.1709230287566	39.896240051064	68.206816124817	0.0051339475685053	4.529047663128	246.35792736512	0.4419975065622	1.8912842110582	2.3332817176204	1.6019910730713e-06	6.9719649521528e-06	8.5739560252241e-06	0.092576815234904	37.311389857988	1.2838128752831
22	0.11750891807547	4019.1044976053	0.028931529407918	0	1.8589726134588	56.117061291196	51.244385079327	124.57985981972	0.2213807125067	0.030151298133735	69.796627840866	0.091774636089938	1.7477663287933	0.42440721411195	2.1721735429053	39.893221201741	68.200705965052	0.0051010586897033	4.4786811348535	246.33989940182	0.44109411929475	1.8904294735097	2.3315235928044	1.5925992236155e-06	6.9165423419019e-06	8.5091415655173e-06	0.092193200487181	37.308364780738	1.2764753759657
22.2	0.11644633663477	4019.1563554216	0.02866235910813	0	1.8508515901594	55.89304297929	51.256552708117	124.59191509887	0.22023902019809	0.02985096143595	69.79893179563	0.090890082841691	1.7576797933494	0.4316235190706	2.18930331242	39.888497495834	68.191152931205	0.0050490311252814	4.3995738470635	246.31168723333	0.44715793386596	2.0089032398941	2.4560611737601	1.5774558270356e-06	6.8205125443566e-06	8.3979683713922e-06	0.091611123494543	37.303632117561	1.2646555435348
22.48	0.11500524566694	4019.2286088904	0.028300584179846	0	1.83963099695	55.580919726096	51.27340684972	124.60852205976	0.21868308253681	0.029448322251463	69.80208543446	0.089700503575763	1.7478241456657	0.42165862111522	2.1694827667809	39.881871109616	68.177767263686	0.0049795862604898	4.2905525707817	246.27210571914	0.44340024466787	1.9044583707778	2.3478586154456	1.5564983790313e-06	6.6940555821143e-06	8.2505539611456e-06	0.090828975680677	37.296994870078	1.2484823907945
22.872	0.11298519177657	4019.3290865136	0.02779835815517	0	1.8241911763386	55.146875373363	51.296635616843	124.63124280489	0.21657970177208	0.028892909313838	69.80636011712	0.088051918396976	1.7468607048169	0.42398423587513	2.170844940692	39.872569574553	68.159006247097	0.0048845505575515	4.1393602528156	246.21652941178	0.4392327531539	1.8905479188576	2.3297806720115	1.5269017676466e-06	6.5182985426792e-06	8.0452003103258e-06	0.089791372611737	37.287681264655	1.2256407883792
23	0.11232340201617	4019.3617258239	0.027635076832124	0	1.8192112293597	55.005880701557	51.304129505957	124.63853095353	0.21590952685741	0.028712998607923	69.807720849139	0.087516537385333	1.7477047848883	0.42463448023976	2.1723392651281	39.869526367991	68.152875119156	0.0048539441067261	4.0903466347774	246.19834203701	0.43830757619881	1.8896674013276	2.3279749775264	1.5173061651035e-06	6.4612942799469e-06	7.9786004450504e-06	0.089465177039073	37.284634930173	1.2181427349168
23.2	0.11127976889743	4019.412557844	0.02737422917401	0	1.8114885842156	54.786298196518	51.315738794573	124.64977957928	0.21487798036998	0.028429010395563	69.809808882736	0.086661465790755	1.7577435988059	0.43179898705958	2.1895425858655	39.864765114377	68.143289906568	0.0048053520399837	4.0134748437645	246.16988322363	0.44434104564377	2.0082195455879	2.4525605912316	1.5018311898562e-06	6.3632603294788e-06	7.8650915193351e-06	0.08896726609132	37.279869759082	1.2060961845048
23.48	0.10986099944395	4019.4833820938	0.027022344443245	0	1.8007907400106	54.480355322938	51.331782821997	124.66523953535	0.21346360332062	0.028046400232276	69.812654756509	0.085507501160618	1.7482381196311	0.42198476718773	2.1702228868188	39.858087126028	68.129860289517	0.0047401179629175	3.907614549393	246.12996103582	0.44052557747597	1.903649875178	2.3441754526539	1.4803784252503e-06	6.2335798964988e-06	7.7139583217491e-06	0.088292507592696	37.27318833068	1.1895769224762
23.872	0.10787130640689	4019.5818722483	0.026532533568316	0	1.7860218076629	54.054905517015	51.353819779596	124.68631653307	0.21153642424662	0.027515847394976	69.81648676338	0.083904172136139	1.7478518765587	0.42448607931489	2.1723379558736	39.848715035362	68.111039664847	0.0046502300456213	3.7610883869369	246.07391614095	0.43626463265457	1.8896389534994	2.325903586154	1.4500705784019e-06	6.0534158798281e-06	7.50348645823e-06	0.08738710239682	37.263815203324	1.1662641524695
24	0.10668515252438	4019.6099379179	0.027699804888916	0	1.7726779936327	53.931265276471	51.360972379511	124.69264912303	0.20990914186546	0.027255021529811	69.816885796538	0.085029285893909	1.7402575909053	0.42370179249861	2.1639593834039	39.845534656758	68.10472789138	0.0047276442929062	3.7132986950055	246.05556289882	0.43241623972784	1.8884511114998	2.3208673512276	1.4459049527829e-06	6.0315152528205e-06	7.4774202056034e-06	0.086686096773664	37.260750815393	1.1766638223207
24.2	0.10632321402642	4019.6678332097	0.042339646856536	0	1.7886373110806	70.936614864294	51.371874363448	124.70453859433	0.21171016344132	0.027027235488513	69.821235792306	0.11204241072045	1.7863024954489	0.43893818710099	2.2252406825499	39.841140865744	68.095753971841	0.0058302004552219	3.6367291199094	246.02678905243	0.45233786232882	2.009501370517	2.4618392328458	1.5431432771123e-06	6.5342043400667e-06	8.077347617179e-06	0.087375334221002	37.255954157646	1.5977792901116
24.48	0.11120480658032	4019.7756498083	0.054278761052572	0	1.8806585878515	94.629739678283	51.386138854579	124.72322651631	0.22245421716284	0.027662398554041	69.832431982563	0.13861342944992	1.8722137852608	0.44367054254147	2.3158843278022	39.835758277445	68.084229985961	0.0067017887760436	3.5346246652766	245.98652494937	0.47970561324792	1.9065125362777	2.3862181495256	1.6473082146865e-06	6.9884602120886e-06	8.6357684267752e-06	0.091718623693849	37.249215325389	2.0693265373576
24.872	0.1280922095375	4019.9789278031	0.064589911618929	0	2.1297048043379	127.57703795137	51.403834802374	124.75121820551	0.25168257770739	0.030710376439972	69.853571690847	0.16615874166938	2.0318838889338	0.47872141293616	2.5106053018699	39.829056261108	68.069021324571	0.0075210540043577	3.4019273240777	245.93149344767	0.5132340020438	1.890558243329	2.4037922453728	1.7889297330531e-06	7.5286839527432e-06	9.3176136857962e-06	0.10362806479703	37.239852909578	2.5981817465288
25	0.1354979676698	4020.0575490177	0.067444160033874	0	2.2368480395557	138.28013015446	51.409030940204	124.76084369918	0.26427381011305	0.032177678818117	69.861340715855	0.17435753360228	2.0864151373714	0.4911117181017	2.5775268554731	39.827015284982	68.064191831889	0.0077834852652731	3.3613221991244	245.91420566447	0.52233110283339	1.8879510229607	2.4102821257941	1.8393523000019e-06	7.716697947013e-06	9.5560502470148e-06	0.10876890714921	37.236850334777	2.7510796992314
25.2	0.14859240698103	4020.1852363066	0.055827846153212	0	2.4054946937549	137.72811785674	51.416679106459	124.77516498118	0.28409696626899	0.034906386112685	69.872599414769	0.15783690539242	2.1890588033808	0.53523527220634	2.7242940755871	39.823634527393	68.056245561367	0.0069841491665009	3.3023747725438	245.8880402342	0.53491827708353	2.0220607158176	2.5569789929012	1.8084300129183e-06	7.4106294895379e-06	9.2190595024562e-06	0.11686504037666	37.232229896133	2.5205615396789
25.48	0.16507653226814	4020.3631451687	0.048097388812377	0	2.6165291751713	136.95900230325	51.426901279668	124.79419076839	0.3089017693066	0.038742608832283	69.885591913976	0.14560279617331	2.2280409429663	0.52832647065118	2.7563674136174	39.818441894774	68.04433619558	0.0066263890870969	3.2230803315196	245.85340373331	0.52347655395817	1.8887653870045	2.4122419409627	1.8075501999603e-06	7.2685220783666e-06	9.0760722783268e-06	0.12699531848192	37.225967688338	2.2619455323826
25.872	0.18279609015727	4020.6105578435	0.04503261672468	0	2.8684616294287	135.88945534976	51.440760169908	124.82157774814	0.33851228073564	0.043361471739674	69.900051416158	0.14062696525012	2.2420999646908	0.53792811083848	2.7800280755293	39.810869663055	68.027207798603	0.0067929243865306	3.1154896719547	245.80851601103	0.50241664890683	1.8643230804456	2.3667397293524	1.8379402632473e-06	7.3017548085022e-06	9.1396950717495e-06	0.13908737934677	37.217618096685	2.0016182239883
26	0.18755549445035	4020.690928005	0.04489933356154	0	2.9412902620929	135.5420253565	51.445212150567	124.83095111569	0.34707173289138	0.044667759404435	69.904156643858	0.14062540139588	2.2409040041873	0.53930775976591	2.7802117639532	39.808398324295	68.021615697625	0.0069139868947088	3.0809994079373	245.79461563704	0.49640846224771	1.8615515661277	2.3579600283754	1.8506510352774e-06	7.332973995984e-06	9.1836250312614e-06	0.14258258826188	37.214983998285	1.9356226116218
26.2	0.19407344701289	4020.8160974687	0.045197924537393	0	3.0463330358388	135.00094416583	51.452100260545	124.84609592497	0.3594168997703	0.04650384583249	69.910048756895	0.14172156743007	2.2503178420032	0.55186174895615	2.8021795909593	39.804565055086	68.012915520256	0.0071353665086861	3.0277020191435	245.77359029017	0.49720809952073	2.009284019648	2.5064921191687	1.8711370379392e-06	7.3908764584439e-06	9.2620134963831e-06	0.14762344540807	37.210954718334	1.8495416884966
26.48	0.20174829149752	4020.9905000883	0.046165505543481	0	3.1769442277396	134.24705909003	51.461595050184	124.86833550888	0.37476624722616	0.048710070038546	69.917481266447	0.1446354830189	2.2154955839054	0.53220129384215	2.7476968777475	39.79929271762	68.00085103274	0.0074658316738908	2.954277399945	245.74542045036	0.48488496526182	1.8768266087053	2.3617115739671	1.8993696656817e-06	7.4636798721821e-06	9.3630495378638e-06	0.15389052368435	37.205472885727	1.7574537880674
26.872	0.21046291496	4021.2330364984	0.047901682062061	0	3.3312580682885	133.19869224018	51.474536276256	124.90136666744	0.3928996546389	0.05123514262037	69.926809802694	0.14995451857945	2.1809353606677	0.52917905013095	2.7101144107987	39.792141038281	67.98422121152	0.0079089280420652	2.8539055595561	245.70809660224	0.47270503462236	1.8592175836833	2.3319226183057	1.9355337655199e-06	7.5582592702268e-06	9.4937930357467e-06	0.16129341860342	37.198064315181	1.6695287156337
27	0.21294210471877	4021.3118227521	0.048482804596408	0	3.3754605326069	132.85814200565	51.478659184284	124.9125547984	0.39809350986267	0.05195189994963	69.929687063188	0.15178908546327	2.1713892877502	0.52785866861433	2.6992479563646	39.7898642183	67.978853249258	0.0080433681164717	2.8217566150542	245.69634844887	0.47002764816325	1.8584518133913	2.3284794615546	1.9463525022227e-06	7.5847595991282e-06	9.5311121013509e-06	0.1634135595133	37.195700247591	1.6479397317201
27.2	0.21647933441434	4021.4345248965	0.049377713336822	0	3.4387899775103	132.32777527998	51.484987750239	124.93040371159	0.40553442036261	0.052974340315697	69.934050052399	0.15467700110957	2.1674070888079	0.53298644057995	2.7003935293879	39.786364709208	67.970525948853	0.0082415745183919	2.7721735439531	245.67839392554	0.4757420850651	2.0054578798665	2.4811999649316	1.9618727500313e-06	7.6228064412729e-06	9.5846791913042e-06	0.16645070888561	37.19205668726	1.6201258279875
27.48	0.22083906287303	4021.6054885769	0.050568730140556	0	3.5166721506965	131.58881868159	51.493598313941	124.95604850474	0.41468440424627	0.054231987716416	69.939963236094	0.15864057604261	2.1308367574258	0.51394833813793	2.6447850955637	39.781579693508	67.958982725841	0.0084939907380751	2.7041152945807	245.65399469538	0.46980471648692	1.8791587887954	2.3489635052823	1.9809149169917e-06	7.6553663551996e-06	9.6362812721913e-06	0.17018495178286	37.187047793219	1.5906667077968
27.872	0.22593206122317	4021.8432402921	0.052068684525026	0	3.607011603632	130.56121181669	51.505127424839	124.99301046712	0.42529635185824	0.055701242987151	69.948008439345	0.16383150533741	2.1041425427204	0.51152432228714	2.6156668650075	39.775087419302	67.943023350775	0.0087996799870461	2.6115416948027	245.62107289655	0.46425002898914	1.8636459736105	2.3278960025997	2.0024452098648e-06	7.6868757299316e-06	9.6893209397964e-06	0.17451486587379	37.18018983182	1.5624715373147
28	0.22737100749404	4021.9204721889	0.052512302639064	0	3.6324609787795	130.22740502145	51.508757716556	125.00528487645	0.42828541510818	0.05611775432077	69.950603018817	0.16540807006798	2.0983040389804	0.51073584259874	2.6090398815791	39.773013237825	67.937855347858	0.0088884390339864	2.5819765592305	245.61057892756	0.4632117107979	1.8631467207876	2.3263584315855	2.0083141171732e-06	7.6926026725028e-06	9.700916789676e-06	0.17573421687328	37.177982598226	1.5554386116545
28.2	0.22933546790004	4022.0407531042	0.053137023098528	0	3.6684712309163	129.7075404333	51.514289769727	125.02463560403	0.43251442710317	0.05668927808266	69.954631183621	0.16767525148071	2.1008992354034	0.51708089653453	2.617980131938	39.769814607399	67.929819774944	0.0090129189570108	2.5355858095928	245.59441203395	0.47074319839372	2.0058098192511	2.4765530176449	2.0154318417189e-06	7.6797949818748e-06	9.6952268235937e-06	0.17745911673285	37.174562643469	1.5454547904341
28.48	0.231781572622	4022.2083423671	0.053948980977276	0	3.7118344619559	128.98321644489	51.521747380078	125.05202398565	0.43760605557727	0.057407806910012	69.96023946348	0.17068265188715	2.0752840871619	0.50057498696807	2.5758590741299	39.765417576155	67.918644612283	0.0091721510996727	2.4732035134717	245.572205398	0.46700768145963	1.8829868180133	2.349994499473	2.0238369276698e-06	7.6776125875084e-06	9.7014495151782e-06	0.17953529048083	37.169828513229	1.5352280589112
28.872	0.23436660103784	4022.4413999409	0.054890867788534	0	3.7603213726164	127.97595806627	51.531629950491	125.09081946905	0.44329746834771	0.058193197838844	69.968069190163	0.17431649926113	2.0621462592742	0.50078431560064	2.5629305748749	39.759404654598	67.903128607155	0.0093563194620821	2.3884552234367	245.5418219027	0.46336298744916	1.8674550188998	2.3308180063489	2.0305562303614e-06	7.6572076738e-06	9.6877639041614e-06	0.18185490100063	37.163291115843	1.5242210632484
29	0.23502621080362	4022.5171069696	0.055151741490132	0	3.7735093156251	127.64876112243	51.534721929909	125.10356237428	0.44484498111265	0.058400444366835	69.970624552888	0.17535803137437	2.0603387041011	0.50085988963927	2.5611985937404	39.757471838434	67.898089236927	0.0094074778718907	2.3613916281465	245.53204156715	0.46273006304568	1.8667529210255	2.3294829840712	2.0316709272878e-06	7.6463588335227e-06	9.6780297608105e-06	0.18248530468155	37.161174796228	1.5210850590435
29.2	0.23581478286663	4022.6350127695	0.055492219875859	0	3.7916645290703	127.139190614	51.539415525635	125.12352499187	0.44697482039996	0.058657869831449	69.974614495398	0.17676996904792	2.0699557228255	0.50938080348272	2.5793365263082	39.754479423906	67.890239359365	0.0094750677463472	2.3189151790919	245.51688246737	0.47056472625576	2.0065306841401	2.4770954103959	2.0315034403698e-06	7.6092741348344e-06	9.6407775752042e-06	0.18335258864502	37.15788411914	1.5157965475532
29.48	0.23669509034147	4022.7992922138	0.055914870194544	0	3.8124816629485	126.42920933151	51.545710607709	125.1515466557	0.44941577248528	0.058961519653846	69.980200151144	0.17857007430385	2.0526839703698	0.49465385622615	2.5473378265959	39.750342459907	67.879294974574	0.0095588449966189	2.2617758844653	245.49588524588	0.46722315012001	1.8850029507044	2.3522261008245	2.0300277394046e-06	7.5742461486015e-06	9.6042738880061e-06	0.18434583766441	37.153307025875	1.5097403432608
29.872	0.23724771586068	4023.027746036	0.05633441734327	0	3.8336602466547	125.4418962518	51.553999512781	125.19084508439	0.45189665176695	0.059210867125625	69.988026268223	0.18052514046714	2.0484303050734	0.49680777179283	2.5452380768662	39.744641509014	67.86405022231	0.0096447940814396	2.184064443299	245.46684422753	0.46377053415512	1.8690360832584	2.3328066174136	2.0236439590759e-06	7.5117650407016e-06	9.5354089997775e-06	0.18535381051006	37.14694781175	1.5011943511474
30	0.23728258650701	4023.1019575739	0.05643171628658	0	3.838854628741	125.1211782391	51.556581465473	125.20366975688	0.45250439868726	0.059253621570565	69.990581597506	0.18102920127236	2.0490587405738	0.49746320449591	2.5465219450697	39.742798688753	67.859087899841	0.0096656657684593	2.1592213464706	245.45742605335	0.46313590782701	1.8681259800536	2.3312618878806	2.020668666818e-06	7.4880745755852e-06	9.5087432424032e-06	0.18560028407415	37.1448805934	1.4982662165829
30.2	0.23720158026075	4023.2175341195	0.056545737334377	0	3.8453767689384	124.62169791044	51.560491133197	125.22369007149	0.45326659769112	0.059284108155659	69.994573111961	0.18168637572233	2.0629137823356	0.50744701557085	2.5703607979065	39.739936321073	67.851348244951	0.0096913964161689	2.1209313635273	245.44276512105	0.4708767798834	2.0067915716662	2.4776683515496	2.0149966379049e-06	7.4506234933769e-06	9.4656201312818e-06	0.18590883871761	37.141658639003	1.4934973129646
30.48	0.23682571013634	4023.3785678422	0.056631605049265	0	3.8515187603721	123.9257752281	51.565714184186	125.25165073164	0.45398228146465	0.059256749919395	70.000156004171	0.18234905606685	2.0500656303726	0.49361594684207	2.5436815772147	39.735959892741	67.840537607083	0.0097141097906722	2.0683758613994	245.42232946655	0.46739959661953	1.8853620750154	2.352761671635	2.005203519257e-06	7.3841870801225e-06	9.3893905993796e-06	0.18619726236907	37.137161644078	1.4863284819445
30.872	0.23583298504136	4023.6025073423	0.056618167457284	0	3.8549498478557	122.95801233566	51.572547485686	125.29060629859	0.45437671787341	0.05909335751927	70.007952650351	0.18280062533347	2.0502074499417	0.49682660228715	2.5470340522289	39.730443053317	67.825441939506	0.0097218865958763	1.9967830233603	245.39383730065	0.46366016158796	1.8689994694519	2.3326596310399	1.9883340220164e-06	7.2888752229515e-06	9.2772092449679e-06	0.18635287349516	37.130885710534	1.4751350650485
31	0.23540403022694	4023.6752524273	0.056583727876961	0	3.8549560787412	122.64364493833	51.574665196157	125.3032638691	0.45437453782332	0.059012033624073	70.010490768661	0.18283867485904	2.0519718206746	0.49777753342895	2.5497493541035	39.728651249122	67.820519930966	0.0097190396536702	1.9738707174596	245.38454757622	0.4629179212567	1.8679559037876	2.3308738250443	1.9821740666866e-06	7.255872737619e-06	9.2380468043056e-06	0.18635018097471	37.128839477618	1.4711666270416
31.2	0.23457523257685	4023.7885449787	0.056478000939078	0	3.8539349056585	122.15405494689	51.577858082575	125.32296427591	0.45424993949544	0.058839025828511	70.014444100433	0.18271326186226	2.0676940165717	0.50843604181164	2.5761300583833	39.725859109496	67.812834576023	0.0097054082243066	1.9377871855721	245.37003621916	0.47047925746206	2.0065932978963	2.4770725553584	1.9711264391202e-06	7.1870358915866e-06	9.1581623307069e-06	0.18629646680045	37.125643956103	1.4639364140962
31.48	0.23336432600132	4023.9463961074	0.056315122210788	0	3.8505751329098	121.47191241684	51.582096436793	125.35037736283	0.45384860128986	0.058584909562079	70.019953429774	0.18246323136041	2.056491266941	0.49491824703771	2.5514095139787	39.721963866826	67.802084607878	0.0096832227579327	1.8892540596367	245.34972286524	0.46672281609954	1.8847333615127	2.3514561776123	1.9554783684405e-06	7.1125692396074e-06	9.0680476080479e-06	0.18612857930034	37.121173037037	1.4541943130644
31.872	0.23130980855199	4024.1659092992	0.05598720050367	0	3.842542282687	120.52331247873	51.587590833752	125.38840260818	0.45289536722542	0.058134722751589	70.027613045094	0.18174092535286	2.0581408831108	0.49856999631081	2.5567108794217	39.7165316863	67.787048339959	0.0096345530241253	1.8230767168522	245.32125119289	0.46260291835548	1.8680967317994	2.3306996501549	1.9312094158763e-06	7.0025955629037e-06	8.93380497878e-06	0.18573367232381	37.114915140902	1.439192366219
32	0.2305655281734	4024.2372165146	0.0558581519675	0	3.8392040000661	120.21516992862	51.589280334673	125.40072005927	0.45250002080846	0.057967824457405	70.03009772842	0.18142121412453	2.060250675899	0.49963211566661	2.5598827915656	39.714760970496	67.782140016171	0.0096147429672048	1.8018822388861	245.31193500639	0.46174033357205	1.8669843645553	2.3287246981273	1.9228347616426e-06	6.9650944863769e-06	8.8879292480195e-06	0.18557037651997	37.11287070058	1.43396442881
32.2	0.22928589435655	4024.3482696355	0.055614343836074	0	3.8333270548349	119.73527440268	51.591812743766	125.4198546431	0.45180460524914	0.057671413807366	70.033958640317	0.18076716166526	2.0764208269806	0.51045836988672	2.5868791968673	39.711995498129	67.774470606999	0.0095763113557073	1.7685136531731	245.29735125318	0.4691497791734	2.0060961383176	2.475245917491	1.9086229544847e-06	6.8915673898812e-06	8.8001903443658e-06	0.18528349478884	37.109674114156	1.424819708068
32.48	0.22750214053872	4024.5030003493	0.055272634987724	0	3.823864874089	119.06663911251	51.595142766768	125.44640982795	0.45068591458731	0.057259187130611	70.039319993154	0.1798246924113	2.0653889434907	0.49697163311959	2.5623605766102	39.708125391362	67.763732493031	0.0095219897745624	1.7235816276534	245.27687786672	0.46512933807266	1.8836676688646	2.3487970069372	1.8889234654755e-06	6.8093226012827e-06	8.6982460667582e-06	0.18482259057786	37.105194338228	1.4123744322101
32.872	0.22477406274983	4024.7181737989	0.054726924661979	0	3.8084964051097	118.13682259978	51.599394242986	125.48311739789	0.44887038482668	0.056620380241632	70.046735893241	0.17824002100443	2.0670512505697	0.50072812134801	2.5677793719177	39.70270637459	67.748694170975	0.0094340151589296	1.6622868939211	245.24808048648	0.46065522387407	1.8668537844307	2.3275090083048	1.8598503017876e-06	6.6913328924747e-06	8.5511831942623e-06	0.18407547657334	37.098911135407	1.3937703653109
33	0.22383645177428	4024.7880712519	0.054534264843119	0	3.8030247563073	117.83478162392	51.60068422859	125.4949793241	0.44822426896361	0.056399016086038	70.049132368678	0.17766414366955	2.0691058183073	0.50180279089326	2.5709086092006	39.700935077563	67.743781111546	0.009402687794381	1.6426521812208	245.23863624143	0.45968412566394	1.8657112412843	2.3253953669483	1.8500899085094e-06	6.6518000239701e-06	8.5018899324795e-06	0.1838097569683	37.096855656627	1.3874249333774
33.2	0.22228703660417	4024.8969287373	0.054199338289893	0	3.7940574413414	117.36438857837	51.602598442126	125.51337829472	0.44716559781666	0.056025730011971	70.052846808065	0.17663766974138	2.0849555702863	0.51249333070128	2.5974489009876	39.698164033562	67.736100458954	0.0093476949476652	1.6117366137814	245.22383213262	0.46696800724418	2.0054287814003	2.4723967886445	1.8339530997785e-06	6.5768178996283e-06	8.4107709994068e-06	0.18337451161325	37.093639219986	1.376629642985
33.48	0.2201717941402	4025.0486000954	0.053743095346805	0	3.7807255672453	116.70899303303	51.605074432753	125.53885858343	0.44559205888169	0.055518073377187	70.057985838078	0.17522055885279	2.073388000299	0.49892562322572	2.5723136235247	39.694277183995	67.725339303527	0.0092724983766954	1.5701097051741	245.20301225747	0.46272075575826	1.8824792430112	2.3451999987695	1.8118906747149e-06	6.4922702632346e-06	8.3041609379496e-06	0.1827278424811	37.089126749227	1.3619905370221
33.872	0.21707467464219	4025.2595187905	0.053063567360165	0	3.7607324693528	115.79758795503	51.608150423634	125.5739823039	0.44323296882564	0.054770720509604	70.065058098313	0.17306632211946	2.0743866776419	0.50262385737963	2.5770105350215	39.68881880861	67.710255903856	0.0091599462013219	1.5133341272862	245.17366440326	0.45795045764281	1.8655602471432	2.323510704786	1.7801992113353e-06	6.3731049461828e-06	8.1533041575181e-06	0.18175874745398	37.082789263216	1.3406466153858
34	0.21603610233751	4025.3280340822	0.052833125322012	0	3.7539226654757	115.50152772445	51.609060973599	125.58531010467	0.44242957764641	0.054519270933636	70.067334961288	0.17232614555126	2.0762145615099	0.50366566167299	2.5798802231829	39.687031178635	67.705325363991	0.0091216356775124	1.4951517458094	245.16402655706	0.45689066630769	1.8644095177982	2.3213001841058	1.769726967967e-06	6.3336169654161e-06	8.1033439333831e-06	0.1814288029602	37.080714246037	1.3334898568439
34.2	0.21440663700455	4025.4347389427	0.052465827215695	0	3.7430239720982	115.04044898168	51.610388470155	125.6028650094	0.44114391510063	0.054122183308833	70.070858034084	0.17113723004403	2.0914125629043	0.5140733688663	2.6054859317706	39.684232072699	67.697615529766	0.0090604090148472	1.4671032208765	245.14891028176	0.46408565400572	2.0046817469234	2.4687674009291	1.7532372592709e-06	6.2743707244968e-06	8.0276079837677e-06	0.18090086739467	37.0774660721	1.3221412026011
34.48	0.21210425155839	4025.5834109208	0.051939846542124	0	3.7272879251875	114.39803099248	51.61205339739	125.62713617488	0.43928783091377	0.053558492089218	70.075716939968	0.1694166221037	2.0790978239996	0.50041510660974	2.5795129306093	39.680300053963	67.686808901931	0.0089724032568848	1.4285679817672	245.12762758835	0.45967064742624	1.8813399247474	2.3410105721737	1.7299527465314e-06	6.1848126972295e-06	7.9147654437609e-06	0.18013883098939	37.072905959039	1.3059558182489
34.872	0.20885053171199	4025.7901582979	0.051185836072108	0	3.7044491498791	113.50467274059	51.614008015457	125.66050977714	0.43659433361136	0.052757996419661	70.082368322632	0.16691903422585	2.0792476321055	0.50399813791479	2.5832457700203	39.67476640309	67.671652325073	0.0088457242745851	1.3760382590427	245.09758734673	0.45467261942531	1.8643627218727	2.319035341298	1.6972224543038e-06	6.0661727832925e-06	7.7633952375963e-06	0.17903320809574	37.066495689577	1.2828206466263
35	0.20777629609568	4025.8573185258	0.050936100375552	0	3.6968228839397	113.21447482123	51.614555535821	125.67125464035	0.43569500296163	0.052493653516131	70.08450149683	0.16608531670053	2.0808079238638	0.50499239262782	2.5858003164916	39.672951659896	67.666695951515	0.0088036754271467	1.3592262761862	245.08771466157	0.453544720949	1.8632141104388	2.3167588313878	1.686528918938e-06	6.0275902955505e-06	7.7141192144885e-06	0.17866409848556	37.064395702289	1.2751691329425
35.2	0.20605446990689	4025.9619129523	0.050524163004422	0	3.6847530323796	112.76252593278	51.615317162128	125.68788216059	0.43427172857968	0.052064363083129	70.087791314576	0.16470077866239	2.0951892956339	0.51501904312937	2.6102083387633	39.670107081147	67.658943273033	0.0087340586371004	1.3327623748013	245.07222037181	0.46065410656061	2.0038952967563	2.4645494033169	1.6692726820115e-06	5.9567672196705e-06	7.626039901682e-06	0.17807999013745	37.061106951574	1.26256340015
35.48	0.20374877835713	4026.1076443146	0.0499766786985	0	3.6675738376626	112.13282850801	51.616194007397	125.71083427242	0.43224608722507	0.0514925255986	70.092310311124	0.16284837489615	2.0820662127631	0.50129191447789	2.583358127241	39.666106609964	67.64807314831	0.0086413852118508	1.297183571037	245.05039549723	0.45609883207967	1.880310942072	2.3364097741517	1.6460503576261e-06	5.8773038715863e-06	7.5233542292124e-06	0.17724874938364	37.056488070228	1.2456747158876
35.872	0.20049636835655	4026.3103021731	0.049203568421123	0	3.6430554517474	111.25715970308	51.617057651557	125.74233633101	0.42935527718258	0.050685720259599	70.098468430818	0.16021900759077	2.0813751230304	0.50475044829775	2.5861255713281	39.660470529164	67.632823167501	0.0085104333317416	1.248742924006	245.01957481471	0.45093670674976	1.8633163858048	2.3142530925546	1.6136102821229e-06	5.7675086360562e-06	7.3811189181791e-06	0.17606261031621	37.049992766027	1.2218665719212
36	0.19943011928156	4026.3761339138	0.048949966040899	0	3.6349545606193	110.97270800739	51.617251704396	125.75246442367	0.42840019672796	0.050421289598752	70.100436582823	0.15935331604541	2.0826858867363	0.50569824041709	2.5883841271534	39.658620874389	67.627835267165	0.0084674348503741	1.2332531094454	245.00944232736	0.44976215841786	1.8621764008871	2.3119385593049	1.60307246966e-06	5.7315686187434e-06	7.3346410884033e-06	0.17567075552043	37.047864363536	1.214064269994
36.2	0.19777956833292	4026.4786593287	0.048553461386406	0	3.6222115554957	110.52970818122	51.617465730047	125.76812926771	0.42689786066547	0.05001002464612	70.103467532914	0.15799661985533	2.0963051053728	0.51534868954459	2.6116537949174	39.655721104939	67.620033053028	0.0084001308636001	1.2093825916824	244.9935405698	0.4568286703411	2.0031176096928	2.4599462800339	1.5866720097788e-06	5.6781053666004e-06	7.2647773763792e-06	0.17505439563418	37.044531065865	1.201865789666
36.48	0.19548847996246	4026.6215078501	0.047999785079796	0	3.6042185074147	109.91247942406	51.617583884334	125.78972674454	0.4247766477608	0.049437877147389	70.107618851784	0.15609529222104	2.0825543070301	0.50161309077525	2.5841673978053	39.651641135686	67.609091987396	0.0083059804222389	1.1766392897562	244.97113512038	0.45220106734143	1.8794355497073	2.3316366170488	1.5638566214616e-06	5.5982579313096e-06	7.1621145527713e-06	0.17418417795244	37.039848634715	1.1848048232268
36.872	0.19232045999391	4026.8201565278	0.047229911444158	0	3.5787835856328	109.05414977264	51.617396226651	125.81931219025	0.42177823861739	0.048645145880909	70.113246836301	0.15344040458623	2.0812087002341	0.50497425049264	2.5861829507268	39.645888275825	67.593738539555	0.0081748196887324	1.1321107604969	244.93948451044	0.44693781009052	1.8624406694553	2.3093784795458	1.5323639630019e-06	5.4938014807941e-06	7.026165443796e-06	0.17295417568475	37.033261840418	1.1610268150442
37	0.19128944214257	4026.8846858746	0.046979917662767	0	3.5704316471787	108.77533051358	51.617249569748	125.82881113773	0.42079369399386	0.048387567595296	70.115038697825	0.15257618203847	2.0823235880134	0.50588428826432	2.5882078762777	39.643999391991	67.588716070593	0.008132194965441	1.1178870578129	244.92907808935	0.44573341994541	1.8613091649034	2.3070425848488	1.5221942777602e-06	5.4600813220684e-06	6.9822755998285e-06	0.17255031477264	37.03110312052	1.1532982310164
37.2	0.18965713208478	4026.9851828999	0.046575200637183	0	3.5573410835002	108.34110253895	51.616932464289	125.84348512861	0.41925057574749	0.047975318093394	70.117788853453	0.15117442842096	2.095208186258	0.51514258339185	2.6103507696498	39.6410366895	67.580858551469	0.0080630287933408	1.0955432923198	244.91274318355	0.45275445505298	2.0023564946165	2.4551109496694	1.5059707910786e-06	5.3991505779034e-06	6.905121368982e-06	0.17191734247654	37.027721674617	1.1407951673473
37.48	0.18748494323143	4027.1252051502	0.046041427411904	0	3.5389453650059	107.73609554279	51.616310983054	125.86369025986	0.41708213296337	0.047429761378016	70.12154017382	0.14931825110135	2.0809206324229	0.50143599250728	2.5823566249302	39.636866533257	67.569838677313	0.0079717139102233	1.0655382101765	244.88972850769	0.44807046632191	1.8786933914094	2.3267638577313	1.4842700032333e-06	5.3305429425142e-06	6.8148129457475e-06	0.17102789777431	37.022971238002	1.1241654140312
37.872	0.18446683243364	4027.319923378	0.045302301073348	0	3.5130920260117	106.89476169216	51.615100083064	125.89132840439	0.414034686776	0.046672687392869	70.1266023775	0.14674787748284	2.0790598949353	0.50472245730253	2.5837823522378	39.630985463277	67.554373957107	0.0078453248312399	1.0247999172271	244.85722105346	0.44275172097426	1.8617190648249	2.3044707857992	1.4543469265958e-06	5.2365778812226e-06	6.6909248078184e-06	0.16977795748171	37.016288773287	1.1011768516426
38	0.18348703535592	4027.3831759137	0.04506296353001	0	3.5046348684324	106.62146333651	51.614622236056	125.90019188167	0.41303782238979	0.046427232206431	70.128208219035	0.14591534312993	2.0800274002556	0.5056041838272	2.5856315840828	39.629054271243	67.549314903781	0.0078043898793829	1.0118017303106	244.84653369864	0.44153315210547	1.8605973734775	2.3021305255829	1.4447075108823e-06	5.2059590536321e-06	6.6506665645143e-06	0.16936909463396	37.014098666807	1.0937446929922
38.2	0.18194219013069	4027.4816844112	0.044677658611906	0	3.491408992613	106.19583351416	51.613791000796	125.91387435655	0.41147887476953	0.046036205805448	70.130666888185	0.14457443958279	2.0922830647897	0.51450191045737	2.606784975247	39.626025130639	67.541400055111	0.0077383558174817	0.99142384975744	244.82975919691	0.448535042606	2.0016302480408	2.4501652906468	1.4293950401995e-06	5.151021605763e-06	6.5804166459625e-06	0.16872970409107	37.010668092386	1.0818068239232
38.48	0.17988569576556	4027.6189359674	0.044169006326621	0	3.4728783968229	105.60280626519	51.612456561868	125.93269401665	0.4092946850682	0.045518326610903	70.134008436468	0.14279904524149	2.0776386432821	0.50087223686006	2.5785108801422	39.621761263043	67.530299514576	0.0076511009255891	0.96405336805505	244.80612733456	0.44383897940505	1.8780845555992	2.3219235350043	1.4089106582549e-06	5.0882884922639e-06	6.4971991505188e-06	0.16783389421365	37.005848638932	1.0659409985904
38.872	0.17704077175757	4027.8098010396	0.043467854090944	0	3.4469305823953	104.77813166679	51.61026089493	125.95839841562	0.40623628548229	0.044802765221068	70.138494071389	0.14035492925123	2.0754468465561	0.50411529989513	2.5795621464512	39.615747732256	67.514721096794	0.0075308912612502	0.92694872278282	244.77275342441	0.43850897959488	1.86113858483	2.2996475644249	1.3807708604815e-06	5.0025720843206e-06	6.3833429448021e-06	0.16657957409075	36.999069158043	1.0441471726653
39	0.17611980497666	4027.8718018739	0.043241544683644	0	3.4384629251181	104.51024489114	51.609464756487	125.9666323311	0.40523823675512	0.044571448549741	70.139911151046	0.13956652605382	2.0763187936678	0.50497854266437	2.5812973363321	39.613773043696	67.509624780659	0.0074920880596229	0.91512395536278	244.76178285989	0.43728824797327	1.8600251751967	2.29731342317	1.3717281117328e-06	4.9746520813498e-06	6.3463801930826e-06	0.16617025836439	36.996847314053	1.037132982125
39.2	0.17467064891434	4027.9683609537	0.042878357823824	0	3.4252394761699	104.09304296286	51.608139832201	125.97933389064	0.40367965255402	0.044203860656668	70.142074782397	0.13830160790289	2.088035741804	0.51354207789462	2.6015778196986	39.610675797006	67.501651658494	0.0074297000122234	0.89660592733164	244.74456599029	0.44428226980474	2.0009453782797	2.4452276480844	1.3573969145656e-06	4.9246518120081e-06	6.2820487265737e-06	0.165531064611	36.993367150572	1.0259140902084
39.48	0.17274303408195	4028.1028963168	0.042399487809854	0	3.4067475465721	103.51175824166	51.606121744725	125.99678613076	0.40150011774298	0.043717469308939	70.145003271562	0.13662986995841	2.0731610402855	0.50001979826743	2.5731808385529	39.606316322096	67.490469436625	0.007347373998989	0.87175255614588	244.72031487324	0.4395976162818	1.877587053644	2.3171846699258	1.338246310436e-06	4.8675116250436e-06	6.2057579354796e-06	0.16463722391983	36.988478255929	1.0110409095415
39.872	0.17008267791422	4028.2899840466	0.04174138181075	0	3.3809147218015	102.70341301437	51.602983948638	126.02058850073	0.39845538911331	0.0430471404087	70.14891127965	0.13433757531853	2.0707709242449	0.50324137985753	2.5740123041024	39.600168574326	67.474776550903	0.0072343199466568	0.83811209642566	244.68607480734	0.43428713260806	1.8606759102815	2.2949630428896	1.3120051818929e-06	4.7895224100734e-06	6.1015275919663e-06	0.16338858303509	36.981601589855	0.99071254078605
40	0.16922302974751	4028.3507578109	0.041529406867726	0	3.3724976955932	102.44083066084	51.601883854413	126.02820465491	0.39746334237185	0.042830851632922	70.150140077032	0.13360012575424	2.0715856611641	0.5040934918738	2.5756791530379	39.59815001441	67.469642862319	0.0071979064912699	0.82740398440196	244.67482179313	0.4330734411564	1.8595698367133	2.2926432778697	1.3035868372369e-06	4.764116805927e-06	6.0677036431639e-06	0.16298174998787	36.979348042669	0.98419280617611
