# Time [h]	MS [g]	Lignin [g]	Butyric [g]	Initial_Substrate [g]	Carbohydrates [g]	Substrate [g]	MO_AcidoLCFA [g]	MO_hydroM [g]	Proteins [g]	AA [g]	MO_acetoM [g]	Propionic [g]	Carbondioxide [g]	Carbondioxide_gas [g]	Carbondioxide_sum [g]	MO_Propionic [g]	MO_ButyricValeric [g]	Valeric [g]	LCFA [g]	MO_AcidoMS [g]	Methane [g]	Methane_gas [g]	Methane_sum [g]	Hydrogen [g]	Hydrogen_gas [g]	Hydrogen_sum [g]	Lipids [g]	MO_AcidoAA [g]	Acetic [g]
0.2	3.7060406396934	8024.2355638448	0.71914605371312	0.0	176.344320821204	34.437634872552	94.4413420582	221.02786389028	63.342398960404	2.4281619331374	128.162534532168	1.70395948365218	48.267288095418	4.018371786973	52.28565988239	78.153315385998	135.002095945772	0.21506686365968	3.9803659030066	483.7781529047	4.5389363568074	6.5242025725346	11.063138929342	3.2087473417114E-5	1.80218674175454E-4	2.1230614759256E-4	52.238940766058	70.523931801494	95.8591032008	
0.48	3.3243554116524	8024.318430111	1.09200120372664	0.0	157.025915825676	82.418521206218	94.49635213086	222.91698523688	56.35314278061	2.7739420967812	128.645274432454	3.317954526367	40.508663489378	7.0737055107094	47.582369000088	78.304312606856	135.271216504618	0.36153980724606	8.5128239085286	485.32016185676	5.0996205363294	4.1832992370366	9.282919773366	3.563139307765E-5	2.0293454291664E-4	2.385659359943E-4	46.464697752652	71.023673172298	99.04442996058	
0.872	2.7740978595394	8024.5463461298	1.05152966200298	0.0	133.835626441032	149.137492442922	94.618043163246	225.60883982008	47.895276199574	2.3876973960392	129.326726868378	4.1359034195476	31.522287840196	6.4705549626148	37.99284280281	78.577184094304	135.69827970173	0.35943949156062	13.778205872562	487.18461698048	5.3974702597358	3.454689026296	8.8521592860316	3.3153845636908E-5	1.88440993808742E-4	2.2159483944566E-4	39.463519443832	71.694904730276	103.37078696558	
1.0	2.6159790956166	8024.6421638976	1.00423786249578	0.0	127.097055494332	170.814273599534	94.666292224684	226.45183880304	45.420590647058	2.2394894208742	129.550411591888	4.1942743006418	29.159117740118	5.880991278015	35.040109018134	78.669806426086	135.829488798638	0.34456404514358	15.2687155380638	487.72804083742	5.4363726616186	3.360474187592	8.7968468492106	3.1832498317874E-5	1.8070922638077E-4	2.1254172469864E-4	37.411651511004	71.89420356542	104.398853885408	
1.2	2.3919428090482	8024.7989585128	0.89958190887724	0.0	117.298362135638	170.132397035912	94.748540483462	227.71766489402	41.815677376102	2.0220706084408	129.900775951558	4.0576605975614	28.15568032747	6.7238250986002	34.879505426072	78.814057526124	136.019282673412	0.31565962267302	17.3493325792068	488.51600190012	5.53424138976	4.5619527440934	10.0961941338534	2.9219484696122E-5	1.62965724910244E-4	1.92185209606366E-4	34.421391307366	72.1838889461	104.392609624908	
1.48	2.1176716866094	8025.0163388998	0.78509499830074	0.0	104.898794951994	169.182350123134	94.876713312674	229.37664988354	37.254629744136	1.76071569597526	130.392636253896	3.6894714727916	24.638061515518	4.9377704345314	29.57583195005	79.009104704646	136.255126390002	0.27914425898858	19.9394249748704	489.50639727518	5.503102784838	3.648363383564	9.151466168402	2.5846346787494E-5	1.45044160722572E-4	1.70890507510066E-4	30.638164108356	72.548625004904	103.65694422699	
1.872	1.79111918295232	8025.316902885	0.65514682345012	0.0	89.829379219268	167.861221412196	95.079184221442	231.47409245686	31.712882661224	1.45769157359352	131.083075171526	3.0170564437052	21.495296485224	4.2490867709378	25.744383256162	79.258613311704	136.535423682036	0.23484838129326	22.879490439614	490.69681526884	5.4229900619418	3.6648070348316	9.0877970967734	2.1636169270508E-5	1.2206615758357E-4	1.43702326854076E-4	26.041753515948	72.98834173286	100.831539773606	
2.0	1.69514609979366	8025.4166203684	0.61799408752746	0.0	85.40510928077	167.432063080436	95.150377063408	232.10594855342	30.086207425544	1.37010476245944	131.308833616666	2.7897956743644	20.786847855208	4.099025837839	24.885873693046	79.333284821274	136.616375114716	0.22204865785928	23.691533452402	491.0432885281	5.395110339755	3.6961726948382	9.0912830345932	2.0320985962836E-5	1.1478111734507E-4	1.35102103307906E-4	24.692631415372	73.116751898532	99.505704689074	
2.2	1.55792840510194	8025.5715801526	0.56408299825808	0.0	78.95337200447	166.763703323268	95.266463211776	233.03891540966	27.71444287855	1.2457649816191	131.661616501348	2.4481570477458	21.363953560338	5.0049856458744	26.368939206212	79.441888701202	136.732809882332	0.2031328456811	24.78123365789	491.54479420394	5.4024583491196	4.6178067240356	10.0202650731552	1.85025034714774E-5	1.03466666583832E-4	1.21969170055308E-4	22.725621146356	73.30293399157	96.901242065042	
2.48	1.38874802493816	8025.7869839522	0.4991125992589	0.0	70.788154462906	165.832490289932	95.438200134864	234.23956446126	24.713479933508	1.09600375603008	132.155202281316	2.0335259948066	20.242074710144	4.004293834824	24.246368544968	79.5772628624	136.877205889566	0.18009331477518	26.106451212428	492.17277879648	5.3106022253136	3.8312147732962	9.1418169986098	1.62998659061348E-5	9.1607644245576E-5	1.0790751015171E-4	20.236928042952	73.536909832004	92.706246342658	
2.872	1.18558969006936	8026.0856984166	0.42213332749878	0.0	60.862960800884	164.537549119462	95.694614556376	235.73358152102	21.067019514748	0.91953423750152	132.844402715702	1.58018580880098	19.2239456187618	3.7423820479728	22.966327666734	79.736216198748	137.047472982828	0.152504287716492	27.5098466077	492.92319913376	5.1883086115064	3.7711574796076	8.959466091114	1.37804343410126E-5	7.778530301232E-5	9.1565737353332E-5	17.2131915593654	73.818494924636	85.580901172648	
3.0	1.12590142173926	8026.1836182232	0.39982389783178	0.0	57.948665188858	164.116889558108	95.78170301322	236.1814302165	19.9966576841072	0.86820107633934	133.068793024756	1.45682189156534	19.0072792961008	3.693538312718	22.700817608818	79.78169677168	137.096226029028	0.144498772880076	27.870859547982	493.14041603094	5.1521513819498	3.7747653258024	8.9269167077522	1.30602005402116E-5	7.3769779019344E-5	8.6829979559556E-5	16.3256867936244	73.90055088582	82.991022626468	
3.2	1.04000567656186	8026.3359553412	0.36734627252068	0.0	53.698391942586	163.461765452336	95.920874393026	236.84295725072	18.4359621664068	0.7946017760459	133.41829819824	1.28967745377598	20.113489971564	4.673264722637	24.786754694202	79.846467034546	137.16594025025	0.132725834064524	28.314006650438	493.45371217666	5.1466029394378	4.5992374363728	9.7458403758106	1.20617030277596E-5	6.770928288263E-5	7.977098591039E-5	15.0316834191514	74.01942855872	78.625344173456	
3.48	0.93323369557164	8026.5479602056	0.32756224199566	0.0	48.318378821052	162.548992048432	96.121320598078	237.69851966638	16.461117385646	0.7044112752559	133.904627521586	1.1020650677057	19.62377611541	3.8623922891502	23.48616840456	79.925805574338	137.251509166968	0.118212528583038	28.809192071022	493.84358966118	5.0476757578144	3.81848052181	8.8661562796246	1.08783455572438E-5	6.1237579089822E-5	7.2115924647066E-5	13.3944373971972	74.168513108476	72.204731603492	
3.872	0.80460510884284	8026.842369646	0.27997818193588	0.0	41.77695585613	161.279688090882	96.411110554738	238.77631337686	14.0612707241744	0.59694107232638	134.577151002216	0.90129961331	19.0852367657068	3.7148871215814	22.800123887288	80.01821657076	137.350572413528	0.100742075864962	29.21181199161	494.30472035498	4.9160133020914	3.729209392433	8.6452226945244	9.5298045929196E-6	5.3737628202758E-5	6.3267432795678E-5	11.4051044246952	74.347228079112	62.592941811796	
4.0	0.76683351245634	8026.9383801236	0.26612562723794	0.0	39.855839004264	160.867356699166	96.507597216836	239.10271276514	13.3567988902866	0.56557736193018	134.794327377158	0.84596164757132	18.95716834186	3.689570023898	22.646738365758	80.044560776186	137.378448870634	0.095652138915252	29.280835369876	494.43695900146	4.8757644980796	3.7246779028408	8.6004424009206	9.1412876225388E-6	5.1548295512802E-5	6.068958313534E-5	10.8212031301858	74.39910661171	59.336150414304	
4.2	0.71230485517362	8027.0878240316	0.2459406051843	0.0	37.05358870383	160.225201923212	96.65995452988	239.58865663672	12.3295524813542	0.52035996148714	135.130190445674	0.76881078217456	20.113653293878	4.6734351434278	24.787088437304	80.08211071937	137.417803009002	0.088187975893542	29.308839534836	494.62642857316	4.8611665241078	4.5500294406606	9.4111959647686	8.594960536392E-6	4.8247692681902E-5	5.6842653218294E-5	9.9698369116506	74.474085110624	54.127321415714	
4.48	0.6442883381113	8027.2959132986	0.22101324305884	0.0	33.505589196166	159.330496570504	96.875996949394	240.22407242172	11.029604587286	0.46444919315948	135.591519464886	0.677920219109	19.6187067179166	3.8866616194052	23.505368337322	80.128078621194	137.465051411784	0.078929416129892	29.272427185816	494.85959059338	4.7396591851656	3.7522041955016	8.4918633806674	7.9309623846048E-6	4.4547473476982E-5	5.2478435861586E-5	8.892593689803	74.567711476218	46.795753026544	
4.872	0.56235868498612	8027.5850574804	0.191093453547254	0.0	29.18995253597	158.086313048628	97.182443418954	241.03593224222	9.4496908544836	0.39749365253966	136.213280905646	0.57450903742232	18.9064031326506	3.7326966412922	22.639099773942	80.181262099528	137.517632329806	0.067768389052294	29.03905134404	495.13021485958	4.5502149133012	3.6475490297258	8.197763943027	7.152039654925E-6	4.0164615683252E-5	4.7316655338178E-5	7.5836035323008	74.679128462706	36.603323101728	
5.0	0.53833080291836	8027.6791323052	0.18237211729777	0.0	27.922114739328	157.682144130472	97.283229739566	241.28420059394	8.985866782048	0.3779352160483	136.409518203326	0.54507706691934	18.6876152043932	3.69817686172	22.385792066114	80.196261660764	137.531868969458	0.064512740905822	28.923861545378	495.20648628912	4.4857303366496	3.6391886986416	8.1249190352912	6.9247319866356E-6	3.8871705979328E-5	4.5796437965964E-5	7.1993794477776	74.711256840744	33.329803583502	
5.2	0.50379014449806	8027.8255914774	0.169755952486742	0.0	26.072337815604	157.052700426384	97.441138196204	241.65618631694	8.309475357829	0.3498039421197	136.706221070296	0.50340226167884	19.5308030389306	4.5642146522052	24.095017691136	80.217472269118	137.55137107665	0.059781604331664	28.708649281198	495.31437535308	4.4217810175222	4.471924968467	8.8937059859892	6.6028211605296E-6	3.7080842175658E-5	4.3683663336188E-5	6.6391334373616	74.757483601874	28.355923457082	
5.48	0.46055964140898	8028.0295583106	0.153996059017046	0.0	23.729415217978	156.175703199258	97.662609881578	242.14670355544	7.4534185550458	0.31468658085178	137.096094177836	0.4525754899225	18.6431933832212	3.7830951312096	22.42628851443	80.243024991918	137.573525563626	0.053850089881528	28.34275135569	495.4442273552	4.2014431172356	3.6639589189528	7.8654020361884	6.2030169388122E-6	3.4725569872628E-5	4.092858681144E-5	5.9302040259226	74.814751806618	21.831825266304	
5.872	0.40894049206462	8028.3130090664	0.135182748807746	0.0	20.877917991616	154.956140114088	97.972047607592	242.77996690642	6.4127961562694	0.27276873906802	137.573654072396	0.39349876363148	17.1459786834262	3.5356902406778	20.681668924104	80.271664485464	137.595607544558	0.046736784938198	27.723571064542	495.58916866756	3.8023272782348	3.5338987193428	7.3362259975776	5.7295968098628E-6	3.1992660063466E-5	3.7722256873328E-5	5.0686799280272	74.881999102542	14.0673528297662	
6.0	0.3938590793249	8028.4051297496	0.129718732698202	0.0	20.039809596306	154.55997131498	98.07274969958	242.9750279976	6.1072493457992	0.2605486957161	137.711896344662	0.37655128275184	16.6231184251468	3.4598157069596	20.082934132106	80.279488295398	137.600887327132	0.044667795928136	27.499026325392	495.62850523376	3.659325527434	3.5181028510672	7.177428378501	5.591102864074E-6	3.1189653633894E-5	3.6780756497968E-5	4.8157819327466	74.901160509658	11.9020585122092	
6.2	0.37239837725762	8028.548549604	0.121851106158768	0.0	18.8165839366462	153.942985899468	98.22934511217	243.26847204674	5.6616217451196	0.24302625070892	137.90356915219	0.35243673923628	16.4930314359696	3.92049448215	20.41352591812	80.290273460658	137.607327862154	0.041674047507556	27.12913903098	495.6825021463	3.4507878218196	4.3103037615396	7.7610915833592	5.3942960142028E-6	3.0076799399592E-5	3.5471095413796E-5	4.4470043941018	74.928485708508	9.061273215762	
6.48	0.34585671109062	8028.7482857888	0.112101964335514	0.0	17.2663994937974	153.0833451473	98.446503266554	243.65738547598	5.0975235557166	0.22125906820928	138.121495482776	0.32296025827756	14.777887263092	3.22084756415	17.998734827242	80.302680444588	137.612948258762	0.03794365740003	26.57812240599	495.74407942546	3.028043195966	3.5493391443322	6.5773823402984	5.1497156077622E-6	2.8593810581236E-5	3.3743526188998E-5	3.9803151599508	74.961838510296	6.2196049833202	
6.872	0.31490234621572	8029.025881012	0.100637735860864	0.0	15.3780978648526	151.887915709514	98.74482989708	244.16207384602	4.4116126171382	0.195537112067038	138.343964735506	0.28884899861978	12.4476749830492	2.8463131868904	15.2939881699396	80.315385598552	137.614915173934	0.03351719187233	25.757338767736	495.80588487826	2.4674028033164	3.432120118809	5.8995229221254	4.8614914346238E-6	2.687285261574E-5	3.1734344050364E-5	3.4130927630252	75.000017110332	4.0721524189714	
7.0	0.30596470507966	8029.116064026	0.097345526632848	0.0	14.8226936148658	151.499588661656	98.840721567332	244.31801891388	4.2101696521768	0.188086700086806	138.403088794548	0.27913035179376	11.7650095061864	2.732210296262	14.4972198024484	80.31853212457	137.614283031966	0.032239195966782	25.4797599585	495.82077448878	2.3147782968998	3.4279190350044	5.7426973319042	4.7776133117284E-6	2.6366064945836E-5	3.1143678257564E-5	3.246567787348	75.010641590852	3.6533389924656	
7.2	0.29371639066858	8029.2564813064	0.092673043689776	0.0	14.0116640684786	150.894815656876	98.988420471442	244.55272993212	3.9163239846702	0.177549411605786	138.48447720585	0.26542364594104	10.9941892513704	2.7131054266964	13.707294678067	80.32249417458	137.612089285422	0.030406698050688	25.03762044163	495.8390631647	2.1500831590332	4.1159703175648	6.266053476598	4.6596583571012E-6	2.5642461954156E-5	3.0302120311256E-5	3.0037196179726	75.02551149605	3.2151655600252	
7.48	0.27933806881042	8029.4520645828	0.087080201419036	0.0	12.9830252974594	150.052190073018	99.19016192594	244.86358292374	3.5442603277978	0.164775723250072	138.582985241656	0.24914869029972	9.6208012175362	2.2855145844064	11.9063158019426	80.3262497897	137.606754002584	0.02817456402446	24.414582068864	495.85534251742	1.91781622563228	3.5673445630128	5.485160788645	4.5168565835154E-6	2.4715120365324E-5	2.923197694884E-5	2.6963536968406	75.043086814178	2.8687383805646	
7.872	0.26435387024868	8029.7239368772	0.080911815345022	0.0	11.7284478629444	148.88042113805	99.460640981286	245.26512534282	3.091663693759	0.150354390782638	138.701563680572	0.23140154915536	8.2152931201248	2.0092057321292	10.224498852254	80.328380267546	137.595335254762	0.02562737235602	23.542145709358	495.8618569901	1.70016228744824	3.534513921322	5.2346762087702	4.3575433339836E-6	2.3648762524904E-5	2.8006305858888E-5	2.3226979041834	75.062049282368	2.6331020911598	
8.0	0.26032892467916	8029.812249155	0.07923185790654	0.0	11.3590513508058	148.499781353494	99.545971941426	245.38862949602	2.9586959091344	0.146306157552588	138.736971917956	0.22660460230622	7.8427695892022	1.929665704696	9.7724352938982	80.328405639646	137.590756935342	0.024914229007874	23.2587832441	495.86046077572	1.6484728607047	3.5472096902674	5.1956825509722	4.3130567354288E-6	2.3338094444236E-5	2.7651151179664E-5	2.2129813844362	75.067022792404	2.5852429099318	
8.2	0.25592242767754	8029.9497596892	0.077015273514062	0.0	10.8192384561056	147.906980103514	99.675428550956	245.57340385016	2.7646871455366	0.140926986118672	138.789164048074	0.22028770392768	7.3708964799912	1.84553719137644	9.2164336713678	80.32778755223	137.582779219218	0.023930267852024	22.820252476846	495.85490810352	1.61108486469242	4.0713276139074	5.6824124785998	4.255443301123E-6	2.2904718423888E-5	2.7160161725012E-5	2.0529587739032	75.073633790338	2.5303133959886	
8.48	0.25257050680926	8030.1413025486	0.074761776588414	0.0	10.1337830376028	147.081034162402	99.847955668474	245.81542381754	2.5189392305136	0.13504304875354	138.856333921574	0.21390309459276	6.6508773790762	1.61930502381216	8.2701824028884	80.325681419678	137.57006204203	0.022823256571472	22.22469916727	495.84084770606	1.52431524745596	3.6873285500904	5.2116437975464	4.195513697985E-6	2.2374967717236E-5	2.657048141522E-5	1.85038298514888	75.080720485702	2.4825820591438	
8.872	0.25337839779216	8030.4075705418	0.073144198684838	0.0	9.2962362108554	145.932459108328	100.07023098731	246.1215929775	2.219815185582	0.129744619042564	138.939418612318	0.20943986736298	5.9249543542958	1.46195633923246	7.3869106935282	80.32054481788	137.549543561378	0.021750820764042	21.435434831058	495.81014249076	1.42258809964518	3.6693171096658	5.091905209311	4.151290991481E-6	2.183130393547E-5	2.598259492695E-5	1.60404156778118	75.086861099594	2.456025235454	
9.0	0.25437276220668	8030.4940554136	0.072896575106456	0.0	9.0492517212218	145.559354634838	100.138250282682	246.2142187813	2.1318905812042	0.128498323289302	138.96417685657	0.20880794747	5.730963411345	1.41694231654572	7.1479057278906	80.31840764199	137.54226932115	0.021490289639614	21.188861184028	495.79775136782	1.39395201273882	3.6775689584882	5.071520971227	4.1433467406674E-6	2.1685482283984E-5	2.5828829024652E-5	1.53168977992812	75.088057111438	2.4539450447324	
9.2	0.25839850006288	8030.628723637	0.07291391754793	0.0	8.6879352524368	144.978288560032	100.239002309454	246.35072714552	2.0035558470862	0.127474332571308	139.000173223706	0.20894330817708	5.4819853227806	1.36829926655846	6.850284589339	80.314591097238	137.530320390982	0.021194411266996	20.818999074874	495.77603542434	1.37347867562704	4.0671485440334	5.4406272196604	4.1447498098142E-6	2.1522571883298E-5	2.5667321693112E-5	1.42614461772816	75.08913505467	2.458954055904	
9.48	0.2671549007369	8030.8163151096	0.073759585958558	0.0	8.228356413405	144.168692909846	100.368426736346	246.525389158	1.84090210586	0.127448919395888	139.04519679248	0.21145675615982	5.09521361842	1.24250411485968	6.3377177332798	80.30835375475	137.512507538608	0.021004157568114	20.3349849255	495.74131960594	1.30778895786218	3.7651363964642	5.0729253543264	4.1682831194934E-6	2.13688275096E-5	2.5537110629092E-5	1.29249406021196	75.089182338242	2.4823386558138	
9.872	0.28442447264572	8031.077111494	0.076274941141332	0.0	7.6653224978832	143.042854485052	100.526718716822	246.7390725217	1.64274061325538	0.129491256295738	139.098202657212	0.2188983783604	4.7083962427214	1.15817662529276	5.866572868014	80.298078438838	137.485710424996	0.021093027048376	19.7266250863778	495.68521668942	1.221890754783	3.7397468752016	4.9616376299846	4.237158009296E-6	2.135077565646E-5	2.5587933665756E-5	1.12989471530316	75.08673511269	2.5441818386434	
10.0	0.2901745347947	8031.1618204258	0.077266730741266	0.0	7.4989238100278	142.677136550442	100.573483472508	246.80235663158	1.58444861711326	0.130312335429474	139.113466163244	0.22187473559304	4.6060535605756	1.13431758185586	5.7403711424314	80.294421507798	137.476589420154	0.021170270975832	19.5428176221832	495.66534025968	1.19707207401822	3.741999718184	4.9390717922022	4.2627180890922E-6	2.1366691519304E-5	2.5629409608396E-5	1.08212014474106	75.085413729318	2.5687128000222	
10.2	0.30107065206428	8031.2937308228	0.079053306841098	0.0	7.2551224464136	142.10757415178	100.641308457708	246.89439490068	1.4993199013664	0.132076196835484	139.135103624798	0.22722715863988	4.4808441715774	1.11307087612818	5.5939150477056	80.288389672602	137.461957539246	0.021346027131228	19.2720360209076	495.63267725582	1.17844571696338	4.0533819584694	5.2318276754328	4.3126390841944E-6	2.1453325098218E-5	2.5765964182414E-5	1.01240875864856	75.082835742042	2.6130965414372	
10.48	0.31701578515458	8031.477497166	0.08193024768815	0.0	6.9442680428162	141.314006601562	100.726494768148	247.01076550112	1.391334572649	0.13478887017546	139.16139303898	0.23592010085374	4.2702479789162	1.03960974140638	5.3098577203226	80.279392774902	137.440810250618	0.021676179895428	18.9234408074246	495.58416215202	1.12470611399024	3.795166621959	4.9198727359492	4.3901567224138E-6	2.1606901469486E-5	2.59970581919E-5	0.92409614198164	75.078314234814	2.6854843744522	
10.872	0.33730203250538	8031.7330099106	0.08608080574083	0.0	6.5620129421228	140.21045731741	100.829737789212	247.15345493826	1.2596009171452	0.137828015612668	139.191888966108	0.24895200679024	4.0701279661818	0.9976437419323	5.067771708114	80.265964715596	137.410186325484	0.022160078844592	18.484659335623	495.51163601	1.06250021119928	3.7662192670472	4.8287194782466	4.4948356390088E-6	2.1871764163234E-5	2.6366599802244E-5	0.81658254789808	75.07049281246	2.7983913720332	
11.0	0.34257777662788	8031.8160077688	0.087319783221486	0.0	6.448690915209	139.851980307024	100.860431794448	247.19622301164	1.22080637757788	0.138417329552582	139.200740668726	0.25300997692282	4.019190139834	0.98594239745036	5.0051325372844	80.261436694106	137.399999128108	0.022290969476582	18.35028013117	495.48701967934	1.04629364479326	3.7659782738336	4.812271918627	4.5233063687626E-6	2.1941112568198E-5	2.6464418936962E-5	0.78497524077838	75.067633652814	2.8350956071578	
11.2	0.35012750599276	8031.9452615574	0.089093312427704	0.0	6.2822969796232	139.293694878828	100.905662403798	247.25951802094	1.16410698761826	0.138948445890502	139.213545279618	0.259024318457	3.9656789600272	0.9812532297825	4.9469321898096	80.254226235698	137.383906279774	0.022454905478734	18.1459685883126	495.44762884944	1.04061958926842	4.0381610390714	5.0787806283398	4.5635099499406E-6	2.202954581735E-5	2.659305576729E-5	0.73883623907932	75.062880862038	2.8918687365142	
11.48	0.35806086250356	8032.125341104	0.091216077505554	0.0	6.0694233111664	138.515839591504	100.96442175284	247.34219375246	1.09209503593668	0.138757818836494	139.229848277722	0.26669837166962	3.854017486522	0.93545142186306	4.789468908385	80.243919005382	137.361085238414	0.022594617643652	17.8759305018848	495.39086075572	1.01038799882614	3.8058401665644	4.8162281653906	4.6066165419236E-6	2.2120684888712E-5	2.6727301430636E-5	0.68034885955122	75.055714709672	2.9694043819792	
11.872	0.36353372338788	8032.3757499564	0.093170704073586	0.0	5.8062964920918	137.434140139458	101.040042770728	247.44901751366	1.00407633698512	0.136545193318438	139.250502691556	0.27501700839988	3.7603096353124	0.91742886393072	4.6777384992432	80.229193250222	137.328687100908	0.022548756369586	17.5150611427622	495.3086016944	0.97993627208562	3.7783560051328	4.7582922772186	4.635884611612E-6	2.2143633308326E-5	2.6779517919938E-5	0.60907448925292	75.044808119476	3.0664118944266	
12.0	0.36415471092632	8032.457092578	0.093551888967622	0.0	5.7279578487614	137.082761097164	101.0635488957	247.48218898282	0.97811356463508	0.135452601460344	139.25689548393	0.27705821043048	3.7382998289618	0.91252572391554	4.6508255528774	80.224327910048	137.318012056622	0.022475289488422	17.3999557551268	495.2811202137	0.9728089554846	3.777652535655	4.7504614911396	4.6384815275096E-6	2.212229373528E-5	2.676077526279E-5	0.58810346174346	75.04105151798	3.0941640910728	
12.2	0.36412852133768	8032.58377208	0.093874990076054	0.0	5.612591584594	136.535529927976	101.099272187594	247.53250345388	0.94012513245124	0.133381621907452	139.266587199564	0.27950363747252	3.7272720717494	0.91899140164174	4.646263473391	80.216672922048	137.30124177107	0.022298328972948	17.2197840906294	495.23758245162	0.97911735396426	4.0313044394514	5.0104217934156	4.6355657997652E-6	2.20456353059E-5	2.6681201105666E-5	0.55747286512812	75.034998675572	3.1329473752106	
12.48	0.36256856367464	8032.7602704048	0.093894070291482	0.0	5.4643229916554	135.773076456212	101.147615683572	247.60025660228	0.89179111858144	0.130002208242648	139.279692101202	0.28169904341888	3.6687527874792	0.88696314293722	4.5557159304164	80.205858175682	137.277588957316	0.021953920989132	16.9741860825134	495.17548908076	0.96444622691518	3.8121094003226	4.7765556272378	4.6209120060324E-6	2.1911926846542E-5	2.6532838852574E-5	0.51860842201244	75.026171956668	3.1797572374888	
12.872	0.3580996190202	8033.0057066162	0.093146538546646	0.0	5.2797744194938	134.712794934376	101.212814679216	247.69070026746	0.83254938230242	0.124636856140204	139.297382031588	0.28239788316766	3.6290013302014	0.88148204542658	4.510483375628	80.19053588896	137.244147015148	0.02130635544694	16.6343007006916	495.08648551582	0.94961215685956	3.7851483523688	4.7347605092282	4.5829591299004E-6	2.166853787349E-5	2.625149700339E-5	0.47117836990552	75.01317386128	3.2285415109772	
13.0	0.35630887464252	8033.0854343286	0.092760774367632	0.0	5.224518398888	134.368373451934	101.233636097008	247.71928992356	0.81503443716252	0.122827898484374	139.303029303662	0.28214528500096	3.6210086872216	0.88005427277814	4.5010629599998	80.185486335438	137.233146724212	0.021067621576046	16.523896650967	495.05694689354	0.94623057285448	3.7840316811014	4.730262253956	4.5676592182702E-6	2.1577078966388E-5	2.614473818466E-5	0.4572060391877	75.008782575456	3.240619337348	
13.2	0.35318583340022	8033.2095997952	0.092014427499232	0.0	5.1428285022534	133.831977836354	101.265759833418	247.76308806934	0.78936529580766	0.119940937067118	139.311733388512	0.28124703542204	3.630982512195	0.89289544782922	4.5238779600242	80.17754967601	137.21587975892	0.02066728918461	16.349315715523	495.01033819462	0.95679438289238	4.029090392596	4.9858847754884	4.5404753639462E-6	2.1404223194556E-5	2.5944698558502E-5	0.4367803722916	75.00178186533	3.2551313162782	
13.48	0.34859777508248	8033.3825969082	0.09082127840444	0.0	5.0372118165402	133.08462142351	101.310017230602	247.8227530241	0.75662260443032	0.115965905553774	139.323699172036	0.279374317504	3.5960828808904	0.8669557477728	4.4630386286632	80.166342575664	137.191548231354	0.020086128859926	16.1090217305802	494.94421238816	0.94697124051144	3.8149425809322	4.7619138214436	4.4994668862416E-6	2.117032261437E-5	2.566978950061E-5	0.4108290552875	74.991712169808	3.2697577437366	
13.872	0.34181084584244	8033.6231666676	0.088906369629888	0.0	4.9045687209242	132.045334035874	101.370829761454	247.9033879785	0.7163331565949	0.110579357186504	139.340059703176	0.27564950846156	3.5784216063024	0.86700665436622	4.4454282606688	80.150464643886	137.157186902848	0.01924776953873	15.7733481964596	494.8500569863	0.93628428266184	3.7875884608302	4.7238727434922	4.4371107080572E-6	2.0838825790768E-5	2.5275936498824E-5	0.37909145662394	74.977131494754	3.2784251754874	
14.0	0.33957832172086	8033.7013135244	0.08824821282262	0.0	4.8645671769012	131.707732391878	101.39045364352	247.92906746668	0.7043827219109	0.108892548598112	139.345307560598	0.2742421690471	3.5758682710508	0.86705019355054	4.4429184646014	80.145233061948	137.145896375074	0.0189750800770356	15.6638357112344	494.81895217076	0.93381193622574	3.7861459151798	4.7199578514054	4.416166412369E-6	2.0728394926618E-5	2.5144561338988E-5	0.36972545895862	74.972261561406	3.2788046732312	
14.2	0.33602385920668	8033.8230174102	0.087173737377404	0.0	4.8051400657606	131.181957847402	101.42090065761	247.96857418248	0.68682905519534	0.106308238266296	139.353412295188	0.27180981423802	3.5936106997786	0.88237876075566	4.4759894605342	80.13701189543	137.128186431416	0.018547298020448	15.4903655729918	494.77000727112	0.94527503589652	4.0276041980088	4.9728792339054	4.3821872317496E-6	2.0534072330834E-5	2.4916259562584E-5	0.35601672725338	74.964549287812	3.2763683999386	
14.48	0.33121494650144	8033.992585569	0.0856882343738	0.0	4.7277343264418	130.449399668626	101.46313253622	248.02269081164	0.66435906186538	0.102908511115566	139.364571453682	0.26828841825574	3.5671138977124	0.8588594903958	4.4259733881082	80.125408695528	137.103258884832	0.0179702707898382	15.2510214985754	494.70082763638	0.93654947390506	3.8153022900924	4.7518517639974	4.334988506319E-6	2.0283499489414E-5	2.4618487995732E-5	0.33856560680876	74.953555632826	3.2701145938788	
14.872	0.32459552089738	8034.2283883058	0.08361229170471	0.0	4.6294505800378	129.4306909027	101.521584191666	248.0963261684	0.6365600743749	0.098495891242058	139.379840698716	0.2630611791016	3.5567596563886	0.86094089074394	4.4177005471326	80.108987904342	137.068116493374	0.01719960226971	14.9161386582958	494.60279123958	0.92684793737368	3.7877024942996	4.7145504316732	4.268643357909E-6	1.99455085841172E-5	2.4214151942026E-5	0.31715908713742	74.937815437664	3.254639795372	
15.0	0.32248098785702	8034.3049866324	0.082944032286098	0.0	4.599553792814	129.09977408282	101.54052561473	248.11988516426	0.62827773677702	0.09714140605302	139.384739664054	0.26131637678734	3.5559094855574	0.8614988356074	4.4174083211648	80.103583852798	137.056585263902	0.0169589062378448	14.8068243385562	494.57050842568	0.92461554544572	3.7861287983386	4.7107443437844	4.247171733782E-6	1.98357550035034E-5	2.4082926737286E-5	0.31082599093324	74.93259783064	3.2482426132942	
15.2	0.31922900284778	8034.4242791456	0.08191280997415	0.0	4.554880933967	128.584410347656	101.569982848312	248.15623488262	0.61607459571854	0.095110363008618	139.392308827138	0.25856767802406	3.5755860731446	0.8773353661042	4.4529214392488	80.095099177332	137.03851419718	0.0165942626525002	14.6360712852174	494.51980950876	0.93632309676846	4.0261114140532	4.9624345108216	4.2136647356614E-6	1.96712007132074E-5	2.3884865448868E-5	0.3015401710435	74.924372029528	3.237028952687	
15.48	0.31478529327968	8034.5904880864	0.080501995350312	0.0	4.4961857241582	127.866357459174	101.610957700954	248.20621565024	0.6003790806789	0.092436538557168	139.402733109908	0.25470500936838	3.5515285745824	0.854794778251	4.4063233528334	80.083139717398	137.013110764332	0.0161081484562826	14.397132153053	494.44833282844	0.92800126057104	3.8147316018462	4.7427328624172	4.1669739183422E-6	1.94205295559116E-5	2.3587503474254E-5	0.28968688745116	74.912715838878	3.2191485844554	
15.872	0.30878155994382	8034.8216203674	0.078602403869802	0.0	4.4207175226918	126.86781996922	101.667840655342	248.27454100656	0.58082034736368	0.089007103905286	139.41699590702	0.24933508115866	3.5431912331106	0.85753700713816	4.4007282402488	80.066245768972	136.977357446782	0.0154761724265454	14.0629079071772	494.34736023718	0.91877316993638	3.7871185685012	4.7058917384376	4.102712674329E-6	1.9090920851698E-5	2.3193633526028E-5	0.27508527214382	74.89614827805	3.1905745904104	
16.0	0.30687130579218	8034.8967015634	0.078002099395786	0.0	4.397537295097	126.543455625004	101.686306060592	248.29647171566	0.57495874363418	0.087958064883364	139.421572915562	0.24760283493498	3.542791277424	0.85825395576076	4.4010452331848	80.060694079312	136.965639994066	0.01528156268878	13.9538549201724	494.31418129862	0.91668222990504	3.7855197635868	4.7022019934918	4.0821130881514E-6	1.89848034351446E-5	2.3066916523296E-5	0.270750225997	74.89068298817	3.1805469630102	
16.2	0.30388243631534	8035.0136315136	0.07706222066174	0.0	4.3626783948322	126.038296586454	101.71504763303	248.33036761094	0.56628746991994	0.086366939681526	139.428642142892	0.24484889127114	3.5624409585266	0.87385634997846	4.436297308505	80.051984840366	136.947289989176	0.014984486987389	13.7812955013446	494.26213739464	0.92854581630614	4.0246979073498	4.953243723656	4.0494195930964E-6	1.87994668135566E-5	2.2848886406652E-5	0.26437852374268	74.882090709882	3.1634167979548	
16.48	0.29991658396508	8035.1765490674	0.075825006845298	0.0	4.3164425595978	125.334461821056	101.755069417552	248.3770925618	0.5550654285063	0.084309421188448	139.43837784999	0.24117424006098	3.538954021813	0.8518066927283	4.3907607145414	80.03972454952	136.921520670436	0.0145986163014136	13.5431314753008	494.18888991332	0.92051788719666	3.8140200037472	4.7345378909438	4.0051067504282E-6	1.85644367956578E-5	2.2569543546086E-5	0.2562141619743	74.869961537766	3.1395615969544	
16.872	0.29451000882836	8035.4031049858	0.074170990800428	0.0	4.2561936769058	124.355696283898	101.810692221528	248.44117951186	0.54095124985224	0.081657155590758	139.451707655902	0.23616833758618	3.5312081392942	0.8547912236164	4.3859993629106	80.022437337662	136.885301770484	0.0141005939823536	13.2102991611848	494.08563684564	0.91168253312538	3.7864923502014	4.6981748833268	3.9440545706638E-6	1.82482874745368E-5	2.21923420452E-5	0.24609821903562	74.852803326238	3.1042780547284	
17.0	0.29278106261816	8035.476699631	0.073648965039264	0.0	4.237500322476	124.037754682038	101.828759102358	248.46179490012	0.53668987419864	0.080841531317932	139.455987675682	0.23456884454504	3.5309702149184	0.85557051193838	4.3865407268568	80.016763856924	136.873442847374	0.0139474975775854	13.1017735453504	494.05175643914	0.90971301916526	3.7849007630312	4.6946137821964	3.9244748701784E-6	1.81458173271388E-5	2.2070292197318E-5	0.2430805753574	74.847160853474	3.0923859225248	
17.2	0.29012112839714	8035.5913146056	0.072849328151356	0.0	4.2092041590778	123.542598298992	101.856889106442	248.49370275596	0.53035415201376	0.079615480900098	139.462602768354	0.23210034671842	3.5503166016772	0.8708457167357	4.421162318413	80.00787125374	136.854882311872	0.0137170630396364	12.9322000770252	493.99865908722	0.92172488560234	4.023453227568	4.9451781131702	3.893890502758E-6	1.7987322461904E-5	2.1881212964662E-5	0.23863061233042	74.838306755612	3.0733904328116	
17.48	0.28648489798172	8035.7510070038	0.071768459851364	0.0	4.1713135142946	122.852700159052	101.89606918563	248.53776153816	0.52209194713668	0.077995993694082	139.47171863491	0.22873118499212	3.5272241899074	0.84918572183548	4.3764099117428	79.995367103208	136.828837641114	0.0134128028347242	12.6954690704328	493.92401147172	0.91395695285194	3.8134058550308	4.7273628078828	3.8514190785998E-6	1.77520920431898E-5	2.160351112179E-5	0.23289960902404	74.8258387144	3.0462867422504	
17.872	0.28153086057264	8035.973078433	0.0703199311788	0.0	4.1212839743304	121.893315129068	101.950523294322	248.59830405094	0.5115832046357	0.075893281476832	139.484203036796	0.22416277766326	3.5200686646726	0.85236381152412	4.3724324761966	79.977760607276	136.792266460084	0.01301878431096	12.3649536251462	493.8189279132	0.90543450347956	3.785947396626	4.6913819001054	3.7927700622866E-6	1.74376388630972E-5	2.1230408925384E-5	0.22574386853846	74.808253921286	3.0073044779024	
18.0	0.2799397619414	8036.0452163648	0.069861387312572	0.0	4.10560973994	121.581669101386	101.968208406094	248.61780274848	0.50838228135514	0.075241739716098	139.488212398504	0.22270565814272	3.5200270847576	0.85320050785198	4.3732275926096	79.971988007824	136.780299982246	0.0128971932588712	12.257266291716	493.78447889598	0.903556867566	3.7843564875986	4.6879133551646	3.773923162417E-6	1.73358225808196E-5	2.1109745743236E-5	0.22359592656134	74.80248270217	2.9943723559642	
18.2	0.2774392929412	8036.15756277	0.069140106137258	0.0	4.0817359692902	121.09631732593	101.995737479856	248.64799686466	0.5035950894477	0.074241843567416	139.494406704002	0.2204006217872	3.5391749198884	0.86817788999512	4.4073528098836	79.96294489158	136.761577922246	0.012710359156724	12.0873208697144	493.7305178782	0.9156608399775	4.0223317010286	4.9379925410062	3.743843213877E-6	1.71574324143656E-5	2.0901275628242E-5	0.22041495218474	74.7934369283	2.9732128607758	
18.48	0.27409762590844	8036.3140945588	0.06818883071774	0.0	4.0494817906402	120.420079875396	102.034065938234	248.68972072934	0.4972969109884	0.072937668019238	139.502940690378	0.21734336887468	3.516550756126	0.84687671745134	4.3634274735774	79.950239191318	136.73532032317	0.0124674134004006	11.852716131606	493.6547136309	0.90807084477772	3.8128194910258	4.7208903358036	3.7027900617792E-6	1.69277084280112E-5	2.063049848979E-5	0.21629142989842	74.78071915325	2.9443831490066	
18.872	0.26948427843378	8036.5317711474	0.06690370456007	0.0	4.0063791504416	119.479691637422	102.087303199224	248.74710819726	0.489183600802	0.071218398319596	139.514628931934	0.21318885480168	3.5101703354486	0.85027689231786	4.3604472277664	79.932368438342	136.698475671294	0.012150021088757	11.5255430682904	493.54810429166	0.8997658508183	3.7853924583798	4.685158309198	3.6456495151158E-6	1.66137651610832E-5	2.02594146762E-5	0.21109245133234	74.762817850828	2.9033619914384	
19.0	0.26799272403976	8036.6024814858	0.066494018692486	0.0	3.992757402774	119.174216530856	102.104583327778	248.76559977266	0.4866879821499	0.070679759656308	139.5183822058	0.2118595347959	3.5103951314284	0.85118486170136	4.3615799931298	79.926513576422	136.686425311492	0.0120512638701918	11.419030386855	493.51317725394	0.89795023659744	3.7837907716922	4.6817410082898	3.6272210721858E-6	1.6511571382956E-5	2.0138792455142E-5	0.20951971124056	74.756950466832	2.8898349246966	
19.2	0.2656449458529	8036.712604656	0.065846935652418	0.0	3.9718963022856	118.698475231836	102.13146998225	248.79423978786	0.48293148065956	0.069847085818226	139.524179730506	0.20975382909618	3.5295600681722	0.86596105703284	4.395521125205	79.917345754456	136.667577280426	0.0118984800553	11.2512259025376	493.4584882246	0.9101124936422	4.0212753437306	4.9313878373728	3.5977231421066E-6	1.6333359228366E-5	1.99310823704726E-5	0.20717833639666	74.747761153262	2.8678764950826	
19.48	0.26248883970236	8036.8660389622	0.064987889201912	0.0	3.9434942385076	118.035627990948	102.16887665338	248.8338215836	0.4779420792302	0.068751753756824	139.532163771144	0.20694902540562	3.5075948514732	0.84502329763608	4.3526181491092	79.904472747506	136.641152913522	0.0116984231178524	11.0194953236634	493.38170012734	0.9026381249079	3.8121763341772	4.7148144590852	3.5572359377756E-6	1.61005596396124E-5	1.9657795577388E-5	0.20411900751198	74.734855022428	2.837927754837	
19.872	0.25810774564122	8037.079408381	0.063817177242886	0.0	3.9051491127538	117.11386041458	102.220772945156	248.88825916652	0.47142795041994	0.067287830992368	139.543089597412	0.20311775450022	3.5022133796614	0.84869513843954	4.350908518101	79.886380635306	136.60409153128	0.011433810613072	10.6967031880288	493.27377555654	0.89445352326828	3.7847256759144	4.6791791991826	3.5005758499966E-6	1.5780300100949E-5	1.92808759509456E-5	0.20021667185296	74.716711955496	2.7955027185618	
20.0	0.25668469091334	8037.1487195966	0.063441533928474	0.0	3.8929428113	116.81443404252	102.237601909368	248.9057967138	0.46940391407406	0.066824395535828	139.546595245674	0.20188672068158	3.5027689343702	0.84968958269198	4.3524585170622	79.880456387206	136.591974104392	0.0113506771628852	10.5917081272714	493.2384329077	0.89266840781888	3.7830990628434	4.6757674706624	3.4822554123684E-6	1.56759865232058E-5	1.9158241935574E-5	0.199025389132856	74.710770427958	2.781548586835	
