Hions_Offset = 0.1155758345125# Time [h]	Butyric -	Propionic -	Carbondioxide -	Valeric -	Acetic -	Nitrogen -	Water -	Hions -
0.2	8.0039773787241e-06	2.2989869434608e-05	0.012430060954323	1.8927228627428e-06	0.019364989517383	-0.12216994421505	2.9152437223692e-07	0.014393486417247
0.48	7.7322931305766e-07	4.3431176372829e-06	0.0051753967617364	1.9137368717913e-07	0.010430789464746	-0.099872072951491	2.7332023204639e-08	0.0082329477024602
0.872	2.4230751054796e-08	3.4553232043562e-07	0.000381059130657	5.9518655439012e-09	0.0035543416912438	-0.076096014144185	5.7236956546614e-10	0.039056230103184
1	7.1110250204198e-10	1.4203327267274e-08	7.6936458446905e-06	1.7796403832068e-10	0.00025155388350899	-0.069683092993357	1.1375140562374e-11	0.045375708484374
1.2	1.9590982201848e-10	1.3216377192943e-09	1.221396219883e-07	6.4057806328152e-11	4.026708194811e-06	-0.060777105926885	2.0365530186233e-13	0.058292695862359
1.48	2.5715480146171e-11	3.2051483689841e-10	9.1420010935e-08	7.7373114761648e-12	2.573984711174e-06	-0.050234031895982	1.7473464104143e-13	0.065344426474747
1.872	1.1162224778582e-12	3.2008050503474e-11	6.0566425789842e-08	2.9506121981655e-13	1.144443750577e-06	-0.038522928386223	1.3707619493925e-13	0.077054403416336
2	3.9567489503616e-13	1.4791389478942e-11	5.4679941812917e-08	1.0073848589301e-13	8.4727589279828e-07	-0.035303925803976	1.2995899486463e-13	0.080272823993275
2.2	4.7408693388131e-11	2.6885618483995e-10	5.0184947047019e-08	1.5752691528231e-11	5.2279873321342e-07	-0.030812686304348	1.2144014478021e-13	0.084763736401397
2.48	5.9510900771462e-12	6.1791651798175e-11	3.9871179322907e-08	1.8236239100705e-12	2.1668110344134e-07	-0.025485684297638	1.1297166078824e-13	0.090090421658908
2.872	3.4339374584973e-13	8.1561181982414e-12	2.9331965865609e-08	9.2544965611383e-14	5.4637920502417e-08	-0.019571854209827	1.051262772051e-13	0.096004073159366
3	1.290778631782e-13	3.9957351088791e-12	2.6758269659961e-08	3.3507673474418e-14	3.2839995271944e-08	-0.017946854118121	1.0320046402898e-13	0.097629040367789
3.2	1.2935409154192e-11	6.2158502899009e-11	2.3595757548519e-08	4.2945080948581e-12	2.3560828410904e-08	-0.015679012063829	1.0065448379782e-13	0.099896869919023
3.48	1.7498387793033e-12	1.5385654992005e-11	1.9341951675723e-08	5.3662795012209e-13	1.2036677616594e-08	-0.012986294386645	9.7826114794305e-14	0.10258957185823
3.872	1.0887625656758e-13	2.1901974895727e-12	1.5697725931081e-08	2.939441434103e-14	8.2557229638509e-09	-0.0099912962919782	9.4901819837081e-14	0.10558456234132
4	4.1762011127374e-14	1.0950476295434e-12	1.4818873843417e-08	1.086185984562e-14	7.8761137487465e-09	-0.0091675423887145	9.4134904234992e-14	0.10640831484779
4.2	2.957449841526e-12	1.3151362268143e-11	1.340346980711e-08	9.7043378100323e-13	8.7239510659587e-09	-0.0080174159352667	9.3089378665903e-14	0.1075584407432
4.48	4.1343196207133e-13	3.3600596466402e-12	1.1671684926058e-08	1.2543808077938e-13	7.6886274105973e-09	-0.0066513709144432	9.1884183215984e-14	0.10892448299779
4.872	2.6798827907856e-14	4.9675441462559e-13	1.0105656471182e-08	7.1663429117071e-15	7.3240332640462e-09	-0.0051316256122858	9.0587751373469e-14	0.11044422635508
5	1.0415392031045e-14	2.5136563605627e-13	9.7035529804878e-09	2.6838058773222e-15	7.2785260903636e-09	-0.0047135997073037	9.0239011180572e-14	0.11086225179661
5.2	5.4531612688801e-13	2.3499706205073e-12	8.9953531885637e-09	1.7512382238484e-13	7.3605800624984e-09	-0.0041299706777414	8.9757613666231e-14	0.11144588020246
5.48	7.8266080094378e-14	6.1349927463378e-13	8.1362174379435e-09	2.3260199817823e-14	7.245437113998e-09	-0.00343675838014	8.9193982470751e-14	0.11213909152353
5.872	5.2751151504271e-15	9.3520378781916e-14	7.3418108615276e-09	1.3841284616151e-15	7.2229810543103e-09	-0.0026655047319822	8.8577047988104e-14	0.11291034435243
6	2.0801078399403e-15	4.7879649557604e-14	7.1338557396095e-09	5.2614470084662e-16	7.2274317699643e-09	-0.0024533570219853	8.8409185966932e-14	0.11312249185557
6.2	6.754936348676e-14	2.9034135049634e-13	6.758417397576e-09	2.0905611146231e-14	7.2494843154598e-09	-0.002157168888942	8.8176132790196e-14	0.11341867963539
6.48	1.0021827959383e-14	7.7502821432427e-14	6.2968388360944e-09	2.873773636313e-15	7.2905421952002e-09	-0.001805364596759	8.7901275588465e-14	0.11377048350642
6.872	7.1301119512633e-16	1.2263368318545e-14	5.8727539503512e-09	1.8104490890351e-16	7.3825261161723e-09	-0.0014139458800161	8.7597935338564e-14	0.11416190189036
7	2.8720623465618e-16	6.3799818817603e-15	5.7616836056723e-09	7.035155048669e-17	7.4170902680733e-09	-0.0013062776097991	8.751494610286e-14	0.11426957008324
7.2	3.1482192795839e-14	1.287743172353e-13	5.558055064101e-09	9.2857138142556e-15	7.4824357321875e-09	-0.0011559570708052	8.7399404211178e-14	0.11441989048398
7.48	4.9129319252644e-15	3.5660182979248e-14	5.2974983667787e-09	1.345306185381e-15	7.5947079683937e-09	-0.00097740912070717	8.7262652414514e-14	0.11459843828548
7.872	3.802684867546e-16	5.9836322731274e-15	5.0664771029181e-09	9.2667538944053e-17	7.7892527887023e-09	-0.00077875360872103	8.7111117246689e-14	0.11479709376066
8	1.5828581889268e-16	3.1909998398534e-15	5.0068904334296e-09	3.7254831500545e-17	7.8568994889372e-09	-0.00072410826570767	8.7069547020832e-14	0.11485173911153
8.2	3.2720966867459e-14	1.3136244841406e-13	4.8955330437573e-09	9.0710761101403e-15	7.9763503209186e-09	-0.00064781507924756	8.7011590252678e-14	0.11492803230617
8.48	5.5119282001776e-15	3.8294343087649e-14	4.7415849037309e-09	1.4231067853089e-15	8.1691292910129e-09	-0.00055719440248588	8.6942872655953e-14	0.11501865302154
8.872	4.8330576767333e-16	6.9828281737346e-15	4.6149456588313e-09	1.1190419793183e-16	8.479497089335e-09	-0.00045636598453567	8.6866571160455e-14	0.11511948162303
9	2.1071000142633e-16	3.8540081637296e-15	4.583510221984e-09	4.7201293866625e-17	8.5836149081578e-09	-0.00042862961205337	8.684561063625e-14	0.11514721806816
9.2	5.3151299026509e-14	2.1028216670868e-13	4.5228905137423e-09	1.3725936581201e-14	8.7600649730084e-09	-0.00038990486938208	8.6816366933138e-14	0.11518594292689
9.48	9.9190266131162e-15	6.5654632697318e-14	4.4272126460368e-09	2.3959501278039e-15	9.0304162280024e-09	-0.00034390642008265	8.678166178887e-14	0.11523194155061
9.872	1.0194037474048e-15	1.3295961434105e-14	4.3584035428083e-09	2.2299894275606e-16	9.4381727179694e-09	-0.00029272345990376	8.6743084989774e-14	0.11528312484959
10	4.6963071958931e-16	7.6434472944081e-15	4.3426899087554e-09	9.9598453033109e-17	9.5703018695561e-09	-0.00027864267659784	8.6732479627869e-14	0.11529720574932
10.2	1.0511506836422e-13	4.1231610615445e-13	4.3105611159308e-09	2.5394284587603e-14	9.7855948699063e-09	-0.00025898230945798	8.6717677153716e-14	0.11531686630013
10.48	2.1972832060021e-14	1.3893390895469e-13	4.2476076628605e-09	4.989283213838e-15	1.0096930507474e-08	-0.00023562694531172	8.6700100733716e-14	0.11534022191225
10.872	2.6613564087113e-15	3.1358750730605e-14	4.2117110082976e-09	5.5271644818684e-16	1.0535574435967e-08	-0.00020963485233176	8.6680550210063e-14	0.11536621440781
11	1.2930180994949e-15	1.874684876761e-14	4.2050024137081e-09	2.6086547952755e-16	1.0672683789256e-08	-0.0002024829300675	8.6675172622296e-14	0.11537336646048
11.2	1.4747408730899e-13	5.844756018901e-13	4.1893001712788e-09	3.362410818094e-14	1.0887251732749e-08	-0.00019249534973108	8.6667664239701e-14	0.11538335424041
11.48	3.4113695161096e-14	2.1067472375507e-13	4.1452360510326e-09	7.3421009537283e-15	1.1180902308495e-08	-0.00018062783686927	8.6658744647929e-14	0.11539522200233
11.872	4.738516140542e-15	5.2032710995526e-14	4.1285389763115e-09	9.4023603253872e-16	1.1568446323197e-08	-0.00016741542178693	8.6648816817613e-14	0.11540843478805
12	2.4002868068179e-15	3.206868271338e-14	4.12709243468e-09	4.6340586529926e-16	1.1685499396282e-08	-0.00016377857608126	8.6646084566695e-14	0.11541207174934
12.2	1.7453936557774e-13	7.0895383234657e-13	4.1210407970209e-09	3.7894401959272e-14	1.1862302276599e-08	-0.00015869792621805	8.6642267976562e-14	0.11541715257084
12.48	4.3498024450136e-14	2.6831377147852e-13	4.0879887720252e-09	8.9429571291717e-15	1.2093055848248e-08	-0.00015265801443995	8.6637731331488e-14	0.11542319267971
12.872	6.6474912170809e-15	7.0525697597729e-14	4.0824629452165e-09	1.2667762274953e-15	1.2381558857844e-08	-0.00014592875337112	8.6632677549774e-14	0.1154299222235
13	3.4622897258938e-15	4.4347907711406e-14	4.0840576632524e-09	6.4264811627651e-16	1.2466229483316e-08	-0.00014407524295616	8.6631285655226e-14	0.11543177582016
13.2	1.7732542594458e-13	7.4277484569688e-13	4.083588338243e-09	3.6688517506573e-14	1.259039454608e-08	-0.000141484243539	8.6629340031703e-14	0.11543436694417
13.48	4.6344534602921e-14	2.896845081534e-13	4.0567864474967e-09	9.098292087035e-15	1.2747106931429e-08	-0.00013840141225286	8.6627025238382e-14	0.11543744990476
13.872	7.5117984826041e-15	7.9055878972123e-14	4.057499563769e-09	1.3713040570461e-15	1.2935467009302e-08	-0.00013496246029475	8.6624443192763e-14	0.11544088904553
14	3.9783661644552e-15	5.0301437903902e-14	4.0607704512069e-09	7.0785087999953e-16	1.2989574168805e-08	-0.00013401416690917	8.6623731221273e-14	0.11544183739626
14.2	1.6753944715729e-13	7.2042532706167e-13	4.0633723781634e-09	3.3006440412341e-14	1.3066877867105e-08	-0.00013268711760366	8.6622734906137e-14	0.11544316452633
14.48	4.5023884590022e-14	2.8569987793246e-13	4.0399346208507e-09	8.4262743295409e-15	1.3162748836825e-08	-0.0001311058452393	8.6621547782285e-14	0.11544474587055
14.872	7.5489311184668e-15	7.9613218666398e-14	4.0439235009654e-09	1.3161206618223e-15	1.3275095824364e-08	-0.00012933809157021	8.6620220680577e-14	0.1154465137403
15	4.0362414285597e-15	5.0986641418844e-14	4.0480602472634e-09	6.8611040876625e-16	1.3306909245319e-08	-0.00012884965926215	8.6619854006869e-14	0.11544700220852
15.2	1.6831469360532e-13	7.3477194860002e-13	4.0522502695946e-09	3.1674641735973e-14	1.3351513411356e-08	-0.00012816477297275	8.6619339858719e-14	0.11544768714449
15.48	4.5949346549161e-14	2.9400273849785e-13	4.030527170765e-09	8.2198826092468e-15	1.3406027874333e-08	-0.00012734653781288	8.6618725635418e-14	0.11544850541185
15.872	7.85183535989e-15	8.2859454854943e-14	4.0361319302687e-09	1.3098177194616e-15	1.3469258088233e-08	-0.00012642830626894	8.6618036336908e-14	0.11544942371197
16	4.2207699018765e-15	5.3254434741892e-14	4.0406871720392e-09	6.8663815593907e-16	1.3487037808758e-08	-0.00012617368307993	8.6617845196205e-14	0.11544967835746
16.2	1.372839954989e-13	6.0890124566217e-13	4.0456293930823e-09	2.4756866498254e-14	1.3510346615039e-08	-0.0001258154973056	8.6617576316363e-14	0.1154500365722
16.48	3.7813057383869e-14	2.4469707664067e-13	4.0247197877832e-09	6.4844847412677e-15	1.3540704597638e-08	-0.00012538555418139	8.6617253592745e-14	0.11545046652429
16.872	6.5315776314038e-15	6.9369770104055e-14	4.0310639561942e-09	1.0450772897668e-15	1.357555110354e-08	-0.00012489952607913	8.6616888751506e-14	0.11545095259337
17	3.5219705312268e-15	4.4669879969972e-14	4.0358070158572e-09	5.4962260322676e-16	1.3585290586487e-08	-0.00012476384751172	8.661678690165e-14	0.11545108828639
17.2	1.2296491369086e-13	5.4600378671763e-13	4.0410864501353e-09	2.1442173640582e-14	1.359659610133e-08	-0.00012457185534925	8.661664278154e-14	0.11545128029578
17.48	3.4047144141679e-14	2.1999552392591e-13	4.0205587403923e-09	5.6470317965711e-15	1.3613346173699e-08	-0.00012433944477643	8.6616468341013e-14	0.11545151270214
17.872	5.9190963154099e-15	6.2590948642118e-14	4.0272252622757e-09	9.1629112264993e-16	1.3632500068045e-08	-0.00012407331764302	8.6616268572439e-14	0.11545177885491
18	3.1978277524765e-15	4.0352993719138e-14	4.0320464849777e-09	4.8285171463322e-16	1.3637839091443e-08	-0.00012399816216707	8.6616212154974e-14	0.11545185402052
18.2	1.0941259446102e-13	4.8594482030212e-13	4.0374597471998e-09	1.8591793657576e-14	1.3642370765439e-08	-0.00012389077346723	8.6616131543697e-14	0.11545196141973
18.48	3.0395838779024e-14	1.9610402275943e-13	4.017106370254e-09	4.9133658531597e-15	1.3651950169909e-08	-0.00012375893341322	8.6616032596622e-14	0.11545209324863
18.872	5.3064641083171e-15	5.5920802376306e-14	4.0238994091326e-09	8.0075203142943e-16	1.3662811565815e-08	-0.0001236047343619	8.6615916846726e-14	0.11545224746516
19	2.8705802252525e-15	3.6081530017987e-14	4.028748247635e-09	4.2253712729486e-16	1.3665826740828e-08	-0.00012356038134644	8.6615883551013e-14	0.11545229182602
19.2	9.7137178881388e-14	4.3064868823037e-13	4.0342020698167e-09	1.6198071455425e-14	1.3666566783761e-08	-0.00012349607788796	8.661583528191e-14	0.11545235613618
19.48	2.7048975941623e-14	1.7399148891785e-13	4.0139307105159e-09	4.2912186238292e-15	1.3672522564899e-08	-0.00012341545903736	8.6615774783381e-14	0.11545243674037
19.872	4.7364444271461e-15	4.9700431392884e-14	4.0207649641522e-09	7.0157228487976e-16	1.3679116890519e-08	-0.00012331823186377	8.6615701798744e-14	0.11545253398083
20	2.5647454005063e-15	3.2087967205229e-14	4.0256197440272e-09	3.7058088673074e-16	1.3680929598713e-08	-0.00012328955356591	8.6615680269067e-14	0.11545256266577
20.2	9.5008630018502e-14	4.1886086777444e-13	4.0310777328382e-09	1.5643055769959e-14	1.3679725556342e-08	-0.00012324715545706	8.6615648443144e-14	0.11545260506863
20.48	2.650503577189e-14	1.6941723983993e-13	4.0108544663555e-09	4.1521251607031e-15	1.3683759580789e-08	-0.0001231925732026	8.6615607488525e-14	0.11545265963436
20.872	4.6524734297772e-15	4.8469195339284e-14	4.0176977856813e-09	6.8055727907896e-16	1.3688140782485e-08	-0.00012312432828486	8.6615556258955e-14	0.11545272789036
21	2.5213523562838e-15	3.1310692857603e-14	4.0225500918398e-09	3.597881401992e-16	1.3689335327898e-08	-0.00012310362714263	8.6615540717205e-14	0.11545274859753
21.2	7.5756960763187e-14	3.3509129116575e-13	4.0279890182319e-09	1.235557632917e-14	1.3686637089898e-08	-0.0001230724699172	8.6615517329674e-14	0.11545277975788
21.48	2.1167647185746e-14	1.3563744182451e-13	4.0077904946135e-09	3.2849116752736e-15	1.3690071039726e-08	-0.00012303126864621	8.6615486418883e-14	0.11545282094213
21.872	3.7234408902475e-15	3.8851851178253e-14	4.0146250513431e-09	5.3960455564197e-16	1.3693478555013e-08	-0.0001229778102977	8.6615446288425e-14	0.1154528744106
22	2.0193624581014e-15	2.5109720029381e-14	4.0194713384604e-09	2.8548951337152e-16	1.3694371727796e-08	-0.00012296116559216	8.6615433791555e-14	0.11545289106103
22.2	6.6832508318353e-14	2.9381922307761e-13	4.0248902224045e-09	1.0839649468024e-14	1.3690895981848e-08	-0.00012293571284424	8.6615414686305e-14	0.11545291651606
22.48	1.8701037930153e-14	1.1905712127664e-13	4.004718049625e-09	2.8862129014013e-15	1.3694016321518e-08	-0.00012290129361363	8.6615388866135e-14	0.11545295091801
22.872	3.2960046203708e-15	3.4151026319943e-14	4.0115447534489e-09	4.7508171817143e-16	1.3696917607519e-08	-0.00012285532995198	8.6615354361366e-14	0.1154529968913
23	1.7887923282754e-15	2.2082955581944e-14	4.0163850323326e-09	2.5153403728031e-16	1.3697654897961e-08	-0.00012284074182468	8.6615343408231e-14	0.11545301148499
23.2	4.4678690209517e-14	1.9787305484588e-13	4.0217801963061e-09	7.2169050283336e-15	1.3693731629653e-08	-0.00012281825771162	8.6615326531659e-14	0.1154530339708
23.48	1.2519134751727e-14	8.0231805977993e-14	4.0016302180554e-09	1.9243476540968e-15	1.3696856879977e-08	-0.00012278738537289	8.6615303373643e-14	0.11545306482596
23.872	2.2105834772801e-15	2.3038911911313e-14	4.0084461874127e-09	3.1737273110975e-16	1.3699522927716e-08	-0.00012274525052373	8.661527174283e-14	0.11545310697022
24	1.2005221711571e-15	1.4903940947372e-14	4.0132802153152e-09	1.6815131658597e-16	1.3700170625038e-08	-0.00012273170152691	8.6615261569709e-14	0.11545312052469
24.2	1.9142291379861e-14	7.074512647691e-14	4.018665106763e-09	2.2087462777134e-15	1.369842093614e-08	-0.00012271071596325	8.6615245816466e-14	0.11545314151396
24.48	5.3708558608149e-15	2.8593569024876e-14	3.9985517761897e-09	5.8976401750407e-16	1.3700500666846e-08	-0.00012268163951265	8.6615224007118e-14	0.11545317057232
24.872	9.5007428012378e-16	8.19354360118e-15	4.0053610174723e-09	9.7449989549605e-17	1.3702324007162e-08	-0.00012264142976524	8.6615193821836e-14	0.11545321079068
25	5.1630112246593e-16	5.2985638886013e-15	4.01018872804e-09	5.166614810926e-17	1.3702779655982e-08	-0.00012262840038544	8.6615184038872e-14	0.11545322382534
25.2	3.0896885014775e-13	1.1759032519732e-12	4.0157116543994e-09	3.8198805411231e-14	1.3714281633219e-08	-0.00012260660425062	8.6615167665483e-14	0.11545324564001
25.48	8.6812606863269e-14	4.7627302820582e-13	3.995805718267e-09	1.0214421316231e-14	1.3707215473239e-08	-0.00012257628445438	8.661514493017e-14	0.11545327593189
25.872	1.5387020381956e-14	1.367855974503e-13	4.0026899976099e-09	1.6912512800919e-15	1.370477811534e-08	-0.00012253657545622	8.6615115124671e-14	0.11545331564491
26	8.3677357757278e-15	8.8519143461019e-14	4.0075143520097e-09	8.9732912386615e-16	1.370469763505e-08	-0.00012252392140547	8.6615105623987e-14	0.11545332830365
26.2	3.4384438861541e-13	1.4336178092075e-12	4.0129995903458e-09	4.8049764716852e-14	1.371607373449e-08	-0.00012250263866781	8.6615089635979e-14	0.11545334960498
26.48	9.6742048292282e-14	5.8171492440377e-13	3.9930874685608e-09	1.2866531057383e-14	1.3708673218367e-08	-0.00012247304744456	8.6615067448009e-14	0.11545337916776
26.872	1.7178645637525e-14	1.6740761617844e-13	3.9999167105976e-09	2.1344780384993e-15	1.3706156148363e-08	-0.00012243445921255	8.6615038484027e-14	0.11545341775979
27	9.3482892226645e-15	1.0840732044313e-13	4.0047195143437e-09	1.1332766467311e-15	1.3706086186714e-08	-0.00012242215129992	8.6615029243194e-14	0.11545343007237
27.2	3.8968407710266e-13	1.6511322634948e-12	4.0101474135968e-09	5.7967172940597e-14	1.3716863391132e-08	-0.00012240126866432	8.6615013555801e-14	0.11545345097319
27.48	1.0978500535925e-13	6.7147678029986e-13	3.9902211380097e-09	1.5543549428114e-14	1.3709971887866e-08	-0.00012237215430542	8.6614991725546e-14	0.11545348005943
27.872	1.9530192810235e-14	1.9369561915568e-13	3.997005197785e-09	2.5834748193479e-15	1.3707634848156e-08	-0.00012233425034179	8.6614963275197e-14	0.11545351796726
28	1.0634954946641e-14	1.2552311411585e-13	4.0017919149817e-09	1.372604291603e-15	1.3707586258157e-08	-0.00012232215088489	8.6614954190852e-14	0.11545353007138
28.2	3.9374747782186e-13	1.6937496005606e-12	4.0071619423001e-09	6.0218229218671e-14	1.3716301969295e-08	-0.00012230165717527	8.6614938797015e-14	0.11545355058118
28.48	1.1107537358897e-13	6.8970881686265e-13	3.9872214605632e-09	1.6169158214312e-14	1.3710757143091e-08	-0.00012227303142056	8.6614917332564e-14	0.11545357918012
28.872	1.97952580413e-14	1.9927151308779e-13	3.9939703411784e-09	2.6924963480511e-15	1.3709009132321e-08	-0.00012223558310548	8.6614889223834e-14	0.11545361663284
29	1.0786317660506e-14	1.2920755742235e-13	3.9987457406997e-09	1.4314954739977e-15	1.3709034329189e-08	-0.00012222359905789	8.6614880226078e-14	0.11545362862161
29.2	4.1791613130047e-13	1.8212846722409e-12	4.0040888496306e-09	6.4730086025509e-14	1.3717671617581e-08	-0.00012220319284594	8.6614864897879e-14	0.11545364904397
29.48	1.180481125759e-13	7.4234778903345e-13	3.9841703343309e-09	1.7404302476398e-14	1.3712302496595e-08	-0.00012217465197879	8.6614843497096e-14	0.11545367755812
29.872	2.1075771087928e-14	2.1475838841018e-13	3.9909088918276e-09	2.9036149289881e-15	1.3710569127515e-08	-0.00012213738336592	8.6614815523343e-14	0.1154537148311
30	1.1491556865795e-14	1.3931574576523e-13	3.995677625469e-09	1.5447851853783e-15	1.3710588137281e-08	-0.00012212546071308	8.6614806571703e-14	0.11545372675845
30.2	4.6310760296036e-13	2.0447418346199e-12	4.0010134168072e-09	7.2232393553346e-14	1.3720497690234e-08	-0.00012210495067143	8.6614791164386e-14	0.11545374728617
30.48	1.3098565488169e-13	8.3409725171e-13	3.981137276423e-09	1.9447994846013e-14	1.3714406755756e-08	-0.00012207625828369	8.6614769650542e-14	0.11545377595099
30.872	2.3427837335504e-14	2.4158485056402e-13	3.9878757431963e-09	3.250684016301e-15	1.3712254764084e-08	-0.00012203907550662	8.6614741741695e-14	0.11545381313764
31	1.2782385585452e-14	1.5678845531013e-13	3.9926387324426e-09	1.7306092820743e-15	1.3712209540098e-08	-0.0001220272093876	8.6614732832578e-14	0.11545382500838
31.2	4.1190146005752e-13	1.8539258722069e-12	3.9979312501707e-09	6.45355229102e-14	1.3719573561833e-08	-0.00012200705597304	8.6614717695217e-14	0.11545384517661
31.48	1.166534044534e-13	7.5665231882211e-13	3.9780538441276e-09	1.7399104451162e-14	1.3714924582571e-08	-0.00012197885538802	8.6614696549375e-14	0.11545387335123
31.872	2.0901469286921e-14	2.1936148413867e-13	3.9847694674768e-09	2.9136110364528e-15	1.37135094033e-08	-0.00012194192710892	8.6614668830946e-14	0.11545391028416
32	1.1411346714837e-14	1.4242138154154e-13	3.9895248553649e-09	1.5521973052625e-15	1.3713568522791e-08	-0.00012193009503466	8.6614659947304e-14	0.11545392212096
32.2	3.8929055864996e-13	1.7667821424158e-12	3.99479083268e-09	6.1223448020896e-14	1.3719947151245e-08	-0.0001219100745991	8.6614644910636e-14	0.1154539421551
32.48	1.1039281000618e-13	7.2166887178279e-13	3.9749350721844e-09	1.6528402866549e-14	1.3715973970207e-08	-0.00012188202870252	8.661462388036e-14	0.1154539701758
32.872	1.9814922343895e-14	2.0946648433855e-13	3.9816448628976e-09	2.7729462368286e-15	1.3714896706853e-08	-0.00012184512990255	8.6614596183803e-14	0.11545400707962
33	1.0825133038035e-14	1.3605807073579e-13	3.9863959573251e-09	1.4782516251863e-15	1.3715002789547e-08	-0.0001218332894759	8.6614587293867e-14	0.11545401892482
33.2	3.5703176781981e-13	1.6327401463424e-12	3.991636330127e-09	5.6312929527356e-14	1.3719979626373e-08	-0.00012181340334768	8.6614572359279e-14	0.11545403882306
33.48	1.0137600718369e-13	6.6745056623e-13	3.9718017488771e-09	1.5223167954074e-14	1.3716858187117e-08	-0.00012178553578462	8.6614551462165e-14	0.1154540666664
33.872	1.8228755805663e-14	1.9395690765445e-13	3.9785063872626e-09	2.5587007321247e-15	1.3716225525977e-08	-0.00012174864319586	8.6614523769916e-14	0.11545410356449
34	9.9650186764269e-15	1.2604026051025e-13	3.9832536751841e-09	1.36495198737e-15	1.3716396096036e-08	-0.00012173678153176	8.6614514863997e-14	0.115454115431
34.2	3.5212462392983e-13	1.6126301798059e-12	3.9884798960942e-09	5.5678858104988e-14	1.3721003725293e-08	-0.00012171687948584	8.6614499917788e-14	0.11545413534476
34.48	1.0011248941199e-13	6.5986805156344e-13	3.968680123651e-09	1.507205445134e-14	1.3718135104043e-08	-0.00012168898362864	8.6614478999245e-14	0.1154541632167
34.872	1.8033641236615e-14	1.9200498859875e-13	3.975387330539e-09	2.5380123486626e-15	1.3717641483375e-08	-0.00012165202123232	8.6614451254536e-14	0.11545420018475
35	9.8647409032817e-15	1.2483181867679e-13	3.980131660535e-09	1.3548261666228e-15	1.3717834666116e-08	-0.00012164013686177	8.6614442331574e-14	0.11545421207398
35.2	2.8260065606103e-13	1.3039610639485e-12	3.985319432576e-09	4.475666640497e-14	1.3719602839278e-08	-0.00012162054102505	8.6614427617799e-14	0.11545423167827
35.48	8.0449171303493e-14	5.339635458972e-13	3.9655246983635e-09	1.2131645126683e-14	1.3718426458605e-08	-0.00012159307133637	8.6614407017735e-14	0.11545425912598
35.872	1.45171016353e-14	1.5554589520765e-13	3.9722186344196e-09	2.0466224169944e-15	1.3718822434248e-08	-0.00012155617122441	8.6614379318997e-14	0.11545429603273
36	7.9462130262967e-15	1.0117222614936e-13	3.9769586731264e-09	1.0932418055186e-15	1.3719144084701e-08	-0.00012154425307891	8.6614370370577e-14	0.11545430795588
36.2	2.723543395102e-13	1.2477275989824e-12	3.9821313052917e-09	4.3217269433456e-14	1.3720302972411e-08	-0.0001215246374737	8.661435564249e-14	0.11545432757927
36.48	7.7632507708413e-14	5.115373601374e-13	3.9623715400407e-09	1.1730106957301e-14	1.3719578464878e-08	-0.00012149712276676	8.6614335008269e-14	0.11545435507253
36.872	1.4033682181484e-14	1.4923381341344e-13	3.9690711671259e-09	1.9825452339171e-15	1.3720210856416e-08	-0.00012146008236244	8.6614307204071e-14	0.11545439211983
37	7.6865588481058e-15	9.7117302513445e-14	3.9738096137375e-09	1.0597231614447e-15	1.3720568196867e-08	-0.00012144811583392	8.6614298219323e-14	0.11545440409139
37.2	2.1410250030469e-13	9.8422454234679e-13	3.978952128243e-09	3.4003614708262e-14	1.3719523926275e-08	-0.00012142870956326	8.6614283650407e-14	0.11545442350289
37.48	6.1106437432358e-14	4.0384683055925e-13	3.9592070654168e-09	9.2416294817783e-15	1.3720155521522e-08	-0.00012140149266247	8.6614263238586e-14	0.11545445069992
37.872	1.1065649144579e-14	1.1795880085819e-13	3.9659000836328e-09	1.5648219575991e-15	1.3721490304965e-08	-0.0001213644385983	8.6614235423521e-14	0.11545448776166
38	6.0647764428258e-15	7.6799318455518e-14	3.9706354870575e-09	8.3699418872381e-16	1.3721946748432e-08	-0.00012135242569319	8.6614226403883e-14	0.11545449977971
38.2	1.854784304968e-13	8.4631767988473e-13	3.9757588546107e-09	2.9493615057889e-14	1.3719809643496e-08	-0.00012133306954082	8.6614211873592e-14	0.11545451913983
38.48	5.3004917521061e-14	3.4766188957978e-13	3.9560430930637e-09	8.0265917731256e-15	1.3721179445917e-08	-0.00012130591287558	8.6614191506366e-14	0.1154545462775
38.872	9.6154694318841e-15	1.0169639748189e-13	3.9627390092626e-09	1.3615865080377e-15	1.3722886213211e-08	-0.00012126873820293	8.6614163600471e-14	0.11545458346028
39	5.2733514802264e-15	6.6245612890797e-14	3.9674727780513e-09	7.2877217008691e-16	1.3723393885555e-08	-0.00012125666974523	8.6614154539104e-14	0.11545459553393
39.2	1.6007822181662e-13	7.2683118857022e-13	3.9725793876624e-09	2.5475492785194e-14	1.3720317124885e-08	-0.00012123734673436	8.6614140034574e-14	0.11545461485981
39.48	4.5804996688264e-14	2.9889983731396e-13	3.9528944419797e-09	6.9423364116328e-15	1.3722296695578e-08	-0.00012121024068465	8.6614119704832e-14	0.1154546419476
39.872	8.3239944290547e-15	8.755522083232e-14	3.9595929368883e-09	1.1798247040431e-15	1.3724311389018e-08	-0.00012117296526634	8.6614091723076e-14	0.11545467923147
40	4.5680029844273e-15	5.7062596840994e-14	3.9643246819335e-09	6.3190686724356e-16	1.3724861352363e-08	-0.00012116085029875	8.6614082626776e-14	0.11545469135169
