# Time [h]	MS [1]	AA [1]	Butyric [1]	MO_AcidoLCFA [1]	MO_ButyricValeric [1]	Propionic [1]	Carbondioxide [1]	Carbondioxide_gas [1]	MO_hydroM [1]	Valeric [1]	MO_acetoM [1]	LCFA [1]	MO_AcidoMS [1]	Methane [1]	Methane_gas [1]	MO_AcidoAA [1]	MO_Propionic [1]	Hydrogen [1]	Hydrogen_gas [1]	Acetic [1]	Phi [1]
0.2	5.8198091045171e-08	1.8191509620349e-07	8.5546674441317e-07	0.015450077970961	0.02207379024533	2.0476152577793e-06	0.71367935688996	0.57375629858573	0.036020503841251	2.3340343010656e-07	0.020968176189316	2.7426147317292e-06	0.078992121697863	0.060684615800246	0.93845016604768	0.01150052198164	0.012779451473282	9.1518613877662e-09	1.4215960578266e-06	0.0014129315146774	0.90939613913033
0.48	-1.163616149988e-09	1.6494232957726e-08	1.2804551054435e-07	0.015446844789515	0.022068812920231	5.6603247310714e-07	0.63531982384639	1.0164355606648	0.036015392549975	3.6287978035889e-08	0.021044834939429	2.3374736247158e-06	0.078970273685989	0.061487076260915	0.58126880637259	0.011497473917626	0.012777016435067	2.7686496762306e-09	3.5519840536471e-07	0.0012121113368405	0.90939253941186
0.872	3.8456463838385e-11	4.9627164631989e-10	8.6592438743878e-09	0.015442227539764	0.022060655868732	8.7501406208609e-08	0.54290195315422	1.1019501154845	0.036003899570089	2.4431303575317e-09	0.021150064477813	1.8686960402896e-06	0.078940423328199	0.060110474075991	0.44836427332478	0.011493141380461	0.012772526224127	9.4402084689144e-10	7.8037636778345e-08	0.00093571354794599	0.90938831094731
1	3.310115333515e-12	1.5749566564624e-10	3.3685648802497e-09	0.015440685426794	0.022057966534129	4.4426114776648e-08	0.51473453866694	1.0295802931884	0.035999883074375	9.3245025790799e-10	0.021183768392095	1.7359369932149e-06	0.07893077104931	0.059465968364188	0.418436595722	0.011491736362891	0.012770994286124	7.6358712813934e-10	5.4427690068151e-08	0.00084704848654447	0.90938702428523
1.2	3.8188295533536e-14	2.7723787537596e-11	4.8151901915592e-08	0.015438235669524	0.022053851326962	2.8829022107445e-07	0.51320489337427	1.2188522692209	0.035993906373202	1.6629807975106e-08	0.021235399823686	1.5362027128569e-06	0.07891574260795	0.059618555842986	0.61711177405338	0.011489548441394	0.012768707118958	1.4706811518106e-09	7.1933764028446e-07	0.00071933046749655	0.90938506556345
1.48	-7.3959369509681e-16	2.525064356931e-12	6.7986433689361e-09	0.015434770094773	0.022048116225794	7.5142103889889e-08	0.45939578757514	0.91362672483021	0.035985410988694	2.1610782501937e-09	0.021304680273549	1.3067999060707e-06	0.078894985273284	0.057258817415035	0.44293922736901	0.011486526346651	0.012765499009604	7.0089554903833e-10	1.8295383328942e-07	0.00053604351357244	0.90938260554512
1.872	2.4472994496155e-17	7.6636141311095e-14	4.3792101461947e-10	0.015429949969872	0.022040259873377	1.1106490999117e-08	0.40222671283117	0.81782903091925	0.035973292492703	1.2232809909864e-10	0.02139147865066	1.0433412786569e-06	0.078866837544948	0.052231814364224	0.4239549716884	0.011482428245494	0.012760988756329	4.1146227544847e-10	4.0143377171762e-08	0.00030665454633614	0.90938008014534
2	2.1176958468555e-18	2.4388273832319e-14	1.6913340001807e-10	0.015428397770268	0.022037766131606	5.589238867745e-09	0.38602541402185	0.79360326663001	0.035969399638331	4.5506632299315e-11	0.021416639491842	9.6895000415253e-07	0.078857912746674	0.050159550503409	0.42393504886621	0.011481128860287	0.012759548440724	3.6884713361146e-10	2.7823726034453e-08	0.00023989244098926	0.90937952416388
2.2	2.53620465957e-20	4.3156700357742e-15	2.2478404047925e-08	0.015426030337978	0.02203403097392	1.1225818395166e-07	0.38085558786006	0.91499683312103	0.035963654645958	7.8957211379694e-09	0.021450302995835	8.5810948577276e-07	0.078844408967373	0.04673937492927	0.60325296238534	0.011479162809075	0.01275741819958	6.8768728183365e-10	3.1293199548658e-07	0.00015751513968424	0.9093791022755
2.48	-4.8294314306803e-22	3.9645159209662e-16	3.1721719925547e-09	0.015422907594453	0.022029125584488	2.8991367741757e-08	0.33033755744661	0.7164571094265	0.03595607011294	1.0276808464212e-09	0.021482254106648	7.2980849946372e-07	0.07882674565107	0.037262796640277	0.44520542018737	0.01147659116007	0.012754619488875	3.5634947699793e-10	7.9320470809126e-08	7.0306288182208e-05	0.90937977158223
2.872	1.6034839969378e-23	1.2205965527831e-17	2.0525858101352e-10	0.015418897427774	0.022022854436799	4.2913665596092e-09	0.26407603417462	0.62625162420637	0.035946208041516	5.8481436000585e-11	0.021499308477685	5.8262774383828e-07	0.078804289116314	0.022942644754917	0.40811056744309	0.011473321654231	0.012751002986699	2.2520585062993e-10	1.8574277693976e-08	1.916346801077e-05	0.9093830147017
3	1.3985169251324e-24	3.9022162574438e-18	7.9447637429017e-11	0.015417629428918	0.022020888988375	2.1649024517892e-09	0.24611531384303	0.60014970615061	0.035943097247509	2.1803549237141e-11	0.021501226152719	5.4111635177569e-07	0.078797255491101	0.019305201209311	0.40373419865967	0.011472297610347	0.01274986635173	2.0384570382518e-10	1.3273399373768e-08	1.1777540778841e-05	0.90938437674299
3.2	1.7336984437479e-26	6.9645862640233e-19	8.275712612012e-09	0.015415662602626	0.022017875079761	3.5012476063388e-08	0.22340787014	0.57168678966014	0.035938345060333	2.9044986889255e-09	0.021502264390982	4.8004753425682e-07	0.078786419988854	0.01577892189292	0.55666078194611	0.011470720041296	0.0127481305122	2.9732276258127e-10	1.0616685944574e-07	8.5733875017418e-06	0.90938666093396
3.48	-3.2614937322666e-28	6.4878133813812e-20	1.1714679161892e-09	0.015412914119353	0.022013695178694	9.0674730468369e-09	0.1896330698031	0.47380148171534	0.035931724063559	3.7979376776313e-10	0.021501692620472	4.084915744645e-07	0.078771422487231	0.011727892598461	0.44352255151988	0.011468536515928	0.012745722471286	1.7822414155581e-10	2.8551895609466e-08	4.5855129444919e-06	0.90939003149349
3.872	1.0910265168338e-29	2.0467036281033e-21	7.6457291961855e-11	0.01540905017946	0.02200787259749	1.3539864393374e-09	0.15960221861495	0.41920213852026	0.035922418142957	2.1821843256538e-11	0.021499195386762	3.264159508308e-07	0.078750581483902	0.0089691795231936	0.43389161503522	0.011465502219917	0.012742355630759	1.2335446787978e-10	8.0200940598856e-09	3.2829127426873e-06	0.90939490353781
4	9.643153715119e-31	6.5980919101611e-22	2.9703209647545e-11	0.0154077813923	0.02200597439252	6.8565163388039e-10	0.1521508193575	0.40338297053578	0.035919373087595	8.1670704144302e-12	0.021498257895868	3.0328210005922e-07	0.078743788900814	0.0085005171542061	0.43681139111128	0.011464513270036	0.012741257003974	1.1290254820409e-10	6.1383661985905e-09	3.1625137734016e-06	0.90939650600539
4.2	1.2558143272708e-32	1.1953018652034e-22	2.1400143251981e-09	0.015405789116113	0.022003010524176	8.378218229789e-09	0.13954351581311	0.36062423402649	0.035914617398243	7.4233222569387e-10	0.02149686667321	2.6972749541657e-07	0.078733170246304	0.0087245919704002	0.55326688040577	0.011462967272445	0.012739543049918	1.2839513650386e-10	2.8494371706582e-08	3.5299911946751e-06	0.90939900325575
4.48	-2.3378612982482e-34	1.14100896968e-23	3.0537394474069e-10	0.015402986069667	0.021998861828345	2.184941525337e-09	0.12348762922099	0.3164047441891	0.035907944972058	9.7947440855183e-11	0.021494851276453	2.2985112042376e-07	0.07871831455852	0.008318039016629	0.48067255131247	0.011460804394135	0.012737143773141	9.1143221914091e-11	9.0219170828814e-09	3.16649891827e-06	0.90940250744726
4.872	7.9380878833786e-36	3.7686282866223e-25	2.0240383866196e-11	0.01539904030528	0.021993056460584	3.303014549294e-10	0.1087775752683	0.2860459192116	0.035898575303143	5.7218457827237e-12	0.021491861549743	1.8408820311291e-07	0.078697539681377	0.0080335605808473	0.47877021088018	0.011457779725614	0.012733783554186	6.8348391414141e-11	3.5060445480951e-09	3.0651393037378e-06	0.90940743178059
5	7.1914232955634e-37	1.2349250291652e-25	7.9140965307824e-12	0.015397747087562	0.021991161480785	1.6815056457688e-10	0.10494189997558	0.27688974596161	0.035895511522876	2.1558185633994e-12	0.021490873551292	1.7119457839386e-07	0.078690758827647	0.0080021220097	0.48139102003334	0.011456792483443	0.012732686478096	6.3143633819687e-11	2.9301580335699e-09	3.0587339697969e-06	0.90940904128157
5.2	1.0201747706933e-38	2.3005700241075e-26	4.1779053569845e-10	0.015395721690122	0.021988201429859	1.5850722592416e-09	0.097935992807772	0.250652160831	0.035890722667397	1.4183673078753e-10	0.021489338624228	1.5269134715588e-07	0.078680164388787	0.008456106876598	0.56218458308353	0.011455250011472	0.012730973028646	6.1549075050835e-11	6.9606314420915e-09	3.1098686611349e-06	0.90941155552518
5.48	-1.8692813568501e-40	2.3000198135269e-27	6.0558899949197e-11	0.015392878102348	0.021984058094343	4.1791746192046e-10	0.08927330330022	0.22758516823125	0.035884011453259	1.9026184595414e-11	0.021487179638045	1.3046626579334e-07	0.078665336310407	0.008377434222915	0.50884178936815	0.011453091152886	0.01272857459025	4.9113190621784e-11	3.0198533033358e-09	3.0824290908927e-06	0.90941507710339
5.872	6.5737723886509e-42	8.350229606598e-29	4.1262181555615e-12	0.015388884126346	0.021978258992187	6.4401826923793e-11	0.081239218578743	0.21062208742663	0.035874603807797	1.144538953689e-12	0.021484133047027	1.0494896112724e-07	0.078644585130386	0.0082984158618359	0.50691794391461	0.011450069934494	0.012725217157683	3.8615613268175e-11	1.6992236502714e-09	3.0956374392113e-06	0.90942001054772
6	8.8986263272214e-43	2.8319934266605e-29	1.6319007174346e-12	0.015387577288809	0.021976365820044	3.3069739377845e-11	0.079121091706428	0.20546594749606	0.035871529875068	4.3636202287552e-13	0.0214831360558	9.776132744176e-08	0.078637810798675	0.0082949801061593	0.50844089279776	0.011449083641881	0.012724121047067	3.5890756884914e-11	1.5178391195716e-09	3.1037525848509e-06	0.90942162178641
6.2	-1.5105619809848e-44	5.5919906543564e-30	5.3210939240619e-11	0.015385532921735	0.021973408215156	2.0135540895001e-10	0.075203722177058	0.19058196395632	0.035866725409494	1.7409076883447e-11	0.021481576600388	8.7516038947272e-08	0.078627227317948	0.0086499323942798	0.5680548381871	0.011447542765334	0.012722408672459	3.2763277008614e-11	1.8855760815754e-09	3.1218798771708e-06	0.90942413952925
6.48	6.2607335184196e-43	6.1638339836255e-31	7.9332000955162e-12	0.015382666455744	0.021969268327957	5.4012305677481e-11	0.070337103739746	0.17759087667501	0.035859996087754	2.4048464775217e-12	0.0214793897254	7.5126028444095e-08	0.078612413348507	0.0085841208422156	0.52550792808879	0.011445385960907	0.01272001177955	2.7685255810671e-11	1.2459347056422e-09	3.1499211830543e-06	0.90942766475315
6.872	2.6692399838133e-43	2.7536708393862e-32	5.6747064783318e-13	0.015378646350481	0.021963473918135	8.5927091261725e-12	0.065876052079093	0.16834138829456	0.035850570117391	1.5232345327711e-13	0.021476321368502	6.0894380272244e-08	0.078591679231551	0.0085118308257742	0.52292442566298	0.011442367226773	0.012716656892611	2.232651056652e-11	9.1392718416811e-10	3.2012973442086e-06	0.90943260056462
7	1.7510750215955e-43	1.0072994079045e-32	2.2891990148454e-13	0.015377332240859	0.021961582211424	4.476952308142e-12	0.064704840664772	0.16551220739325	0.035847491355726	5.9278436614226e-14	0.021475318496976	5.6885387065857e-08	0.078584910155264	0.0085046495249886	0.52370626615705	0.011441381699311	0.012715561613666	2.0846553404101e-11	8.4477144986545e-10	3.2194899378506e-06	0.90943421225499
7.2	5.9773414111502e-44	2.2559869957992e-33	2.5144461867897e-11	0.015375277687692	0.021958626817898	9.0548304495604e-11	0.062520067056842	0.15715172173596	0.035842680206507	7.8401768237719e-12	0.021473749357895	5.1175577691554e-08	0.078574334760681	0.0087841054878185	0.57138454388203	0.011439842000048	0.012713850486563	1.9069124939826e-11	1.0208999478408e-09	3.2523637980981e-06	0.90943673057672
7.48	2.4400696544047e-43	3.0590044629019e-34	3.9335123722538e-12	0.015372399080828	0.021954489964921	2.5136032597209e-11	0.05970378019689	0.14934064598027	0.035835943358615	1.1386602128928e-12	0.021471548750025	4.4260674838349e-08	0.078559531785093	0.0087117305788145	0.53504325313263	0.011437686796246	0.012711455313418	1.6293541216792e-11	7.1206291982438e-10	3.3065988324198e-06	0.90944025627992
7.872	7.6576962939455e-44	2.0595444880286e-35	3.0528655275283e-13	0.015368365481178	0.02194869969967	4.2291730502229e-12	0.05722065745981	0.14451519516458	0.03582650993882	7.8646289107476e-14	0.021468460794115	3.6308411016513e-08	0.078538812519427	0.0086335332025132	0.53196098229526	0.01143467022435	0.012708102812382	1.3312185307199e-11	5.3615108241981e-10	3.3974851257725e-06	0.90944519221532
8	1.9757766262935e-43	8.6738832284097e-36	1.2716935780259e-13	0.015367047683385	0.021946809314088	2.2570465255713e-12	0.056580519235257	0.14301949630102	0.035823429342973	3.1641446569893e-14	0.02146745162074	3.4065679276394e-08	0.07853204817141	0.0086224072570658	0.53230171681423	0.011433685385291	0.012707008297022	1.2484885515663e-11	4.9774243453617e-10	3.4286998136464e-06	0.90944680382349
8.2	1.8398490039259e-43	2.4246981621363e-36	2.631560113084e-11	0.015364988029626	0.021943855967519	9.3010491277622e-11	0.055367417306824	0.13832514204856	0.035818615884542	7.7122153071724e-12	0.021465872117458	3.086572408567e-08	0.0785214801045	0.0088573493245286	0.57324774757917	0.011432146752883	0.012705298354077	1.1641642527032e-11	7.2498121787533e-10	3.4832464522586e-06	0.90944932195619
8.48	-2.74531495285e-43	4.5677098340381e-37	4.4383930554122e-12	0.015362103480646	0.02193972194314	2.7147524252513e-11	0.053678229094536	0.13328695065944	0.035811876807583	1.2114148256314e-12	0.021463656416287	2.6984487527812e-08	0.078506687248613	0.0087803266273821	0.54047854807107	0.011429993022435	0.012702904818569	9.9742357147289e-12	4.5841481777704e-10	3.5703717153056e-06	0.90945284725464
8.872	-1.6786156847558e-41	5.2026217283859e-38	3.8970660708153e-13	0.015358063538205	0.021933935562563	4.957017708443e-12	0.052300169485813	0.13098527162139	0.035802441898915	9.538835791287e-14	0.021460546864691	2.2501533150267e-08	0.078485981881498	0.0086979999479763	0.53708567332273	0.011426978474067	0.012699554567276	8.2581093042453e-12	3.2923279569613e-10	3.7094006717365e-06	0.90945778235211
9	-4.6319783730486e-42	2.5814818425217e-38	1.6996673038376e-13	0.015356744069407	0.021932046422137	2.7369366328999e-12	0.051959133739942	0.13024898600481	0.03579936113843	4.0249998723969e-14	0.021459530890774	2.1232240871343e-08	0.078479221988822	0.0086845474078146	0.53717186045907	0.011425994283672	0.012698460772981	7.7863150134004e-12	3.0449228133702e-10	3.7558833972956e-06	0.90945939360275
9.2	-9.8991825569165e-44	9.1664066748758e-39	4.289609754472e-11	0.015354682169849	0.021929095021307	1.4941005892254e-10	0.051293084532033	0.12761799443378	0.035794547787466	1.1710597201285e-11	0.021457940772875	1.9411446658565e-08	0.078468660816706	0.0088942226522409	0.57429529239559	0.011424456655096	0.012696751965806	7.6497385119666e-12	7.2283276535494e-10	3.834420908137e-06	0.90946191110954
9.48	-7.4375648587405e-44	2.3715750101486e-39	8.0101921424732e-12	0.015351795136484	0.021924963674922	4.6678046263068e-11	0.050232616478491	0.12410295434483	0.035787809381379	2.0454309221331e-12	0.021455710655465	1.7194401956414e-08	0.078453877475571	0.0088150955555594	0.54358686417092	0.011422304309927	0.01269435999618	6.4535827310991e-12	3.6414483273108e-10	3.9543833523275e-06	0.90946543539241
9.872	1.2523544853422e-43	4.1401554874711e-40	8.2379578014116e-13	0.015347752786708	0.021919180933078	9.4594626809316e-12	0.049478479974777	0.12323921419151	0.03577837615723	1.9050628725289e-13	0.021452582865878	1.4607409839263e-08	0.078433185112718	0.0087313888944729	0.54001257985982	0.011419291654884	0.012691011859518	5.3805811280033e-12	2.2065072039158e-10	4.1348163250881e-06	0.90947036874789
10	-3.514416417186e-43	2.3404457828908e-40	3.7958762745286e-13	0.015346432746186	0.02191729295522	5.4389894847618e-12	0.049307394450107	0.12293574065709	0.03577529610008	8.510230308098e-14	0.02145156160021	1.3868639751314e-08	0.078426429378923	0.0087169609705816	0.53995341388446	0.011418308069991	0.012689918739385	5.0973296120539e-12	1.992114854535e-10	4.1932214963498e-06	0.90947197934109
10.2	-1.0337098601675e-42	9.9928816879229e-41	8.4983345915568e-11	0.015344370135589	0.021914343377534	2.934760225325e-10	0.048952800172181	0.12147595464395	0.035770484128888	2.1703909922566e-11	0.021449964273503	1.2797693893887e-08	0.078415874567983	0.0089128901795163	0.57489005227719	0.011416771367555	0.012688211010728	5.7451768302506e-12	1.0580656572656e-09	4.2882891483834e-06	0.90947449568126
10.48	7.3572680464791e-42	3.2650598951743e-41	1.777014662744e-11	0.015341482440844	0.021910214504876	9.8920580353555e-11	0.048249864099231	0.11881625015722	0.035763747859172	4.2655622718921e-12	0.02144772616264	1.1484842225118e-08	0.078401099910217	0.0088338302449274	0.54537557358136	0.011414620286621	0.012685820511688	4.5366797462738e-12	4.2257786454428e-10	4.425628307663e-06	0.90947801810507
10.872	5.3432731252653e-44	7.6265591582548e-42	2.1530732315162e-12	0.015337439698078	0.021904435052198	2.2335101406301e-11	0.047855124177673	0.11878065990207	0.035754317745461	4.727062110121e-13	0.02144459172186	9.9274285619257e-09	0.07838041927362	0.0087511514716021	0.54169729308766	0.011411609338835	0.01268247429984	3.7063716855486e-12	1.8280570075779e-10	4.6189323872047e-06	0.90948294842036
11	7.3959058677233e-44	4.7142932780732e-42	1.0461687168551e-12	0.015336119637436	0.021902548120736	1.3353614017568e-11	0.047782481828026	0.11872715975323	0.035751238754736	2.2312431176945e-13	0.021443569172155	9.4768667659264e-09	0.078373667280814	0.0087366586496667	0.54155478448881	0.011410626298603	0.012681381788419	3.5128060792954e-12	1.5275699495443e-10	4.6793303120528e-06	0.90948455793142
11.2	6.7970453205196e-45	2.2807775201238e-42	1.1933546536994e-10	0.015334057076439	0.021899600160976	4.1638365289322e-10	0.047609080005074	0.11794488736706	0.035746428576094	2.876323516039e-11	0.021441971450083	8.8152628725467e-09	0.078363118156421	0.0089255550373683	0.57523409355642	0.011409090424086	0.012679675015095	4.7219196790496e-12	1.3639593123263e-09	4.7738095693373e-06	0.90948707241897
11.48	-2.8863883439243e-41	8.6912574751152e-43	2.7609017307486e-11	0.015331169603239	0.02189547347817	1.5010945756159e-10	0.047114285386098	0.11577606938325	0.03573969487695	6.2816782060243e-12	0.021439735519205	7.9961439690017e-09	0.078348351210755	0.0088477131174617	0.54640962384051	0.011406940465977	0.01267728581466	3.4299551837784e-12	5.1267591464686e-10	4.9030639364971e-06	0.90949059199546
11.872	-1.0328220810746e-42	2.4368331208503e-43	3.8356596631306e-12	0.015327127418017	0.021889696943936	3.7080671291687e-11	0.046930974878056	0.11622710229141	0.035730268308794	8.0457723732591e-13	0.021436608686977	7.0055702805964e-09	0.078327680976185	0.0087668615169151	0.54266963710615	0.011403931032649	0.012673941311245	2.6823409651058e-12	1.7762081007467e-10	5.0735730155157e-06	0.90949551792243
12	-6.3673730015134e-43	1.5919301944417e-43	1.9430389769264e-12	0.015325807594467	0.021887810947272	2.285456346635e-11	0.046916314026507	0.11632071376941	0.035727190492626	3.9656378411747e-13	0.021435589213611	6.7148913862544e-09	0.078320932324495	0.0087525645419286	0.5424783794025	0.011402948478858	0.012672849344024	2.5303653335567e-12	1.3610322451536e-10	5.1250635863664e-06	0.90949712594419
12.2	-1.4508424632758e-43	8.3142565472807e-44	1.4129923042303e-10	0.015323745440527	0.021884864428866	5.0528665108543e-10	0.046850031707419	0.11593901463643	0.03572238220094	3.2430571566595e-11	0.021433997491186	6.282502210784e-09	0.078310388310073	0.0089377601069407	0.57543788838939	0.011401413348316	0.01267114341906	4.1000940349843e-12	1.583355593699e-09	5.2028203696788e-06	0.90949963799198
12.48	-3.735943932572e-43	3.4745026228455e-44	3.521680714591e-11	0.015320858611928	0.021880739722932	1.9124797869714e-10	0.046477300861412	0.11405442532611	0.035715651175404	7.6541107208705e-12	0.021431771621595	5.7422361454868e-09	0.078295628368696	0.0088608398175105	0.54700433311733	0.011399264409979	0.012668755385264	2.7407537982349e-12	5.9320771487041e-10	5.3042914261157e-06	0.9095031540004
12.872	9.2508551392035e-44	1.0832140736118e-44	5.3823952978374e-12	0.015316817463685	0.021874965889919	5.0273445558879e-11	0.046417713811799	0.11479240070171	0.035706228328417	1.0843035238526e-12	0.021428660823006	5.0777147301539e-09	0.078274967770213	0.0087808989184728	0.54322526206357	0.011396256379593	0.012665412460322	2.0176100833842e-12	1.8419317144211e-10	5.431127574201e-06	0.90950807475943
13	-1.7227766036361e-43	7.303767186344e-45	2.8034409407582e-12	0.015315498011997	0.021873080771982	3.1613645833675e-11	0.046436739713164	0.11497230757442	0.035703151744179	5.5009080947608e-13	0.021427646605676	4.880364252901e-09	0.078268222259561	0.0087665723482568	0.54300503155912	0.011395274283115	0.012664321004359	1.8854386646713e-12	1.3230433951278e-10	5.4683474001683e-06	0.90950968108837
13.2	-7.6204062606977e-44	3.9844742493638e-45	1.4358613807138e-10	0.015313436463913	0.021870135612456	5.2950755049537e-10	0.046432670805835	0.11482581130877	0.035698345379007	3.1405434574499e-11	0.021426063411478	4.5837428657471e-09	0.078257683125007	0.0089494105015494	0.57555926488611	0.011393739863045	0.012662615871215	3.5492466123067e-12	1.6190857270457e-09	5.5229196438836e-06	0.90951219046271
13.48	-1.4078323475573e-42	1.753711845705e-45	3.7528107461697e-11	0.015310550533829	0.021866012808353	2.0651749909394e-10	0.046129473492493	0.11310253144224	0.035691617098817	7.7884521694197e-12	0.02142384962744	4.2106143136674e-09	0.078242929994342	0.0088724851249001	0.54734054582322	0.011391591916297	0.012660228944923	2.2284473339824e-12	6.1249582021482e-10	5.5917948110558e-06	0.90951570270721
13.872	1.0305436397003e-43	5.7971890265081e-46	6.0830318937946e-12	0.015306510737994	0.021860241650043	5.6361661215537e-11	0.046139207839158	0.11400430043315	0.035682198184172	1.1739323486251e-12	0.021420755219251	3.745987966346e-09	0.078222278960147	0.0087922064450037	0.54353666461822	0.011388585278401	0.012656887573667	1.5487873957294e-12	1.8184257532157e-10	5.674564971342e-06	0.90952061822776
14	9.1457208408056e-45	3.9770447663953e-46	3.2217050919375e-12	0.01530519175147	0.021858357412486	3.5862030933742e-11	0.04617685198453	0.11423290054154	0.035679122909459	6.0597673574445e-13	0.021419745998812	3.6068307936563e-09	0.078215536598528	0.0087775872576519	0.54329953017481	0.011387603640399	0.012655796628458	1.4320054460141e-12	1.2597111931338e-10	5.6983385024521e-06	0.90952222287303
14.2	8.399047136459e-44	2.22194416766e-46	1.3567637643486e-10	0.015303130951055	0.021855413622146	5.1362907127421e-10	0.046207083917106	0.11421872656769	0.035674318577581	2.8256540475696e-11	0.021418170364682	3.3960925832446e-09	0.078205002406592	0.008958691363674	0.57563011570148	0.011386069939937	0.012654092286822	3.0460610884685e-12	1.5460084584375e-09	5.7322984737598e-06	0.90952472963963
14.48	-9.2214301760683e-43	1.0058909149095e-46	3.6461784563924e-11	0.015300246107089	0.021851292754008	2.0369410666311e-10	0.045941378001327	0.11258324255442	0.035667593200025	7.2137933185009e-12	0.02141596649773	3.129943443498e-09	0.078190256243314	0.0088811657772158	0.54752754764088	0.011383923007589	0.012651706477857	1.8210347594227e-12	5.8895847722828e-10	5.7744159622688e-06	0.90952823828269
14.872	-9.508612425158e-44	3.4318067474872e-47	6.1134818412623e-12	0.015296207902879	0.021845524349832	5.6762537059598e-11	0.045987553031836	0.11357311305544	0.035658178483497	1.1267615397893e-12	0.021412884464497	2.7958569392826e-09	0.078169615071372	0.0087999678168142	0.54370926892631	0.011380917805564	0.01264836669985	1.2018123675952e-12	1.707734655697e-10	5.8237624641396e-06	0.90953314887285
15	5.2149503593728e-44	2.3763204191001e-47	3.2687557065938e-12	0.015294889452975	0.02184364102113	3.6352575691437e-11	0.046034822201342	0.11382754687248	0.035655104605806	5.8739802209087e-13	0.02141187886	2.6952481325879e-09	0.078162875962189	0.0087849843708844	0.54346279358597	0.011379936641092	0.012647276280795	1.0994979146029e-12	1.157524983517e-10	5.8377340774527e-06	0.90953475194136
15.2	-3.3921454041444e-44	1.3445597998617e-47	1.3631063702303e-10	0.015292829505795	0.0218406986559	5.2388232870642e-10	0.046082801386015	0.1138838825922	0.035650302477809	2.7117682289004e-11	0.02141030853197	2.5418802899254e-09	0.07815234687833	0.0089648363184096	0.57567055317731	0.011378403684329	0.012645572766449	2.7613142454076e-12	1.558792269584e-09	5.8573179427103e-06	0.90953725627131
15.48	-1.1755802800182e-42	6.1795130848518e-48	3.7212630492336e-11	0.015289945885603	0.021836579801193	2.0962151590442e-10	0.045836210320931	0.11229422835961	0.035643580233042	7.0373603363896e-12	0.021408111322696	2.3480474398133e-09	0.07813760792459	0.0088866256179503	0.54763233767447	0.011376257801636	0.012643188126479	1.5527724666748e-12	5.9438835710774e-10	5.8812552321416e-06	0.90954076156333
15.872	1.7094977515426e-43	2.1444457828586e-48	6.3589503090366e-12	0.015285909447114	0.021830814249594	5.9078542262807e-11	0.045900352914135	0.11332819083294	0.035634169978636	1.1213940595369e-12	0.02140503713887	2.1035000176078e-09	0.078116976958928	0.0088045482960638	0.54380693578293	0.01137325408557	0.012639850002173	9.5528815370922e-13	1.6836214131504e-10	5.9090119356342e-06	0.90954566757903
16	9.4307826817443e-44	1.4923975996001e-48	3.4182727699368e-12	0.015284591585471	0.021828931859629	3.7970321248615e-11	0.045952269562624	0.11359537405155	0.035631097574721	5.8786298364319e-13	0.021404033758694	2.0295971903446e-09	0.078110241208542	0.0087892706453212	0.54355566247024	0.011372273410114	0.012638760127024	8.6056683061498e-13	1.1192817722919e-10	5.9168151472385e-06	0.90954726918095
16.2	2.814113317965e-43	8.505986139801e-49	1.1118224151599e-10	0.015282532571829	0.021825990948395	4.341460413158e-10	0.0460086451851	0.11368490181355	0.035626297679216	2.1195532402836e-11	0.021402466513055	1.9166409937376e-09	0.07809971741507	0.0089682963727634	0.57569299712045	0.011370741223592	0.012637057441278	2.2126116366102e-12	1.2835282498824e-09	5.927040609713e-06	0.90954977126298
16.48	2.0815333062151e-42	3.9423411160482e-49	3.0623747597444e-11	0.015279650278683	0.021821874148877	1.7446920383666e-10	0.045771110759615	0.11211830485443	0.035619578592828	5.5516893612785e-12	0.021400273033138	1.7735734860681e-09	0.078084985912086	0.0088895869879495	0.54769445515564	0.011368596425674	0.012634673967896	1.224836478795e-12	4.9084174002456e-10	5.9403601440624e-06	0.90955327345392
16.872	5.1873601625338e-43	1.3810041520548e-49	5.2897520438664e-12	0.015275615727997	0.021816111518965	4.9460776998116e-11	0.045843455320571	0.11317284274175	0.035610172924201	8.9474395896455e-13	0.021397203185211	1.5924567102971e-09	0.078064365429756	0.0088069028948673	0.54386700153827	0.011365594235903	0.012631337521915	7.3784723669069e-13	1.3824848027007e-10	5.9556421733116e-06	0.90955817518317
17	7.2226087037042e-44	9.6380283766675e-50	2.8523514372363e-12	0.015274298489937	0.021814230088921	3.1849715703248e-11	0.045897451301458	0.11344593181176	0.035607102038739	4.7056003884836e-13	0.021396201015401	1.5375935649149e-09	0.078057633116893	0.0087914339714274	0.5436135209036	0.011364614060926	0.012630248200529	6.6138195961974e-13	9.1323432330499e-11	5.9599118397068e-06	0.90955977540056
17.2	5.5040371660062e-44	5.5154596979358e-50	9.9585942880645e-11	0.015272240459127	0.021811290673342	3.8930138670102e-10	0.045957581945092	0.11355079235345	0.035602304491505	1.8357721585811e-11	0.021394635430309	1.4534777257642e-09	0.078047114717074	0.0089699271399579	0.5757063405529	0.011363082659679	0.012628546372562	1.8854077333613e-12	1.1468112848846e-09	5.9648628547516e-06	0.90956227534269
17.48	-1.505269151676e-42	2.5685172331823e-50	2.7573848539908e-11	0.015269359554854	0.021807175978952	1.5685703278836e-10	0.045724291680974	0.1119961916022	0.035595588717956	4.8347060208482e-12	0.021392443913327	1.3469164170666e-09	0.078032390791807	0.0088909170943365	0.54773594480958	0.011360938965021	0.012626164105869	1.010266591133e-12	4.3834017077363e-10	5.9722019458907e-06	0.90956577456582
17.872	-3.4796207436186e-42	9.0466885095312e-51	4.7937070785594e-12	0.015265326968724	0.021801416319594	4.4627347665672e-11	0.045800197257907	0.11305939689398	0.035586187774867	7.8448150175548e-13	0.021389376262342	1.2116884915485e-09	0.078011780952458	0.0088078845601887	0.54390902184067	0.01135793832479	0.012622829372984	5.8325783434829e-13	1.2216290444702e-10	5.9805877653427e-06	0.90957067217673
18	-7.580561319627e-43	6.3242545007744e-51	2.5898278229489e-12	0.015264010376805	0.021799535862775	2.8771668154115e-11	0.045855053436716	0.11333494409482	0.035583118444198	4.1339264471243e-13	0.021388374688721	1.1706548189738e-09	0.078005052123343	0.0087923080156744	0.54365464450949	0.01135695865702	0.01262174061405	5.1747673033871e-13	8.0010298525764e-11	5.9829236821248e-06	0.90957227105846
18.2	-5.8292091438597e-44	3.6281461272982e-51	8.8609883507121e-11	0.015261953361693	0.021796597962609	3.4647768720887e-10	0.045916665505735	0.11344572353193	0.03557832329766	1.5917295535561e-11	0.021386809879571	1.1075854005582e-09	0.077994539183593	0.008970457389029	0.57571500334412	0.01135542805072	0.012620039656096	1.6090269602845e-12	1.0179892826603e-09	5.9848986911156e-06	0.90957476893113
18.48	1.5205928503062e-42	1.6945898169537e-51	2.4616610599026e-11	0.015259073887729	0.021792485397098	1.3982153984987e-10	0.045685307386127	0.11189775523852	0.035571610899926	4.206553033272e-12	0.021384619240413	1.0276831888751e-09	0.077979822917466	0.008891299994293	0.54776784881147	0.011353285471176	0.012617658610386	8.3707075772208e-13	3.8878464210626e-10	5.9890864419574e-06	0.90957826527325
18.872	-5.1517281735666e-41	5.9890766010464e-52	4.2975218035016e-12	0.015255043316169	0.021786728734623	3.9871236903194e-11	0.045762598504652	0.11296394247984	0.035562214753614	6.8555775664945e-13	0.021381552537626	9.260925174874e-10	0.077959223814555	0.0088080995017424	0.54394292387642	0.011350286394091	0.012614325606099	4.6377876901937e-13	1.0743690262889e-10	5.9938282035456e-06	0.90958315886636
19	-1.8851704786712e-41	4.1913270560764e-52	2.3247813090149e-12	0.01525372738498	0.021784849258328	2.5725914385788e-11	0.045817754186178	0.11324033125618	0.035559146997936	3.6175157772162e-13	0.021380551209932	8.9522269474992e-10	0.077952498495266	0.008792469418017	0.54368830748732	0.011349307237325	0.012613237413872	4.0719396282834e-13	6.9893644069901e-11	5.9951429659292e-06	0.90958475644072
19.2	-4.353457472255e-42	2.4085933770099e-52	7.8667740821405e-11	0.015251671406648	0.021781912884882	3.0704906948215e-10	0.045879806965773	0.11335264879862	0.035554354284743	1.3867802323986e-11	0.021378986682267	8.4767482536835e-10	0.077941991051717	0.0089703805500985	0.57572145334325	0.011347777431231	0.01261153733294	1.3767379519063e-12	9.0075173129563e-10	5.9954524949863e-06	0.90958725228341
19.48	3.1945278153566e-43	1.1272402252548e-52	2.1905894524032e-11	0.015248793389521	0.021777802461599	1.2405424333769e-10	0.04564935574804	0.11180893455745	0.03554764530342	3.6738713758658e-12	0.021376796324948	7.8743681499971e-10	0.07792728248791	0.0088911703326309	0.54779563824946	0.011345635973088	0.012609157516774	6.9715001904116e-13	3.4374658646889e-10	5.9980476494308e-06	0.90959074579223
19.872	1.4367282855139e-43	3.9934759107082e-53	3.835844669716e-12	0.015244764864745	0.021772048810033	3.5435795106409e-11	0.045727088555609	0.11287555156921	0.035538253997903	6.0063983626138e-13	0.021373729893232	7.1072265758259e-10	0.07790669417037	0.0088079093432071	0.54397344548473	0.011342638466273	0.012605826249688	3.7104509703662e-13	9.435265928995e-11	6.0009142805014e-06	0.90959563542255
20	2.2691550650755e-43	2.7969503286147e-53	2.0770755492299e-12	0.015243449603732	0.021770170318067	2.2878297201333e-11	0.045782304438179	0.11315206565201	0.035535187829522	3.1726648114305e-13	0.021372728622973	6.873836025557e-10	0.077899972374415	0.0087922567829414	0.54371889499491	0.01134165982248	0.012604738626443	3.222923971178e-13	6.1055753409465e-11	6.0017006591004e-06	0.90959723170497
20.2	1.8178003948273e-43	1.609067521855e-53	7.6943111116992e-11	0.015241394674739	0.021767235482265	2.9864134859525e-10	0.045844394200365	0.11326447710917	0.035530397594557	1.3392492765155e-11	0.021371164141799	6.5130996297897e-10	0.077889470439819	0.0089699802501755	0.57572705092068	0.011340130818448	0.012603039433735	1.2763219617849e-12	8.7528888697116e-10	6.0011561612659e-06	0.90959972553323
20.48	-4.3519455482301e-43	7.5415368833318e-54	2.1465148768366e-11	0.015238518130211	0.021763127213451	1.2079155250384e-10	0.045614476610643	0.11172408189791	0.035523692089376	3.55475019082e-12	0.021368973789946	6.0568317221755e-10	0.077874769592304	0.0088907658192496	0.5478217828952	0.01133799048374	0.01260066086244	6.2006604089436e-13	3.3358286702105e-10	6.0029068048046e-06	0.90960321622655
20.872	1.9839520373548e-43	2.6767170758084e-54	3.7677982748357e-12	0.015234491672706	0.02175737658126	3.4557554911145e-11	0.045692298849688	0.11278998009189	0.035514305667303	5.8264170382599e-13	0.021365907289116	5.4749323467101e-10	0.0778541920811	0.0088075043863877	0.54400257955732	0.011334994550248	0.012597331342167	3.0855185361511e-13	9.0872442209207e-11	6.0048009630206e-06	0.90960810192045
21	-2.3978468857062e-44	1.8759067849969e-54	2.0419105107433e-12	0.015233177088023	0.021755499075614	2.232386036997e-11	0.045747482889181	0.11306629322977	0.035511241095881	3.0802300115009e-13	0.021364905979117	5.2977020140076e-10	0.077847473814704	0.0087918468051789	0.54374822073329	0.011334016420333	0.012596244289782	2.6286864447232e-13	5.8463059189643e-11	6.0053157235755e-06	0.9096096969189
21.2	1.7556522876139e-43	1.0805794703562e-54	6.1351373431921e-11	0.015231123219452	0.021752565770944	2.3891221417707e-10	0.045809350598162	0.11317699507909	0.035506453306077	1.0577861931759e-11	0.021363341354345	5.023807244164e-10	0.077836977408258	0.0089694205658857	0.57573196531284	0.011332488221159	0.012594545973975	1.0135778470051e-12	6.9942250595431e-10	6.0041155903026e-06	0.90961218875495
21.48	-1.8431016797964e-43	5.071503040832e-55	1.714245720863e-11	0.015228248161836	0.021748459649739	9.6706025214906e-11	0.04557970739481	0.11163939927799	0.035499751227306	2.8122720069168e-12	0.021361150772915	4.6767066780619e-10	0.077822284301534	0.0088902411372514	0.54784736178406	0.011330349013453	0.01259216863008	4.899584896039e-13	2.6670692274297e-10	6.0056020383088e-06	0.90961567666143
21.872	5.2424292740452e-44	1.8029113775128e-55	3.0153872782879e-12	0.015224223786978	0.02174271203739	2.7700257782999e-11	0.045657423068652	0.11270425921322	0.035490369675573	4.6196320289706e-13	0.021358083990891	4.2333929576096e-10	0.077801717613889	0.0088070105164821	0.54403149173772	0.011327354655791	0.012588840849126	2.4162359516538e-13	7.2546536945444e-11	6.0070681178181e-06	0.90962055844149
22	2.4026703766058e-43	1.2642279253685e-55	1.6353560069045e-12	0.015222909882968	0.021740835518671	1.7902486873042e-11	0.04571253680251	0.11298030550134	0.035487306701663	2.4441133002059e-13	0.021357082587945	4.0982307059053e-10	0.077795002880733	0.0087913556003592	0.54377739832771	0.011326377040289	0.012587754366748	2.0529356220631e-13	4.6599117962142e-11	6.0074504284197e-06	0.90962215216136
22.2	1.7131130659131e-43	7.2894175692455e-56	5.4123310163222e-11	0.015220857079818	0.021737903751777	2.0948371106782e-10	0.045774173944098	0.11308966087194	0.035482521388238	9.2799357022077e-12	0.021355517781114	3.889052891181e-10	0.0777845120005	0.0089687850482981	0.57573689679717	0.011324849645691	0.012586056935643	8.7052843057438e-13	6.1366486912704e-10	6.0059091097471e-06	0.90962464200571
22.48	2.4910278453047e-43	3.4251393867302e-56	1.5144711311411e-11	0.015217983515287	0.021733799785414	8.4883664743767e-11	0.045544826686025	0.11155489279998	0.035475822781263	2.4709092389904e-12	0.021353326932738	3.6239010039435e-10	0.077769826630427	0.0088896480956531	0.54787292580173	0.011322711564385	0.012583680831205	4.1265588947797e-13	2.3399586172028e-10	6.0072574919158e-06	0.9096281271246
22.872	3.2097377568155e-43	1.2194100960025e-56	2.6692005557244e-12	0.015213961232037	0.021728055195745	2.4348410374613e-11	0.045622449617682	0.11261857994999	0.035466446126432	4.0671936891081e-13	0.021350259797472	3.2848006697105e-10	0.077749270767031	0.0088064628271254	0.54406034939995	0.011319718782654	0.012580354795773	1.9644250352193e-13	6.3463761773975e-11	6.0085010222403e-06	0.90963300499644
23	3.9432347106997e-43	8.5551039039928e-57	1.448614089607e-12	0.015212648011495	0.021726179664389	1.5744303024069e-11	0.045677494118205	0.11289431572498	0.035463384755159	2.1533899630784e-13	0.02134925827854	3.1813089592488e-10	0.077742559567756	0.0087908151328994	0.54380652544027	0.011318741681658	0.012579268884364	1.6507567914495e-13	4.0663560991635e-11	6.008814828404e-06	0.90963459743999
23.2	3.0648939602662e-43	4.9394595022943e-57	3.6181931913718e-11	0.015210596279179	0.021723249428215	1.4107545056906e-10	0.045738860196192	0.11300165439278	0.035458601888605	6.1783918512551e-12	0.021347693235455	3.0216782846426e-10	0.077732074221122	0.008968117728784	0.57574162775293	0.011317215092712	0.012577572328326	6.003438194716e-13	4.1291130858756e-10	6.007077580022e-06	0.90963708530274
23.48	-5.259500760891e-43	2.3239036714943e-57	1.0138280566732e-11	0.015207724214734	0.021719147608726	5.7201843031529e-11	0.045509763232477	0.11146962425198	0.035451906709557	1.6474288506577e-12	0.021345502058172	2.818309680485e-10	0.077717396597042	0.0088890416923936	0.54789852617737	0.011315078139165	0.012575197448594	2.9169035550292e-13	1.5771253782449e-10	6.0084276642974e-06	0.90964056764718
23.872	-1.041076843284e-42	8.2850960447415e-58	1.7901729792693e-12	0.015203704030421	0.021713406039489	1.6425685636545e-11	0.04558726238838	0.11253219579981	0.035442534935221	2.7170074441802e-13	0.021342434522637	2.5578549900144e-10	0.077696851561878	0.0088059078779534	0.54408937990084	0.011312086933944	0.012571873151507	1.4502273171706e-13	4.2862265873348e-11	6.0095676334295e-06	0.90964544161981
24	-4.5443353922513e-43	5.8155371373828e-58	9.7220453838692e-13	0.015202391495411	0.021711531495286	1.0625810002209e-11	0.045642235374226	0.11280765116772	0.035439475165242	1.4395305042216e-13	0.021341432876967	2.4782894565234e-10	0.077690143896902	0.0087902679744388	0.54383584033024	0.011311110347517	0.012570787810031	1.2353203368438e-13	2.7488601268346e-11	6.0098420536345e-06	0.90964703278907
24.2	-1.3017119154342e-43	3.3654313834344e-58	1.5501720663574e-11	0.015200340835572	0.021708602784904	5.0437784344856e-11	0.045703484022199	0.1129137956264	0.035434694724147	1.890884311078e-12	0.021339867697239	2.3573776855637e-10	0.077679664077158	0.0089674703183737	0.57574653425321	0.011309584563245	0.01256909212105	2.663781527476e-13	1.5230750300102e-10	6.0090588988767e-06	0.90964951866585
24.48	-3.247303131056e-44	1.5859509883921e-58	4.3493877392935e-12	0.015197470272601	0.021704503105416	2.0385740146658e-11	0.04547480259988	0.11138468425699	0.035428002942945	5.0488915793131e-13	0.02133767636875	2.2007296499906e-10	0.077664994186452	0.008888477089968	0.54792419254857	0.01130744873562	0.012566718454717	1.492196215032e-13	5.7895123626561e-11	6.0099499674283e-06	0.90965299822637
24.872	4.2280266263857e-43	5.6620551046541e-59	7.6937889141935e-13	0.015193452190326	0.021698764552985	5.8415482139494e-12	0.045552224443144	0.11244617035371	0.035418636036183	8.342527499029e-14	0.021334608537947	1.9997676874484e-10	0.077644459970359	0.0088053841298434	0.54411835662819	0.011304459105576	0.012563395890001	9.1778696106642e-14	1.5833793166859e-11	6.0107199419163e-06	0.90965786829529
25	5.8093147957121e-44	3.9763257542768e-59	4.181047999659e-13	0.015192140341945	0.021696890995283	3.7775807070605e-12	0.045607125403451	0.11272133981462	0.035415577866081	4.4230445425466e-14	0.021333606783743	1.9383199701575e-10	0.077637755837707	0.0087897469648204	0.54386508296141	0.011303483033429	0.012562311117503	8.2798763077651e-14	1.0241268152477e-11	6.0109100431991e-06	0.90965945818984
25.2	1.914006837428e-42	2.2926894269962e-59	2.502046726884e-10	0.015190090717575	0.021693963968271	8.3835075691282e-10	0.045669943923244	0.11284506417812	0.035410800612675	3.2701196358294e-11	0.021332042658298	1.8399709695588e-10	0.07762728134466	0.0089667128538488	0.57575639817073	0.011301958024684	0.012560616516825	3.0436667065458e-12	2.4971315212917e-09	6.0159328642114e-06	0.90966194187694
25.48	-6.1573600701396e-43	1.0796028046029e-59	7.0301116814469e-11	0.015187221605335	0.021689866597345	3.395539981186e-10	0.045443621236275	0.11132078664215	0.035404113297189	8.74432593794e-12	0.02132985280663	1.7189574249036e-10	0.077612618913885	0.0088876471024913	0.54794831670849	0.01129982328317	0.012558244385497	1.2013804157377e-12	9.4196833974835e-10	6.0128155538686e-06	0.90966541837532
25.872	1.2863572018449e-42	3.8590577351654e-60	1.2460401154437e-11	0.015183205605237	0.021684131106446	9.7519463583699e-11	0.045521896552324	0.11237832548731	0.035394751744815	1.4478340204181e-12	0.021326785370012	1.5637656239421e-10	0.077592095397461	0.0088045998872685	0.5441422771049	0.01129683521092	0.012554923709254	3.6551739166468e-13	2.5073105922635e-10	6.0117185598997e-06	0.90967028442231
26	5.7862544949411e-43	2.7113555380167e-60	6.7761783666934e-12	0.015181894441657	0.021682258538709	6.310844975864e-11	0.045576759294478	0.112652042926	0.03539169524184	7.6817784578332e-13	0.021325783580398	1.5162715253234e-10	0.077585394782363	0.008788982869308	0.54388898774768	0.011295859650903	0.012553839528082	2.5193092848851e-13	1.5884165794157e-10	6.0116738152837e-06	0.9096718730285
26.2	4.6103136676158e-43	1.563770891112e-60	2.784436716574e-10	0.015179845886002	0.02167933307546	1.02207381377e-09	0.045639149133214	0.11277256041712	0.03538692068207	4.1133893088978e-11	0.021324219357613	1.4396156497784e-10	0.077574925777672	0.0089658512912883	0.57576082638728	0.011294335441222	0.012552145879135	3.6272986045043e-12	2.9920445500315e-09	6.0166412890871e-06	0.90967435469476
26.48	7.6465460242524e-42	7.3694736144506e-61	7.83410515876e-11	0.01517697827246	0.021675237885792	4.147226650405e-10	0.04541275542632	0.11124911442597	0.035380237101338	1.1014600072672e-11	0.021322029299962	1.345965763232e-10	0.077560271040961	0.0088868544268743	0.54797007000036	0.011292201819907	0.012549775069051	1.4241081061079e-12	1.1341392661897e-09	6.0133777698098e-06	0.9096778283755
26.872	-3.8701681475747e-43	2.6376193776367e-61	1.3911088134305e-11	0.015172964377791	0.021669505424209	1.1934956534812e-10	0.045490404465331	0.11230325052494	0.035370880577317	1.8272459750953e-12	0.021318961470456	1.2257583570721e-10	0.077539758329023	0.0088038973372276	0.5441672294288	0.01128921532071	0.012546456177859	4.1934222830205e-13	3.0348275331686e-10	6.0122460955301e-06	0.90968269051338
27	-3.3050845015121e-43	1.8540458186923e-61	7.5701362370906e-12	0.015171653902456	0.021667633844161	7.7286495444425e-11	0.045545022036325	0.11257598666469	0.035367825697467	9.7015390583822e-13	0.021317959543054	1.1889399517887e-10	0.077533061244826	0.0087883015015609	0.54391436803427	0.011288240274766	0.012545372573202	2.8253894950989e-13	1.9251227519096e-10	6.0122060145262e-06	0.90968427784654
27.2	-5.7509018590934e-42	1.0699186188317e-61	3.1556057606171e-10	0.015169606419991	0.021664709953127	1.1771326596696e-09	0.045606759728379	0.11269313005254	0.035363053797682	4.9623265413181e-11	0.021316395057814	1.1291895741108e-10	0.077522597745015	0.0089650613010201	0.57576497849473	0.011286716866555	0.012543679861793	4.1515074406964e-12	3.4386117264834e-09	6.0169108145426e-06	0.90968675751149
27.48	-6.4850299508396e-42	5.0467247799286e-62	8.890205807564e-11	0.015166740309252	0.021660616955673	4.7871081020165e-10	0.045380204465248	0.11117136794834	0.035356373933235	1.3306141217753e-11	0.021314204647838	1.0564996627298e-10	0.077507950715027	0.0088861300232894	0.54799337528273	0.011284584367282	0.012541310363154	1.623457712519e-12	1.3063966570306e-09	6.0138705900494e-06	0.90969022839112
27.872	1.0358355834997e-42	1.8086338856401e-62	1.581515227774e-11	0.01516272852265	0.021654887526615	1.3808932150689e-10	0.045457339463448	0.11222320427123	0.035347022427864	2.2115879881312e-12	0.021311136381315	9.631093767468e-11	0.077487448810474	0.0088032497865126	0.54419393835541	0.01128159944156	0.012537993251972	4.680930860394e-13	3.5042984540748e-10	6.0128179318566e-06	0.90969508662778
28	4.275087911134e-43	1.2719315580808e-62	8.6119574372518e-12	0.015161418736129	0.021653016934407	8.9487706400241e-11	0.045511774058591	0.11249528637423	0.035343969169678	1.175018528959e-12	0.021310134314713	9.3448208991111e-11	0.077480755256875	0.0087876703978633	0.54394144966388	0.011280624909645	0.012536910223017	3.1071331694234e-13	2.224351186789e-10	6.0127872365466e-06	0.90969667268921
28.2	-1.4236257304302e-42	7.3466901291468e-63	3.188471371723e-10	0.015159372332346	0.021650094592361	1.2075007541391e-09	0.045572853557126	0.11260820871636	0.035339199820196	5.1549666111421e-11	0.021308569448702	8.8797582644614e-11	0.077470297285203	0.0089643130558429	0.57576900675831	0.011279102306291	0.012535218416568	4.239653133911e-12	3.5199244097398e-09	6.0165884126354e-06	0.90969915037933
28.48	5.3085208861404e-42	3.469027721628e-63	8.9945869211044e-11	0.015156507732041	0.021646003762059	4.9170278566672e-10	0.045346136139293	0.11108846946616	0.035332523519218	1.3841526646968e-11	0.021306378511931	8.3138515963656e-11	0.077455657994658	0.0088854489901016	0.54801787886754	0.011276970933824	0.012532850182511	1.6556082847775e-12	1.3399395719484e-09	6.0141385516932e-06	0.90970261849511
28.872	9.0540763346772e-43	1.244854348749e-63	1.6029599317486e-11	0.015152498057737	0.021640277358418	1.420627347453e-10	0.045422870948511	0.11213877266849	0.035323176962959	2.3048876699567e-12	0.021303309726827	7.5860543634783e-11	0.077435166911095	0.0088026403459168	0.54422211876654	0.011273987583558	0.012529534828298	4.7259646410753e-13	3.6015037156277e-10	6.013344097555e-06	0.90970747284952
29	4.2408925688649e-43	8.7586514270886e-64	8.7344201477894e-12	0.015151188960785	0.021638407753376	9.2113279184966e-11	0.045477176840648	0.11241046245047	0.035320125316939	1.2254172626071e-12	0.021302307511008	7.3627920213829e-11	0.077428476889498	0.0087870750408417	0.54396998190854	0.011273013565876	0.012528452371686	3.1131607567096e-13	2.2874114791474e-10	6.0133457438266e-06	0.90970905764229
29.2	-5.4027237991924e-42	5.0624198737858e-64	3.3841416327617e-10	0.015149143632715	0.021635486967905	1.2984065435841e-09	0.045537950253563	0.11252195322599	0.035315358561915	5.5411348497725e-11	0.02130074240963	6.9986904677481e-11	0.077418024427156	0.008963587015302	0.57577384143953	0.01127149176464	0.012526761482768	4.5398745191812e-12	3.7768357307396e-09	6.0171124578413e-06	0.90971153334069
29.48	-3.8423128713625e-42	2.3927097604064e-64	9.5591031517218e-11	0.015146280538268	0.021631398312204	5.2922331573181e-10	0.045311482242433	0.11100495415534	0.035308685892739	1.4898682497107e-11	0.021298551164674	6.55683785212e-11	0.077403392847921	0.0088847796836423	0.54804317531196	0.011269361514882	0.012524394533805	1.7705624632089e-12	1.4399360993781e-09	6.0147396672956e-06	0.90971499866712
29.872	3.7884226180497e-43	8.5974126002324e-65	1.7066310093438e-11	0.015142272974607	0.021625674934838	1.5310160657595e-10	0.045388099691134	0.1120539257181	0.03529934431655	2.4855833026933e-12	0.021295481968747	5.9880921416207e-11	0.077382912570824	0.0088020360208724	0.54425066241638	0.011266379737958	0.01252108094624	5.0086059857613e-13	3.8770777000153e-10	6.0139516567703e-06	0.90971984912922
30	1.6191352394365e-43	6.0518943744622e-65	9.305386223626e-12	0.015140964567123	0.021623806316785	9.9318280138766e-11	0.045442329813918	0.11232524829057	0.035296294286919	1.3223815192236e-12	0.021294479619106	5.8134973552664e-11	0.077376226078873	0.0087864835766909	0.54399879962778	0.011265406234167	0.012519999063289	3.2764357924201e-13	2.4637886731561e-10	6.0139505953384e-06	0.9097214326525
30.2	-1.3108441450111e-42	3.4995468020044e-65	3.7500406368253e-10	0.015138920311612	0.021620887097108	1.4576928123283e-09	0.045503020118318	0.11243693804491	0.03529153018461	6.1832842034895e-11	0.021292914408672	5.5268893562386e-11	0.07736577910699	0.0089628600623611	0.57577917736315	0.011263885232301	0.012518309109276	5.0768874209661e-12	4.2290075860243e-09	6.0182748125423e-06	0.90972390634222
30.48	-6.4770153893007e-42	1.65547239172e-65	1.060660775191e-10	0.01513605871873	0.021616800625345	5.9462465351469e-10	0.045277033726751	0.11092288346283	0.03528486122622	1.6647949341562e-11	0.021290723028635	5.1810021073091e-11	0.077351155213508	0.0088841031419458	0.54806847140667	0.011261756101532	0.012515943469591	1.978296161052e-12	1.6143497282213e-09	6.0155857177372e-06	0.90972736885641
30.872	1.079827386155e-42	5.9561162546301e-66	1.8970685834309e-11	0.015132053264048	0.021611080275888	1.7222412219357e-10	0.045353650247155	0.11197035684152	0.035275524666166	2.7826509356069e-12	0.021287653506024	4.7354598720927e-11	0.077330685729765	0.0088014223967135	0.54427889223167	0.011258775896041	0.012512631660216	5.5557377122037e-13	4.3540941427107e-10	6.0146142805393e-06	0.90973221541757
31	3.5241772269496e-43	4.194601243155e-66	1.0350518820617e-11	0.015130745545892	0.02160921264475	1.1177321400376e-10	0.045407815087273	0.11224123715731	0.035272476257849	1.4814342346262e-12	0.021286651034255	4.598595070932e-11	0.077324002765341	0.0087858828940308	0.54402727095053	0.011257802905832	0.012511550352519	3.6133606104499e-13	2.7684576571418e-10	6.0145850786033e-06	0.90973379767078
31.2	9.5287199336462e-42	2.4282029634226e-66	3.3353549064193e-10	0.01512870237424	0.021606294939885	1.3216442074606e-09	0.045468013224938	0.1123489665086	0.035267714556089	5.524343742557e-11	0.021285085428064	4.3743954842158e-11	0.077313561339564	0.0089621357881882	0.57578335171315	0.011256282711438	0.012509861258561	4.5856698280042e-12	3.8222951453834e-09	6.0177936609314e-06	0.90973626941179
31.48	7.5585934016702e-42	1.1499547551767e-66	9.4459325983291e-11	0.015125842299296	0.021602210597833	5.3940782843717e-10	0.045242011857653	0.11083717058842	0.035261048950997	1.4893866669687e-11	0.021282893468257	4.102945870221e-11	0.077298945212749	0.008883445926683	0.54809371434536	0.011254154711438	0.012507496818384	1.7882451997745e-12	1.4616710858073e-09	6.0157366132077e-06	0.90973972920084
31.872	9.4000017395322e-43	4.1427692026256e-67	1.692475152696e-11	0.01512183896157	0.021596493262022	1.5637931873671e-10	0.045318368581995	0.11188348515092	0.035251717243908	2.4940789734397e-12	0.021279823390878	3.7529601749128e-11	0.077278486559586	0.0088008338358505	0.54430789797859	0.0112511760828	0.012504186733797	5.0175604343287e-13	3.9494670019903e-10	6.015088117232e-06	0.90974457190449
32	2.6344172810358e-43	2.9189268646128e-67	9.2402082682315e-12	0.015120531933897	0.021594626616726	1.015297952834e-10	0.045372447021872	0.11215411055422	0.035248670434504	1.3286938548515e-12	0.021278820764575	3.6453816447356e-11	0.077271807127501	0.0087853072648687	0.54405661334837	0.011250203606873	0.012503105993692	3.2589638328447e-13	2.5126821710868e-10	6.0151046448074e-06	0.90974615289422
32.2	4.6233173049233e-42	1.6911499069058e-67	3.1522253140562e-10	0.015118489843422	0.021591710441118	1.2595048705087e-09	0.045432343352456	0.11225993539258	0.035243911187073	5.2407604065495e-11	0.021277254848753	3.4689775770329e-11	0.077261371232513	0.0089614263789805	0.57578804400465	0.011248684217721	0.012501417774355	4.3614153073297e-12	3.6386852198723e-09	6.0178813059996e-06	0.90974862267325
32.48	-3.8996385316499e-42	8.0171597483791e-68	8.9388751470346e-11	0.015115631281805	0.021587628244327	5.1446224513823e-10	0.045206587718	0.11075098855168	0.035237249025949	1.4148360430923e-11	0.021275062462514	3.2553989045723e-11	0.077246762846693	0.0088827953842991	0.54811954282361	0.011246557344753	0.012499054560393	1.7015417490799e-12	1.3933888387847e-09	6.0161204840859e-06	0.90975207971422
32.872	-2.2258726128862e-42	2.8919880790772e-68	1.6044733969558e-11	0.015111630058942	0.021581913925705	1.4932349448511e-10	0.045282878218685	0.11179633241624	0.035227922212605	2.3736393752383e-12	0.021271991909641	2.9798113794694e-11	0.0772263150107	0.0088002477053916	0.5443371704001	0.011243580291015	0.012495746213398	4.7664642198987e-13	3.770781877583e-10	6.0156201015307e-06	0.90975691855146
33	-8.3788506891897e-43	2.0386053646786e-68	8.7654206599303e-12	0.01511032372148	0.021580048266352	9.6992306164148e-11	0.045336907900602	0.11206672656425	0.035224877007595	1.2653801807458e-12	0.021270989140511	2.8950516313839e-11	0.077219639108748	0.0087847333675727	0.54408616188749	0.011242608329049	0.01249466604266	3.0904293733861e-13	2.4002631341823e-10	6.0156572134616e-06	0.90975849827705
33.2	-2.0767188701423e-43	1.1821669875913e-68	2.8909787797758e-10	0.015108282713173	0.021577133614703	1.1639346149418e-09	0.045396513074419	0.11217035230775	0.035220120188753	4.820358111157e-11	0.021269422897867	2.7560671011525e-11	0.077209208748371	0.0089607184001151	0.57579270449779	0.011241089745695	0.012492978690098	4.0237898159946e-12	3.3591592038246e-09	6.0178194816149e-06	0.90976096610061
33.48	1.6543156913932e-41	5.610064540016e-69	8.2086535283039e-11	0.015105425666531	0.02157305355735	4.7580532983673e-10	0.045170997864694	0.11066421993331	0.035213461431285	1.3030915365873e-11	0.021267230048585	2.5876302316925e-11	0.077194608110344	0.0088821474106641	0.5481454681586	0.011238964000749	0.012490616689618	1.5707997044553e-12	1.2880879960155e-09	6.0164319983064e-06	0.90976442040408
33.872	3.7350311242573e-42	2.0263247970875e-69	1.4760186189132e-11	0.015101426559359	0.021567342254026	1.3826540053065e-10	0.045247229889616	0.11170866294016	0.035204139492842	2.1902185067759e-12	0.02126415900068	2.3701247420529e-11	0.077174171093676	0.0087996647861315	0.54436659888809	0.011235988522224	0.01248731007385	4.3970898608514e-13	3.4910943037484e-10	6.016126488742e-06	0.90976925538212
34	1.5496837301707e-42	1.4290571689808e-69	8.0688622472734e-12	0.015100120912229	0.021565477580365	8.9849762527358e-11	0.045301216357085	0.11197885640569	0.035201095889545	1.1683815797705e-12	0.021263156085989	2.3031920391839e-11	0.077167498721831	0.0087841627383711	0.54411586952596	0.011235017074216	0.01248623047152	2.847842005622e-13	2.2233854888801e-10	6.0161918659156e-06	0.90977083384517
34.2	7.7086324575414e-42	8.2923782284111e-70	2.8512093701192e-10	0.015098080983016	0.021562564466802	1.1495846719697e-09	0.045360660668524	0.11208154213412	0.035196341567999	4.7660234265628e-11	0.021261589598763	2.1930864491796e-11	0.077157073879414	0.0089600087606339	0.57579771878445	0.011233499294237	0.01248454400585	3.9714302207835e-12	3.3172299331425e-09	6.0181922141589e-06	0.90977329969857
34.48	-4.7665950713279e-42	3.9389254398329e-70	8.1062440739581e-11	0.015095225446877	0.02155848656392	4.7039421187881e-10	0.045135540982518	0.11057843751515	0.035189686312512	1.2901405085535e-11	0.021259396411797	2.0599662077052e-11	0.077142480965079	0.0088814919457286	0.54817143687727	0.011231374673803	0.012482183248734	1.5509754112969e-12	1.2733419625675e-09	6.016915594226e-06	0.90977675124319
34.872	-1.8695193968754e-42	1.4245603386652e-70	1.4602018975044e-11	0.015091228453265	0.021552778279415	1.3687226373832e-10	0.045211802383951	0.11162189863008	0.035180369293561	2.1724828466801e-12	0.021256324932501	1.8879605180999e-11	0.077122054755245	0.0087990734122722	0.54439582327118	0.011228400768674	0.012478878378558	4.3359336405029e-13	3.4558545352931e-10	6.0166710673892e-06	0.90978158235407
35	-8.7065514750987e-43	1.0051349696123e-70	7.9875675173349e-12	0.015089923496162	0.021550914591565	8.8987214563695e-11	0.045265755291216	0.11189184304732	0.035177327297999	1.159699786392e-12	0.021255321881345	1.8350023749303e-11	0.077115385911464	0.0087835839616423	0.54414534330361	0.011227429834326	0.012477799346641	2.8041611639536e-13	2.2020088298369e-10	6.0167463656249e-06	0.90978315955409
35.2	-1.5338773712101e-42	5.8395598040687e-71	2.2882345766032e-10	0.015087884653494	0.021548002982257	9.2953441282197e-10	0.045324762321033	0.11199067023392	0.035172575301266	3.8310537823434e-11	0.021253754956225	1.7483559208385e-11	0.077104966624338	0.0089593029711942	0.57580192523224	0.011225912863156	0.012476113716314	3.207332821411e-12	2.6800605792684e-09	6.0175024070416e-06	0.90978562347853
35.48	-9.4846086139025e-43	2.7770444941993e-71	6.513998393631e-11	0.015085030638701	0.021543927197585	3.8063711912981e-10	0.045099699387044	0.11049011721085	0.035165923300151	1.0384340300588e-11	0.02125156113441	1.6429299845486e-11	0.077090381488142	0.008880855222083	0.54819737123373	0.011223789375162	0.012473754126067	1.2538874765439e-12	1.0303074627345e-09	6.0169674532821e-06	0.90978907232422
35.872	1.6989211400793e-42	1.005663127017e-71	1.1754497296003e-11	0.015081035763685	0.021538221922109	1.1088075064677e-10	0.045175809944706	0.11153284549141	0.035156611086514	1.751842312036e-12	0.02124848907481	1.5065950679899e-11	0.077069966109634	0.008798504028505	0.54442558886587	0.011220817046994	0.012470450964011	3.5100482458154e-13	2.8003972159529e-10	6.017112785594e-06	0.9097938995983
36	5.2408991244413e-43	7.0990464250987e-72	6.4340395177999e-12	0.015079731497273	0.021536359219273	7.2120426661657e-11	0.045229714125882	0.11180267454978	0.035153570682831	9.3577813352345e-13	0.021247485866787	1.464599460726e-11	0.077063300796925	0.0087830266430751	0.54417542331641	0.011219846626743	0.012469372497086	2.2709358918529e-13	1.7852730277352e-10	6.0172443794297e-06	0.90979547554002
36.2	3.5624899896189e-42	4.1272010119727e-72	2.2052424833418e-10	0.015077693734714	0.021533449145093	8.8943722145798e-10	0.045288549055866	0.11190049019333	0.035148821157863	3.6992400483247e-11	0.021245918666056	1.3957344061996e-11	0.077052887031641	0.0089586041223667	0.57580690399838	0.011218330459513	0.012467687745237	3.0718595842242e-12	2.5687265446581e-09	6.0177332959895e-06	0.90979793750344
36.48	1.8139705340516e-42	1.9645981732483e-72	6.2858550518106e-11	0.015074841231565	0.021529375511794	3.6464608782929e-10	0.045063883474675	0.11040309701795	0.035142172628985	1.0040512035176e-11	0.021243724469798	1.3120713004318e-11	0.077038309623248	0.0088802103744241	0.54822364647827	0.01121620809663	0.012465329388488	1.2014345370047e-12	9.8841035916639e-10	6.0173964215071e-06	0.90980138360169
36.872	9.3154820033638e-43	7.1236843468002e-73	1.1362933308983e-11	0.015070848470436	0.021523673253609	1.0637988432395e-10	0.045140058948283	0.11144505753291	0.035132865320065	1.6969735293108e-12	0.021240651963963	1.2038205100703e-11	0.077017905051035	0.008797922178379	0.54445516666233	0.011213237341778	0.012462027966835	3.3609308920299e-13	2.6896241981478e-10	6.0176453947528e-06	0.90980620701803
37	3.5581233747976e-43	5.0310052599875e-73	6.2237215712682e-12	0.01506954489403	0.021521811536235	6.9229033349902e-11	0.045193945112862	0.11171470631419	0.035129826521821	9.0707619035763e-13	0.021239648618334	1.1704609890443e-11	0.077011243265606	0.0087824569074665	0.54420524102333	0.011212267435074	0.012460950069475	2.1724952908841e-13	1.7153856184151e-10	6.0177926373308e-06	0.90980778169916
37.2	-1.0549599536412e-44	2.9284193920765e-73	1.7335583398853e-10	0.01506750821646	0.021518902971628	7.0159160418784e-10	0.045252437542525	0.11180937013789	0.035125079348255	2.9105492232697e-11	0.021238081023167	1.1160886441669e-11	0.077000835046656	0.0089579058964601	0.57581132298602	0.011210752075349	0.012459266160569	2.4219520082749e-12	2.0259943271801e-09	6.017316208215e-06	0.90981024172949
37.48	-5.0646431372584e-43	1.3955752886435e-73	4.9476888141443e-11	0.015064657232333	0.021514831461843	2.8787605933816e-10	0.045027938682938	0.11031471766737	0.035118434111902	7.9103756192353e-12	0.021235886261245	1.0495745543523e-11	0.076986265403196	0.0088795801614649	0.54824977277813	0.011208630842983	0.01245690898209	9.4821580472381e-13	7.8066458124247e-10	6.0175736283792e-06	0.90981368512235
37.872	6.5694412736259e-43	5.0669834385389e-74	8.9596363918423e-12	0.015060666588401	0.021509132213075	8.4084761908512e-11	0.045104039115824	0.11135601551283	0.035109131624433	1.3394039093327e-12	0.021232813215152	9.634472464782e-12	0.07696587165344	0.0087973571523253	0.54448499769488	0.011205661663801	0.012453609273616	2.656543143696e-13	2.1272350739311e-10	6.0181303868933e-06	0.9098185047027
38	1.7074579792197e-43	3.580165181297e-74	4.9105220448525e-12	0.015059363702405	0.021507271480451	5.474490372585e-11	0.045157890755135	0.11162555860032	0.035106094419987	7.1642123907063e-13	0.021231809719593	9.368945765566e-12	0.076959213397124	0.0087819033446031	0.54423536272031	0.01120469227091	0.012452531941854	1.7181543691236e-13	1.3573601230006e-10	6.0183210512929e-06	0.90982007812677
38.2	-6.2591509124859e-44	2.0858704589986e-74	1.5017747966344e-10	0.015057328106604	0.021504364440655	6.0327910124965e-10	0.045216165494893	0.1117185210892	0.035101349668998	2.5244835576666e-11	0.021230241809939	8.9370695482883e-12	0.076948810707705	0.008957215351408	0.57581612042594	0.011203177716243	0.01245084889666	2.0851151403619e-12	1.745533628589e-09	6.0173657571806e-06	0.90982253620917
38.48	-6.2336580085007e-43	9.950925813655e-75	4.2916693064163e-11	0.015054478636552	0.021500295070814	2.4782244074078e-10	0.044991999489	0.11022693294292	0.035094707833404	6.8702794769963e-12	0.021228046612842	8.4072739892445e-12	0.076934248803441	0.008878948774107	0.54827608549847	0.011201057610647	0.012448492929504	8.1688906770379e-13	6.7331318336022e-10	6.0179466752644e-06	0.90982597687357
38.872	-6.4858673146865e-43	3.6176153796514e-75	7.7853592707623e-12	0.015050490107295	0.02149459883534	7.2491518158527e-11	0.045068133057328	0.11126756981096	0.035085410216515	1.1654309523326e-12	0.021224973095233	7.7208470982609e-12	0.076913865862669	0.0087967877213277	0.5445147499473	0.011198090005174	0.012445194950134	2.2896980426136e-13	1.8367891490545e-10	6.0186664311548e-06	0.90983079260896
39	-3.3031406924122e-43	2.5572827942288e-75	4.2696695721804e-12	0.015049187911311	0.021492739087605	4.7221320820678e-11	0.045121966197175	0.11153697976693	0.035082374612496	6.2378146890285e-13	0.021223969459979	7.509143992108e-12	0.076907211133249	0.0087813451611795	0.54426536696781	0.011197121125772	0.0124441181862	1.4808031201163e-13	1.1725204074139e-10	6.0188795417066e-06	0.9098323647753
39.2	-1.0351473576563e-43	1.4913115092984e-75	1.2960994717448e-10	0.015047153396449	0.021489833573934	5.1809941775732e-10	0.045180050425605	0.11162833161047	0.035077632297867	2.1805287404139e-11	0.021222401258474	7.165614226346e-12	0.076896813968857	0.0089565215702134	0.57582096419808	0.011195607375509	0.012442436009093	1.7921599786963e-12	1.5010603114667e-09	6.0175125515002e-06	0.90983482090766
39.48	1.2624298103058e-42	7.1219655249378e-76	3.7086651586711e-11	0.015044305439508	0.021485766345133	2.130609718133e-10	0.044956234506767	0.11013975356641	0.035070993877571	5.9421493679428e-12	0.021220205652871	6.7429316691123e-12	0.076882259798502	0.0088783145245271	0.54830226587799	0.011193488395913	0.012440081257876	7.0262020225769e-13	5.7963211678839e-10	6.0183606717803e-06	0.90983825884171
39.872	1.3405048847571e-42	2.5925105909609e-76	6.7396079232669e-12	0.015040319024288	0.021480073122742	6.2410600097861e-11	0.045032397573141	0.11117964596799	0.035061701137417	1.0098421141237e-12	0.021217131678246	6.194975759313e-12	0.076861887663005	0.0087962157110223	0.5445443313295	0.011190522363608	0.012436785009637	1.9705872079566e-13	1.5831030202213e-10	6.0192153505544e-06	0.90984307073329
40	3.586692439402e-43	1.8334935641946e-76	3.69852545069e-12	0.015039017518176	0.02147821435974	4.0674968493573e-11	0.04508620778466	0.11144889549992	0.035058667134534	5.4086446503797e-13	0.021216127905719	6.025919112424e-12	0.076855236459622	0.0087807845269201	0.54429520130438	0.011189553997571	0.012435708813764	1.2744344727443e-13	1.0110188300994e-10	6.0194469904989e-06	0.90984464164264
