# Time [h]	AA [g/L]	MO_AcidoLCFA [g/L]	MO_ButyricValeric [g/L]	MO_hydroM [g/L]	MO_acetoM [g/L]	MO_AcidoMS [g/L]	MO_AcidoAA [g/L]	MO_Propionic [g/L]	Nitrogen [g/L]	SUM [g/L]
0.2	2.0515165281558e-05	0.15602110085543	0.22291001130609	0.3637495343045	0.21174507736105	0.79769421287633	0.11613689609823	0.12905204048852	2.1245928281369	4.1219222165923
0.48	1.860082055598e-06	0.15599545261663	0.22286975167708	0.36371424398238	0.21252875356129	0.79750937811307	0.11611132705153	0.12903324213821	1.7046573616443	3.7024213708665
0.872	5.5964306392067e-08	0.15595704583218	0.22279912084686	0.36361734863456	0.21360272820338	0.79724995438779	0.11607369276038	0.12899469685351	1.2959786822429	3.2942733257259
1	1.7760599896923e-08	0.15594397304919	0.22277553387971	0.36358261709231	0.21394655588127	0.79716525987499	0.1160613647263	0.12898129429258	1.1867042394959	3.1851608560529
1.2	3.1263508516956e-09	0.15592303924625	0.22273941140428	0.36353113290455	0.2144732596326	0.79703294237851	0.11604210137848	0.12896134421623	1.0350341278533	3.0337373621405
1.48	2.8474246649051e-10	0.15589281865243	0.22268831749707	0.36345647843132	0.21517959696213	0.7968477348351	0.11601513673679	0.12893289720653	0.85548557295258	2.8544985535587
1.872	8.6418550538035e-12	0.15584904130706	0.22261597569743	0.36334551952276	0.2160631024361	0.79658851669149	0.11597739650181	0.12889140089696	0.65604547601295	2.6553764290752
2	2.7501261934524e-12	0.15583444346371	0.22259233048884	0.36330871809729	0.21631874714853	0.79650389231637	0.11596507581584	0.12887774628889	0.60122586124943	2.6006268148716
2.2	4.8665106237947e-13	0.15581135056056	0.22255577380925	0.3632526013482	0.21665992006929	0.79637168460245	0.11594582734647	0.12885690744049	0.52474005162783	2.524194116805
2.48	4.4705193461823e-14	0.15577850910618	0.22250436975691	0.36317296312042	0.21698085134972	0.79618663025329	0.11591888479826	0.12882756391026	0.4340212065162	2.4333909788113
2.872	1.3763864406466e-15	0.15573170771789	0.22243203438919	0.36305867214346	0.21714434258882	0.79592762571049	0.11588117565047	0.12878582831355	0.33330867925241	2.3322700657663
3	4.4002776429246e-16	0.15571625657026	0.22240840641011	0.36302108839544	0.2171600261775	0.79584307097136	0.11586886510553	0.12877216150726	0.30563492747749	2.304424802615
3.2	7.8535332598963e-17	0.15569195785452	0.22237163329094	0.36296275513603	0.21716433096916	0.79571097215682	0.11584963249493	0.12875096303874	0.2670135770111	2.2655158219522
3.48	7.315932683348e-18	0.15565765764207	0.22232007477792	0.36288063557841	0.21714943356086	0.79552607057169	0.11582271219149	0.12872123322425	0.22115659465561	2.2192344122023
3.872	2.3079620906355e-19	0.15560918169362	0.22224776977833	0.36276461532559	0.21711102587597	0.7952672804348	0.11578503426124	0.12867941355231	0.17015177677976	2.1676160977016
4	7.4403413160505e-20	0.1555932597165	0.22222416015378	0.36272661666209	0.21709722098658	0.79518279575963	0.11577273391727	0.12866574800415	0.15612324772229	2.1533857829223
4.2	1.3478865004026e-20	0.15556829653239	0.22218731091954	0.36266729841224	0.21707641298569	0.795050806437	0.11575351724794	0.12864443383629	0.13653659410435	2.1334846704754
4.48	1.2866680935291e-21	0.15553319462475	0.22213571010543	0.3625840754735	0.21704657788716	0.79486605817876	0.11572661926772	0.12861458552013	0.11327284726633	2.1097796683238
4.872	4.2497488576143e-23	0.15548380321393	0.22206345229426	0.36246720423977	0.21700306332422	0.79460748272024	0.11568897259305	0.12857275936919	0.087391584627098	2.0832783223817
5	1.3925839253788e-23	0.15546762493239	0.2220398617217	0.36242899429721	0.21698873229963	0.79452306813386	0.11567668245349	0.12855910165148	0.080272603426652	2.0759566689164
5.2	2.5942840595762e-24	0.15544230067261	0.22200301328357	0.36236927931022	0.21696643158162	0.79439118829738	0.11565748172452	0.12853777071053	0.070333400999925	2.0657008665804
5.48	2.5936745837728e-25	0.15540676459628	0.22195143150422	0.36228560718426	0.2169351058982	0.79420659329983	0.11563060605791	0.1285079105309	0.058527995509388	2.053452014581
5.872	9.4164024955504e-27	0.15535688127393	0.22187923003765	0.36216834095433	0.21689100194043	0.79394823236385	0.11559299061614	0.1284661085037	0.045393545812976	2.039696331503
6	3.193594208175e-27	0.15534056621974	0.22185565888498	0.36213003034543	0.21687657853039	0.79386388781128	0.115580710673	0.12845246121013	0.041780670293149	2.0358805639681
6.2	6.3060198802243e-28	0.15531505008639	0.22181883479808	0.36207015708959	0.21685402554054	0.79373211738595	0.11556152587348	0.12843114091981	0.036736586361626	2.0305194380555
6.48	6.9509131762028e-29	0.15527928499322	0.22176729082216	0.36198630690749	0.21682241524814	0.79354767553524	0.11553467250392	0.12840129807234	0.030745359235329	2.0240843033178
6.872	3.1053176306628e-30	0.15522914596657	0.22169514848873	0.36186887474334	0.21677809478	0.79328952894789	0.11549708826975	0.12835952855381	0.024079498455623	2.0167969082057
7	1.1359353194311e-30	0.15521276076873	0.22167159685882	0.36183052306802	0.21676361393914	0.79320525437161	0.11548481851463	0.12834589239407	0.022245907804641	2.0147603677197
7.2	2.5440943468492e-31	0.15518714716723	0.22163480283471	0.36177059492202	0.21674096656163	0.79307359326937	0.11546564963175	0.12832458917804	0.019685949012786	2.0118832925775
7.48	3.4496815941188e-32	0.15515126767222	0.22158330123746	0.36168668788242	0.21670922326741	0.7928893044407	0.11543881854108	0.12829477049357	0.016645277407481	2.0083986509424
7.872	2.3225945099978e-33	0.1551010049244	0.22151121869829	0.36156920976532	0.21666471434814	0.79263137202483	0.1154012654887	0.12825303545638	0.013262174021584	2.0043939947276
8	9.7817562019802e-34	0.15508458681893	0.22148768660546	0.36153084967989	0.21665017329852	0.79254716736689	0.11538900591318	0.12823941059495	0.012331563825466	2.0032604441033
8.2	2.734403008198e-34	0.15505892860412	0.22145092309907	0.36147091428692	0.2166274267945	0.79241561549715	0.11536985293375	0.12821812503817	0.011032290853635	2.0016440771073
8.48	5.1511652803908e-35	0.15502299902719	0.22139946423552	0.36138700786781	0.21659553923239	0.79223147956368	0.1153430441035	0.12818833109513	0.0094890207207777	1.999656885846
8.872	5.8672162306261e-36	0.1549726866445	0.22132744150516	0.36126954831382	0.21655082441296	0.79197376114163	0.11530552220704	0.12814663069227	0.0077719127546403	1.997318327672
9	2.9112520563128e-36	0.15495625653387	0.22130392893626	0.36123119791257	0.21653621889835	0.79188962634409	0.11529327280268	0.12813301713635	0.0072995623289469	1.9966430808931
9.2	1.0337397108664e-36	0.15493058337758	0.2212671961217	0.36117128163421	0.21651337197277	0.79175818361642	0.11527413571354	0.12811174944273	0.006640079958018	1.995666581837
9.48	2.6745503761612e-37	0.15489463981191	0.22121578014271	0.36108740785299	0.2164813486968	0.79157420045149	0.11524734912526	0.1280819804843	0.0058567263626074	1.9944394329281
9.872	4.6690989115479e-38	0.15484431927209	0.22114381721174	0.36097000294959	0.21643646439533	0.79131669584596	0.11520985835891	0.12804031478382	0.0049850805464911	1.9929465533639
10	2.6394644248313e-38	0.15482788883219	0.22112032415323	0.3609316723372	0.21642181047847	0.79123263085096	0.11519761911729	0.12802671253477	0.0047452848056175	1.9925039431097
10.2	1.1269618523404e-38	0.15480221727	0.22108362227291	0.36087179043766	0.21639889899872	0.79110129717512	0.11517849790529	0.12800546298317	0.0044104687515874	1.9918522557944
10.48	3.6822337628509e-39	0.1547662797426	0.22103224942634	0.36078796786367	0.21636680714295	0.79091746665249	0.1151517335406	0.12797571938458	0.0040127268982311	1.9910109506514
10.872	8.6010456992081e-40	0.15471597387625	0.22096034632188	0.36067063781437	0.21632187382133	0.79066017568681	0.11511427387864	0.12793408852897	0.0035700815526185	1.9899474514809
11	5.3166735133611e-40	0.15469954949113	0.22093687276383	0.36063233255535	0.21630721309538	0.79057618043681	0.11510204479137	0.12792049759931	0.003448284315863	1.9896229750491
11.2	2.5722165943764e-40	0.15467388851844	0.2209002016241	0.36057249226826	0.21628430766578	0.79044495572282	0.11508293944341	0.12789926603343	0.0032781958219028	1.9891362470981
11.48	9.8018699325847e-41	0.15463796783809	0.22084887174905	0.3604887297008	0.21625225253766	0.79026127771654	0.11505619728398	0.12786954762446	0.0030760920768789	1.9884909365275
11.872	2.7482389630505e-41	0.15458768882367	0.22077702841515	0.36037148491636	0.21620741767036	0.79000420021443	0.11501876870073	0.1278279515637	0.0028510846469279	1.9876456249513
12	1.7953680868411e-41	0.1545712738688	0.22075357434301	0.36033320791756	0.21619279520991	0.78992027465189	0.11500654975945	0.127814371946	0.0027891491642579	1.9873811968609
12.2	9.3767883067363e-42	0.15454562821581	0.22071693376288	0.36027341281019	0.21616996190142	0.7897891588099	0.11498746026244	0.12779315821316	0.002702625696665	1.9869783396725
12.48	3.9185467546308e-42	0.1545097300271	0.22066564667095	0.36018971449137	0.21613802490279	0.78960563319402	0.11496074028992	0.12776346479731	0.0025997659985819	1.986432720372
12.872	1.2216563539673e-42	0.15445948418311	0.22059386302625	0.36007256019106	0.21609337549875	0.78934876897905	0.11492334275971	0.12772190344191	0.0024851666820202	1.9856984647619
13	8.2372540454617e-43	0.15444308040295	0.2205704284223	0.36003431292661	0.21607881381121	0.78926491304635	0.11491113395601	0.12770833512108	0.0024536013994995	1.985464619086
13.2	4.4937382209597e-43	0.15441745251341	0.22053381819325	0.35997456441705	0.21605607871271	0.78913390598611	0.11489206029682	0.12768713901184	0.0024094766792098	1.9851044958104
13.48	1.9778651342331e-43	0.15438157973723	0.22048257363789	0.35989093190532	0.21602428072162	0.78895053263445	0.11486536249284	0.12765747028806	0.0023569760621507	1.9846097074796
13.872	6.5382010419481e-44	0.15433137035507	0.2204108495679	0.35977387047101	0.21597982047487	0.78869388152984	0.11482799598991	0.12761594347652	0.0022984107100184	1.9839321425751
14	4.4854091205064e-44	0.15431497866437	0.22038743441012	0.35973565366109	0.21596531689224	0.78861009516922	0.1148157973154	0.12760238642507	0.0022822612735832	1.9837139238111
14.2	2.5059703484724e-44	0.15428936982824	0.22035085443406	0.35967595249744	0.21594267001662	0.78847919680051	0.11479673948089	0.12758120781929	0.0022596616237999	1.9833756525008
14.48	1.1344761313741e-44	0.15425352402413	0.22029965228262	0.35959238660197	0.2159109886649	0.78829597558665	0.11477006382705	0.12755156361053	0.0022327325553035	1.9829068871531
14.872	3.870523129488e-45	0.15420335289538	0.22022798769917	0.35947541926405	0.21586667617289	0.78803953741542	0.11473272832564	0.12751007122701	0.0022026277101721	1.9822584007097
15	2.6801099752639e-45	0.15418697379989	0.22020459196717	0.35943723328942	0.21585221645789	0.78795582056908	0.11472053977189	0.12749652542216	0.0021943097079252	1.9820482109854
15.2	1.5164529481946e-45	0.15416138473829	0.22016804231655	0.35937758039038	0.21582963458068	0.78782503080162	0.11470149774892	0.12747536439611	0.0021826460943599	1.9817211810669
15.48	6.9695503931067e-46	0.15412556679277	0.22011688263251	0.35929408226138	0.21579803628277	0.78764196159914	0.11467484422681	0.12744574480785	0.0021687115495193	1.9812658301527
15.872	2.418621671517e-46	0.15407543496067	0.22004527750936	0.35917721001987	0.21575382490056	0.78738573618438	0.11463753970117	0.127404286872	0.0021530740662496	1.9806323842143
16	1.6832095338958e-46	0.15405906876026	0.22002190118859	0.3591390551392	0.21573939470912	0.78730208879453	0.11462536125977	0.12739075230987	0.0021487378333197	1.9804263599947
16.2	9.5935537288501e-47	0.15403349990601	0.21998538161577	0.35907944991414	0.21571685487794	0.78717140753803	0.11460633503519	0.12736960856477	0.0021426379295531	1.9801051753814
16.48	4.4464225095305e-47	0.15399771036034	0.21993426410524	0.35899601864345	0.21568530940709	0.78698849022061	0.11457970362642	0.12734001315886	0.0021353159981121	1.9796568255201
16.872	1.5575925927352e-47	0.15394761847536	0.2198627183092	0.35887924139121	0.2156411629015	0.78673247738557	0.11454243005082	0.12729858943844	0.0021270389394902	1.9790312768916
17	1.0870458438656e-47	0.1539312653598	0.21983936137532	0.35884111766684	0.21562675178037	0.78664889939452	0.11453026171337	0.12728506608069	0.002124728333476	1.9788274517044
17.2	6.2207475129262e-48	0.15390571698887	0.21980287198423	0.35878156076761	0.21560423935602	0.78651832655886	0.11451125127406	0.12726393972776	0.0021214587069332	1.9785093653643
17.48	2.8969768746118e-48	0.15386995619166	0.21975179675779	0.35869819727175	0.21557272852823	0.78633556100035	0.11448464196027	0.12723436868109	0.0021175007548587	1.978064751146
17.872	1.0203626187368e-48	0.15381990467863	0.21968031028245	0.35858151560376	0.21552862486251	0.78607976056851	0.114447399309	0.12719297923774	0.0021129686097547	1.9774434631524
18	7.1330457699495e-49	0.15380356477302	0.21965697272324	0.35854342316335	0.21551422648247	0.78599625191864	0.11443524106711	0.12717946708724	0.002111688711993	1.9772408359271
18.2	4.092150912102e-49	0.15377803706833	0.21962051350083	0.35848391477236	0.21549173234893	0.7858657874138	0.11441624639997	0.12715835812697	0.0021098598824257	1.9769244495136
18.48	1.9113188686773e-49	0.15374230525233	0.21956948053337	0.3584006192548	0.21546024498063	0.78568317348822	0.11438965916281	0.12712881143051	0.002107614646295	1.976481908749
18.872	6.7550843842186e-50	0.15369229439693	0.21949805333159	0.35828403337951	0.21541617128206	0.78542758528328	0.11435244741021	0.12708745623959	0.0021049886364383	1.9758630299596
19	4.7274095766635e-50	0.15367596778575	0.21947473513109	0.35824597228066	0.21540178203194	0.78534414591702	0.1143402992555	0.1270739552874	0.0021042333045813	1.975661090994
19.2	2.7166667383576e-50	0.1536504608711	0.21943830606448	0.35818651252015	0.21537930109245	0.78521378965308	0.11432132034744	0.12705286371701	0.002103138216678	1.9753456924824
19.48	1.2714258529325e-50	0.15361475819411	0.21938731533377	0.35810328513455	0.21534783103939	0.78503132723456	0.11429475516859	0.12702334136633	0.0021017652776455	1.9749043787489
19.872	4.5043069982177e-51	0.15356478819036	0.21931594735992	0.35798679519068	0.21530378032358	0.78477595108037	0.114257574289	0.12698202040631	0.0021001094988713	1.9742869663391
20	3.1547317447848e-51	0.15354847493098	0.21929264850238	0.35794876546917	0.21528939825845	0.78469258094023	0.11424543621311	0.12696853064403	0.0020996211074564	1.9740854560658
20.2	1.814901869087e-51	0.15352298889035	0.21925624964064	0.35788935469208	0.21526692809731	0.78456233282737	0.11422647305104	0.12694745654112	0.0020988990676592	1.9737706828076
20.48	8.5062945931196e-52	0.15348731545923	0.21920530119559	0.35780619591903	0.21523547251886	0.7843800217902	0.1141999299122	0.12691795864758	0.0020979695318611	1.9733301649745
20.872	3.0191548016215e-52	0.15343738643798	0.21913399242675	0.35768980215994	0.21519144127632	0.78412485751079	0.11416277988002	0.12687667195266	0.0020968073209063	1.9727137389654
21	2.1158990018756e-52	0.15342108656898	0.21911071289863	0.35765180385838	0.21517706539211	0.78404155653933	0.11415065187457	0.12686319337979	0.0020964547804524	1.9725125252922
21.2	1.2188256570348e-52	0.15339562145873	0.21907434409706	0.3575924416026	0.21515460402897	0.78391141648778	0.11413170444543	0.12684213658449	0.0020959241729008	1.972198192878
21.48	5.7203584732056e-53	0.15335997734493	0.2190234377645	0.35750935077149	0.21512316047248	0.78372925670634	0.1141051833283	0.12681266291188	0.0020952225152524	1.9717582518152
21.872	2.0335894693376e-53	0.15331008939291	0.2189521881078	0.35739305290615	0.21507914649564	0.78347430412591	0.11406806411793	0.1267714103501	0.0020943121195728	1.971142567616
22	1.4259853083709e-53	0.1532938029396	0.21892892788884	0.35735508598712	0.21506477623862	0.78339107226573	0.11405594617457	0.12675794294277	0.0020940286602361	1.9709415830975
22.2	8.2221178301911e-54	0.15326835879643	0.21889258919479	0.35729577253538	0.21504232327984	0.78326104018586	0.11403701446531	0.12673690352238	0.0020935951999369	1.9706275971799
22.48	3.8634099589852e-54	0.15323274404584	0.21884172502422	0.35721275006549	0.21501089136427	0.78307903153465	0.11401051535163	0.12670745417866	0.0020930090404367	1.9701881206052
22.872	1.3754495937112e-54	0.15318289721772	0.21877053445723	0.35709654827842	0.21496689390278	0.78282429047754	0.11397342693749	0.126666235783	0.002092226279275	1.9695730533335
23	9.6498585611443e-55	0.1531666241958	0.21874729353399	0.35705861276449	0.21495252903168	0.78274112767131	0.11396131904788	0.12665277954059	0.002091977843466	1.9693722636292
23.2	5.5715532182222e-55	0.15314120104221	0.21871098483061	0.35699934774503	0.21493008389932	0.78261120347351	0.11394240304545	0.12663175737158	0.0020915949390186	1.9690585763467
23.48	2.6212995478248e-55	0.15310561568246	0.2186601626805	0.35691639309476	0.21489866295837	0.78242934582714	0.11391592591695	0.12660233217277	0.0020910691830875	1.968619507516
23.872	9.345411381431e-56	0.15305581000995	0.21858903112036	0.35680028712266	0.21485468150474	0.78217481611787	0.11387886827349	0.12656114783615	0.0020903516266027	1.9680049936118
24	6.5598132459555e-56	0.1530395504282	0.21856580947355	0.35676238297233	0.21484032190268	0.78209172230828	0.11386677042928	0.12654770273828	0.0020901208871858	1.9678043811398
24.2	3.7961518595041e-56	0.15301414827648	0.21852953070516	0.35670316615988	0.21481788560658	0.78196190590305	0.11384787012066	0.12652669773655	0.002089763503035	1.9674909680114
24.48	1.7889338162008e-56	0.15297859232197	0.21847875050687	0.35662027902765	0.2147864774477	0.78178019913625	0.11382141495911	0.12649729656922	0.0020892683310789	1.9670522782998
24.872	6.3867651494605e-57	0.15292882782009	0.2184076778939	0.35650426870289	0.21474251306116	0.78152588059948	0.1137843880608	0.12645614621813	0.0020885835590771	1.9664382859155
25	4.4852801702763e-57	0.15291258168228	0.21838447550652	0.35646639588495	0.21472815890928	0.7814428557293	0.11377230025366	0.12644271224916	0.0020883616687379	1.9662378418839
25.2	2.5861519481647e-57	0.15288720053684	0.21834822879784	0.35640723583201	0.21470574398368	0.7813131470276	0.11375341562588	0.12642172695382	0.0020879904805603	1.9659246892382
25.48	1.2177958459717e-57	0.152851673991	0.21829749298257	0.35632442816653	0.21467436574064	0.78113159101552	0.1137269824131	0.1263923534807	0.0020874741344278	1.9654863619245
25.872	4.3530544822902e-58	0.15280195066083	0.21822648005373	0.35620851885695	0.21463042567036	0.78087748347614	0.11368998623446	0.12635123885235	0.0020867978901857	1.964872881695
26	3.0584406784802e-58	0.15278571796647	0.21820329698613	0.35617067808965	0.21461607773808	0.78079452748819	0.11367790845606	0.12633781625191	0.0020865823917005	1.9646726053682
26.2	1.7639566368147e-58	0.15276035782602	0.21816708065271	0.35611156903702	0.21459367212578	0.78066492640032	0.11365903949605	0.12631684900952	0.0020862199466763	1.9643597144941
26.48	8.3129069958778e-59	0.15272486068602	0.21811638724471	0.35602883234476	0.21456230618688	0.78048352101758	0.11363262821379	0.12628750067621	0.0020857160081419	1.9639217523781
26.872	2.975301074933e-59	0.15267517852092	0.21804543333165	0.35591302020575	0.21451838219351	0.78022962430043	0.11359566272931	0.12624642052996	0.0020850588505475	1.9633087806621
27	2.0914140492328e-59	0.15265895926723	0.21802226950737	0.35587521095857	0.21450403940538	0.78014673713753	0.11358359497133	0.12623300911791	0.0020848492467945	1.9631086696121
27.2	1.2069005673176e-59	0.15263362012682	0.21798608356273	0.3558161524502	0.21448164138651	0.7800172435742	0.1135647416661	0.12621205974402	0.0020844936155085	1.9627960361261
27.48	5.6928801361511e-60	0.1525981523846	0.21793543260155	0.35573348642923	0.21445028622703	0.7798359886958	0.11353835229617	0.12618273641071	0.002083997797974	1.9623584328431
27.872	2.0402125793067e-60	0.15254851137121	0.21786453767946	0.35561777126944	0.21440637783543	0.77958230262597	0.11350141748037	0.12614169066263	0.0020833522934702	1.961745961218
28	1.4347930488671e-60	0.15253230555334	0.21784139308489	0.35557999350288	0.21439204017065	0.77949948423102	0.1134893597345	0.12612829042197	0.0020831462397182	1.961546012939
28.2	8.2874024718029e-61	0.15250698740498	0.21780523720482	0.35552098428705	0.2143696484785	0.77937009810298	0.11347052207105	0.12610735853627	0.0020827972318417	1.9612336333175
28.48	3.9132369836584e-61	0.1524715490485	0.21775462831125	0.35543838719182	0.21433830223585	0.77918899360403	0.11344415459525	0.12607805965774	0.0020823097352366	1.9607963843797
28.872	1.4042655997927e-61	0.15242194916844	0.21768379222147	0.35532276816908	0.214294408565	0.77893551800672	0.11340725042271	0.12603704802542	0.0020816719904276	1.9601844065693
29	9.8802679348056e-62	0.15240575678005	0.21766066682993	0.35528502175507	0.21428007591154	0.77885276832268	0.11339520268063	0.12602365891083	0.0020814679020962	1.9599846190928
29.2	5.7107194810588e-62	0.15238045961348	0.21762454111873	0.35522606232158	0.21425769205033	0.77872348954081	0.113376380646	0.12600274465596	0.0020811203843049	1.9596724903312
29.48	2.6991334399126e-62	0.15234505062769	0.21757397441193	0.35514353491164	0.21422635698669	0.77854253529658	0.11335003504617	0.12597347046413	0.002080634333335	1.9592355920782
29.872	9.6984970841496e-63	0.15229549185875	0.21750319715509	0.35502801232421	0.21418247913875	0.7782892699972	0.11331316149145	0.12593249304027	0.0020799996488549	1.9586241046546
30	6.8269822206602e-63	0.15227931289233	0.21748009095549	0.35499029728997	0.21416815165067	0.77820658896705	0.11330112374487	0.1259191150596	0.0020797966060759	1.9584244771661
30.2	3.947757097036e-63	0.15225403669555	0.21744399553401	0.35493138827053	0.21414577693204	0.77807741744234	0.11328231732608	0.12589821862654	0.002079447320065	1.9581125981472
30.48	1.8675069536096e-63	0.15221865706319	0.21739347114482	0.35484893140028	0.21411445484358	0.77789661332819	0.11325599358409	0.12586896938592	0.0020789586886994	1.9576760494388
30.872	6.7190176926945e-64	0.15216913938032	0.2173227527254	0.35473350559108	0.21407059367854	0.77764355815227	0.11321915062179	0.12582802627961	0.0020783254660027	1.957065051895
31	4.7318836958196e-64	0.15215297382749	0.217299665707	0.35469582196979	0.21405627147191	0.77756094571905	0.11320712286242	0.12581465944308	0.0020781233859949	1.9568655843867
31.2	2.7392366217026e-64	0.15212771858722	0.21726359988106	0.35463696053166	0.21403390284549	0.7774318813624	0.11318833204651	0.12579377997384	0.0020777801733432	1.9565539554015
31.48	1.2972598730202e-64	0.15209236828933	0.21721311700176	0.35455457017701	0.21400258901789	0.77725122725366	0.1131620301442	0.1257645544284	0.0020772999173781	1.9561177562296
31.872	4.6734683068585e-65	0.15204289166539	0.21714245712296	0.35443923925466	0.21395874211552	0.77699838202683	0.11312521774893	0.12572364501374	0.0020766710287818	1.9555072459768
32	3.2928544722662e-65	0.15202673951715	0.21711938924556	0.35440158677303	0.21394442484368	0.77691583813362	0.11311319996848	0.12571028922725	0.0020764695285562	1.9553079372373
32.2	1.9077989834468e-65	0.15200150521917	0.21708335317877	0.35434277348728	0.2139220632073	0.77678688085614	0.11309442474251	0.12568942687901	0.002076128580537	1.9549965561507
32.48	9.0442531477937e-66	0.15196618423557	0.21703291200322	0.35426045062173	0.21389075923878	0.7766063766284	0.11306814466175	0.12566022531919	0.0020756509589159	1.9545607036676
32.872	3.262503606538e-66	0.15191674864181	0.21696231068976	0.35414521497874	0.21384692741149	0.77635374117646	0.11303136280816	0.12561934971867	0.0020750225723493	1.9539506779974
33	2.2997912915684e-66	0.15190060988866	0.2169392619447	0.35410759367618	0.21383261519101	0.77627126576641	0.11301935499836	0.12560600499451	0.0020748209298826	1.9537515273897
33.2	1.3336297410793e-66	0.15187539651802	0.21690325554827	0.35404882822622	0.21381026035	0.77614241547925	0.11300059534938	0.12558515966788	0.0020744822691173	1.9534403934081
33.48	6.3288669565648e-67	0.15184010482757	0.21685285596418	0.35396657235694	0.21377896583787	0.77596206100814	0.11297433707209	0.12555598193457	0.0020740076845161	1.9530048866859
33.872	2.2859645721503e-67	0.15179071023403	0.21678231314239	0.35385143171489	0.21373514886092	0.77570963515706	0.11293758573483	0.12551514005264	0.0020733794037263	1.9523953443005
34	1.6121698651066e-67	0.15177458486611	0.21675928351135	0.3538138415387	0.21372084165707	0.77562722817334	0.11292558788739	0.12550180637202	0.0020731773995858	1.9521963514056
34.2	9.354950201896e-68	0.15174939240732	0.21672330694937	0.35375512465152	0.21369849447342	0.77549848478777	0.1129068438025	0.12548097828208	0.0020728384677421	1.9518854638217
34.48	4.4436700047243e-68	0.15171412998817	0.21667294914094	0.35367293682128	0.21366721072943	0.77531827994907	0.11288060731058	0.12545182469493	0.0020723634012917	1.9514503020357
34.872	1.6071159619668e-68	0.15166477636399	0.21660246483274	0.35355789160661	0.21362340925507	0.77506606352496	0.11284388646434	0.12541101666826	0.0020717339316793	1.9508412426477
35	1.1339437392524e-68	0.15164866437115	0.2165794543068	0.35352033260084	0.21360910715763	0.7749837249108	0.11283189857101	0.12539769404549	0.0020715315408478	1.9506424075046
35.2	6.5879215060736e-69	0.15162349280828	0.21654350710959	0.35346166233117	0.21358676557288	0.77485508833805	0.11281317003727	0.12537688259905	0.0020711978237468	1.95033176662
35.48	3.1329452447682e-69	0.15158825963804	0.21649319052472	0.35337953974513	0.21355548944248	0.77467503300754	0.11278695531264	0.12534775228061	0.0020707300149464	1.9498969499661
35.872	1.1345530747855e-69	0.15153894695166	0.21642276451445	0.3532645886191	0.21351170188338	0.77442302583662	0.11275026493212	0.12530697766474	0.0020701016060366	1.9492883720081
36	8.0089035778364e-70	0.15152284832356	0.21639977306133	0.35322706058485	0.21349740467162	0.77434075553529	0.11273828698462	0.12529366603132	0.0020698986400178	1.9490896938326
36.2	4.6561809514687e-70	0.15149769764041	0.2163638556085	0.35316843852333	0.21347507039914	0.77421222568681	0.11271957398915	0.12527287170219	0.0020695645862594	1.9487792981358
36.48	2.2164075658994e-70	0.15146249369628	0.21631358068742	0.35308638354624	0.21344380462463	0.77403231974052	0.11269338101376	0.12524376538419	0.002069096010798	1.9483448247038
36.872	8.0367947545833e-71	0.15141322191564	0.21624321307995	0.35297152754386	0.21340003237587	0.77378052164919	0.11265672107368	0.12520302451634	0.0020684652127093	1.9477367273672
37	5.6758869808996e-71	0.15139713664176	0.21622024069895	0.35293403060902	0.21338574024663	0.77369831960402	0.11264475306378	0.12518972391524	0.0020682614227276	1.9475382062021
37.2	3.3037975063426e-71	0.15137200682186	0.21618435264025	0.35287545539372	0.21336341201284	0.77356989639121	0.11262605559367	0.12516894629226	0.0020679309339366	1.9472280560798
37.48	1.5744724866796e-71	0.15133683208073	0.21613411896417	0.35279346599338	0.2133321545534	0.77339013970515	0.11259988434946	0.12513986333945	0.0020674674301139	1.9467939264158
37.872	5.7165447772487e-72	0.15128760117335	0.21606380958658	0.35267870412522	0.21328839660283	0.77313855051993	0.11256325482457	0.12509915589184	0.0020668363993981	1.9461863091237
38	4.0391310727062e-72	0.15127152924307	0.21604085624961	0.35264123813869	0.21327410941984	0.77305641667429	0.11255129674402	0.12508586627109	0.002066631819623	1.9459879445602
38.2	2.353278862304e-72	0.15124642026981	0.21600499776074	0.35258271052208	0.2132517880639	0.77292810000871	0.1125326147864	0.12506510557617	0.0020663021843465	1.9456780391721
38.48	1.1226676424319e-72	0.15121127470835	0.21595480553255	0.35250078784831	0.21322054028702	0.77274849245907	0.11250646525535	0.1250360463427	0.0020658397063352	1.9452442521397
38.872	4.0814306934492e-73	0.15116208464147	0.21588455441327	0.35238612059114	0.21317679734067	0.77249711200666	0.11246986612041	0.12499537246937	0.002065206621657	1.9446371142046
39	2.8851576452388e-73	0.15114602604407	0.21586162011215	0.352348685604	0.21316251520564	0.77241504630396	0.11245791796097	0.12498209384586	0.0020650010958213	1.9444389061725
39.2	1.6825203997533e-73	0.15112093790067	0.21582579119431	0.35229020570526	0.21314020095633	0.77228683609721	0.11243925150297	0.12496135011606	0.0020646720249446	1.9441292454977
39.48	8.0351407988596e-74	0.15108582149536	0.2157756404054	0.35220834987238	0.21310896312894	0.77210737756026	0.11241312366707	0.12493231463706	0.0020642104089158	1.9436958011754
39.872	2.9249367502769e-74	0.15103667223601	0.21570544750437	0.35209377722639	0.21306523532045	0.77185620566748	0.11237655489687	0.12489167433648	0.0020635756085388	1.9430891427966
40	2.0685979298075e-74	0.1510206269607	0.21568253222415	0.35205637322397	0.21305095825276	0.77177420805119	0.1123646166503	0.12487840670483	0.0020633692906398	1.9428910913585
