# Time [h]	Acidogenesis_MS [g/h]	Valeric_Degradation [g/h]	Propionic_Degradation [g/h]	hydro_Methanogenesis [g/h]	Acidogenesis_LCFA [g/h]	Butyric_Degradation [g/h]	Acidogenesis_AA [g/h]	aceto_Methanogenesis [g/h]
0.2	0.043551810172178	0.081286399372283	0.51996049986313	0.28301692760676	0.097214915160991	0.29610014766266	0.055020528045656	24.502627659054
0.48	-0.00087027561872008	0.012656630668004	0.14728179168871	0.086307080812678	0.083895694602639	0.044586250324435	0.0049891689290014	24.169899735319
0.872	2.8734852633242e-05	0.00085168749155558	0.022933436609511	0.029472998453051	0.067429852182313	0.0030158758243768	0.00014999204620236	23.461614851132
1	2.4725316528498e-06	0.00032496570119692	0.011648899904036	0.023837906927771	0.062696536392006	0.0011729290208764	4.758680637619e-05	23.138141325083
1.2	2.8523210717903e-08	0.0057941083928664	0.073699631620964	0.04572483879199	0.055471567611907	0.016732368755965	8.3726028791252e-06	22.538505565668
1.48	-5.5209371593417e-10	0.0007533583719169	0.019594166391521	0.021859736714534	0.047283235280402	0.0023673717399018	7.6196872591772e-07	21.269555549524
1.872	1.8247754414969e-11	4.2616826382518e-05	0.0029105402190727	0.012821704175093	0.037790332674414	0.0001524261524378	2.3096673300328e-08	18.205734825779
2	1.5783282696245e-12	1.5849369773969e-05	0.0014650113011488	0.011488454074465	0.035100298768384	5.8854490037229e-05	7.3466769038547e-09	16.6406075284
2.2	1.8894144990457e-14	0.0027473895729035	0.029093003783873	0.021396692296559	0.031069551443028	0.0078080277240768	1.2990287791403e-09	13.701159512262
2.48	-3.5950409195685e-16	0.00035751513545268	0.0075739882697569	0.011084636300912	0.026428455790308	0.0011024558008446	1.1917619644414e-10	8.4511881989093
2.872	1.1915915859095e-17	2.0323004825291e-05	0.0011225495921138	0.0069884113521693	0.021081307046635	7.1266617932847e-05	3.6612327149761e-12	3.0083153306012
3	1.0385721185418e-18	7.5738237192102e-06	0.00056617942530407	0.0063202089965476	0.019570440893982	2.7573125579506e-05	1.1695097272791e-12	1.9434292090932
3.2	1.2862445467457e-20	0.0010080307669502	0.0091190291809779	0.0092214533529335	0.01734326296495	0.0028687163492551	2.084387671972e-13	1.4066458151057
3.48	-2.4166227828692e-22	0.00013168475824105	0.0023654721564662	0.0055116544627642	0.014736513953442	0.00040580488526281	1.93707152756e-14	0.79270560483843
3.872	8.0608589609305e-24	7.552127807443e-06	0.0003528267491385	0.0037982769935139	0.011740714621268	2.6437105101914e-05	6.0858054137087e-16	0.57324295782599
4	7.1162094724225e-25	2.8244516426418e-06	0.0001785536152291	0.0034712892866291	0.010895479092557	1.0263349729834e-05	1.9587718638391e-16	0.55188413365525
4.2	9.2481318319532e-27	0.00025640521203479	0.002177439022586	0.0039466064650375	0.0096687134382234	0.00073845920965459	3.538753973748e-17	0.61239678565343
4.48	-1.7174116883386e-28	3.376649072229e-05	0.00056711138743064	0.0027870443680577	0.0082104730891062	0.00010518113100666	3.3623137671948e-18	0.54925780890434
4.872	5.8009599389652e-30	1.9660163364766e-06	8.5462809194393e-05	0.002074989379469	0.0065354022011046	6.948447156782e-06	1.1012539972704e-19	0.52842235149983
5	5.2429818679456e-31	7.3979610493366e-07	4.3453079718544e-05	0.0019120523620043	0.0060631727532164	2.7134352577107e-06	3.5966516408627e-20	0.52599949315618
5.2	7.4018872917741e-33	4.856859768112e-05	0.00040867476033903	0.0018587480932916	0.0053853663403679	0.00014293413626706	6.6616648234673e-21	0.53247344538374
5.48	-1.3498304810258e-34	6.4922729777817e-06	0.00010738634234893	0.0014714521003398	0.0045709288468317	2.0646199205799e-05	6.594830837201e-22	0.52411271569754
5.872	4.7010893499803e-36	3.8823328218417e-07	1.6450881704524e-05	0.0011431735169214	0.0036355769971486	1.3984041049136e-06	2.3499141518655e-23	0.52015570312762
6	6.1622049212635e-37	1.4768110156521e-07	8.4282715085775e-06	0.0010578375617169	0.0033720789218737	5.5181068256473e-07	7.9102317617091e-24	0.51918845356765
6.2	-1.5593708135732e-38	5.8693557055268e-06	5.1121175939778e-05	0.00095914408285542	0.0029965712807543	1.792389772204e-05	1.5415184909713e-24	0.51824854707876
6.48	3.7428029990191e-37	8.0576086704741e-07	1.3628274675784e-05	0.00080064498168726	0.0025425874336491	2.6557372121349e-06	1.6613210251167e-25	0.51658405763377
6.872	1.9122660846225e-37	5.0509111820766e-08	2.1456771194069e-06	0.00063319157267778	0.002021696946829	1.8800297192658e-07	7.1026876348603e-27	0.51456999276221
7	1.0919990784492e-37	1.9579422845488e-08	1.1135674879672e-06	0.00058697738160711	0.0018751483521119	7.5544887620643e-08	2.5537366917708e-27	0.51366036768094
7.2	3.8113113808876e-38	2.5726194555781e-06	2.2374773966543e-05	0.0005309844937305	0.0016667223087654	8.2434570085725e-06	5.5524957313258e-28	0.51244951837463
7.48	1.3420854271285e-37	3.6975150287593e-07	6.1467335376605e-06	0.00044499749593006	0.0014148722618101	1.2761869981383e-06	7.1722001351505e-29	0.51095499902389
7.872	3.0475622019581e-38	2.5108066353103e-08	1.0167729464074e-06	0.00035279835970669	0.0011266296403375	9.737809635856e-08	4.4352166699212e-30	0.50896322845652
8	-1.1296996957774e-36	1.0038808744103e-08	5.3926146489356e-07	0.0003273185303098	0.0010457335938389	4.0311311615482e-08	1.812831277483e-30	0.50795130768199
8.2	4.0741877200916e-38	2.4218108906561e-06	2.1994864094843e-05	0.00030062537171412	0.00093081880891751	8.2564173668244e-06	4.8325063635733e-31	0.50665056243944
8.48	-1.167365870354e-37	3.744314544906e-07	6.3189049793925e-06	0.00025035162570593	0.00079238475033273	1.3706395117035e-06	8.4985310813607e-32	0.50519286670868
8.872	-5.5873498422381e-36	2.8767334126768e-08	1.1257946003524e-06	0.00019890702771658	0.00063454287992234	1.1742506075982e-07	8.7726179597375e-33	0.50339892337878
9	-1.6197825075493e-36	1.203391404178e-08	6.162255342764e-07	0.00018490906056549	0.00059039771751882	5.0771939794066e-08	4.2185299129413e-33	0.50243732301665
9.2	-2.1521334134817e-38	3.4530107408608e-06	3.3175971169747e-05	0.00017932487932128	0.00052771506561988	1.2637277305336e-05	1.4288492420202e-33	0.50130493959393
9.48	-1.4796075086051e-37	5.908974099187e-07	1.0154798651999e-05	0.00014555936955402	0.00045251544064894	2.3120022185104e-06	3.4678704575205e-34	0.50018014821965
9.872	3.3006861962114e-38	5.3423239998276e-08	1.9976608161366e-06	0.00011554196359968	0.00036701507244506	2.3081250856258e-07	5.5652785924318e-35	0.49906583198346
10	-1.2188266419886e-37	2.3629195359237e-08	1.1372596808238e-06	0.00010775562726894	0.00034315321176083	1.0530246696319e-07	3.0647410503502e-35	0.49842519206808
10.2	-3.3291544618523e-37	5.9346987615267e-06	6.0429714438107e-05	0.00012263428055428	0.00030917994714358	2.3217229475656e-05	1.258663481404e-35	0.49786017475452
10.48	3.3138865763211e-36	1.1415629818889e-06	1.9936051577549e-05	9.1898049810131e-05	0.0002685203361897	4.7515193207154e-06	3.9064300316031e-36	0.49742017789133
10.872	-1.088180294127e-38	1.2289483646302e-07	4.3728372600513e-06	7.1104025197375e-05	0.00022213483107266	5.5926793583193e-07	8.5510573337788e-37	0.49737250232367
11	2.0745485164979e-38	5.7480074640713e-08	2.5906089521218e-06	6.6365146437131e-05	0.00020913888584662	2.6927185064836e-07	5.1832023127585e-37	0.49721981633684
11.2	2.8429961692982e-39	7.3102381034317e-06	7.9688851466901e-05	9.3612278643654e-05	0.00019050251936443	3.0302491357185e-05	2.4372842695907e-37	0.49736533347949
11.48	-9.3368664572082e-36	1.5677352234894e-06	2.8211777546149e-05	6.3784850379844e-05	0.00016809367211742	6.884392057453e-06	8.9533429813195e-38	0.49768637137548
11.872	-2.5228397186836e-37	1.9625080869587e-07	6.8111679882269e-06	4.7005328467161e-05	0.00014217342386306	9.3476469883959e-07	2.4014264956601e-38	0.49854764603258
12	-1.614955360803e-37	9.6064616927284e-08	4.1692060219645e-06	4.3699799575869e-05	0.00013482155762472	4.7027343572916e-07	1.5486222798302e-38	0.49877036750587
12.2	-2.7747066121974e-38	7.7793373960105e-06	9.12705134903e-05	7.7528058621819e-05	0.00012414532454839	3.3864309142763e-05	7.9409146656719e-39	0.49939325049998
12.48	-8.6294212506425e-38	1.8126374454941e-06	3.4106348547331e-05	4.830441772584e-05	0.0001111666238238	8.3326575345132e-06	3.2423406237149e-39	0.50011086071404
12.872	3.2422073811113e-38	2.5285893250738e-07	8.8286387319798e-06	3.3265417663909e-05	9.5827659182011e-05	1.2540685683933e-06	9.8372775757937e-40	0.50127439272587
13	-2.3785150546719e-38	1.2770736416103e-07	5.5269268421717e-06	3.061951959902e-05	9.1401872812044e-05	6.5026628635326e-07	6.5817621456036e-40	0.50161580321787
13.2	-1.76091953376e-38	7.2463359714022e-06	9.2000060348882e-05	6.5250453083369e-05	8.4881715176365e-05	3.3100947575729e-05	3.5522060707279e-40	0.50232461127889
13.48	-5.8476808175175e-37	1.7827315346729e-06	3.5596865119797e-05	3.8119401550264e-05	7.6851393068213e-05	8.5823977764557e-06	1.5424274424949e-40	0.50301593318556
13.872	3.7340492063749e-38	2.6620846019663e-07	9.6247212370339e-06	2.4591888920285e-05	6.7150445325164e-05	1.3782148917002e-06	5.0200391303711e-41	0.50398498978107
14	8.6169173292433e-39	1.3704874937738e-07	6.1077267723396e-06	2.2357694772733e-05	6.4305860475767e-05	7.2798593184393e-07	3.4288523008703e-41	0.50426842196834
14.2	1.9449758289425e-38	6.3682554359561e-06	8.7167235066326e-05	5.5210565666647e-05	6.0062152010731e-05	3.0550622175261e-05	1.9043624973635e-41	0.50483086172928
14.48	-2.0016576025677e-37	1.6181758193958e-06	3.4408024639337e-05	3.070186166285e-05	5.4778958474666e-05	8.1717873880497e-06	8.5560793114521e-42	0.50529322669814
14.872	3.0693336556382e-39	2.5138956780836e-07	9.536771985119e-06	1.8655453400014e-05	4.8286217133831e-05	1.3627676103982e-06	2.8939579291157e-42	0.50590378122317
15	1.2769076713834e-38	1.308516475588e-07	6.0982647058088e-06	1.6739402956249e-05	4.6359341306059e-05	7.275236819885e-07	1.9990428825463e-42	0.50607912876216
15.2	-1.1898582197532e-38	6.0295413589606e-06	8.7713618760623e-05	5.0088681745487e-05	4.3454724681616e-05	3.0281384130427e-05	1.1275354855642e-42	0.50647814395535
15.48	-3.1488259995629e-37	1.5604851388857e-06	3.5002949163746e-05	2.6227687870907e-05	3.9816856339795e-05	8.2443668326855e-06	5.1602224675247e-43	0.50668707035004
15.872	3.7764276960682e-38	2.478847663818e-07	9.834344516154e-06	1.4700174272731e-05	3.529446219388e-05	1.4044132393132e-06	1.78210088838e-43	0.50697693248848
16	1.511567450545e-38	1.2983071629563e-07	6.314947021933e-06	1.2933751606033e-05	3.3941733648271e-05	7.5426849562866e-07	1.2385451947223e-43	0.50705952932867
16.2	6.6841418378517e-38	4.6765701988955e-06	7.2131274488448e-05	3.9865611186999e-05	3.1892031732914e-05	2.450943487445e-05	7.0473492686777e-44	0.5072573116809
16.48	4.9518979845553e-37	1.2229316039315e-06	2.8941090285729e-05	2.0529573481411e-05	2.9311077137706e-05	6.7398846700953e-06	3.258397014083e-44	0.50732368872554
16.872	1.7886424279092e-37	1.9672305370645e-07	8.1891800793091e-06	1.1202157567057e-05	2.6079106909401e-05	1.1620092677728e-06	1.1382329600632e-44	0.50741800836368
17	3.4076927165826e-38	1.0340249740453e-07	5.2704103936526e-06	9.7856704975655e-06	2.5107605633727e-05	6.26234254565e-07	7.9374135089686e-45	0.50744226131804
17.2	-1.2584807785685e-38	4.0320532603335e-06	6.4387355273403e-05	3.4042012248752e-05	2.3629131887064e-05	2.1853475451622e-05	4.5382190059858e-45	0.50752544711263
17.48	-3.1741824459162e-37	1.0607767227367e-06	2.5916605028916e-05	1.6977105742819e-05	2.1763329544495e-05	6.0446124695248e-06	2.1103072100727e-45	0.50749901112563
17.872	-9.9961461901672e-37	1.7190932858196e-07	7.3644665298652e-06	8.8113758811021e-06	1.9416211543891e-05	1.0495569599761e-06	7.4199182239523e-46	0.50747467336407
18	-2.2748023982837e-37	9.055604709972e-08	4.7461672463254e-06	7.5919248296071e-06	1.8708483773448e-05	5.6681768027644e-07	5.1844212011701e-46	0.50746435291299
18.2	-4.5682586238166e-38	3.4859849790635e-06	5.7140061196473e-05	2.9148304475033e-05	1.762813435539e-05	1.9388919878999e-05	2.9727755601406e-46	0.50746733601648
18.48	3.6363098763826e-37	9.2057845707487e-07	2.3042490129129e-05	1.41265049502e-05	1.6263101003642e-05	5.3824485947851e-06	1.3871205803593e-46	0.50739638962082
18.872	-1.4639847252928e-35	1.4989535225355e-07	6.5648892518025e-06	6.9890775227206e-06	1.4540698128993e-05	9.3881487280999e-07	4.896584716358e-47	0.50731045898085
19	-5.1602753461427e-36	7.9073884763067e-08	4.234642625342e-06	5.937984933306e-06	1.4020237853501e-05	5.0771792579192e-07	3.4255614288017e-47	0.50728173726504
19.2	-1.1328849640242e-36	3.03101809346e-06	5.0535874069769e-05	2.5035968178376e-05	1.3223901870002e-05	1.7178806801336e-05	1.9679651654054e-47	0.5072288683413
19.48	1.0087880453619e-37	8.0251136348097e-07	2.040611862813e-05	1.1827213720204e-05	1.2217031860188e-05	4.7808537689139e-06	9.2034911610895e-48	0.50714180542603
19.872	3.2587876378862e-38	1.3110718159305e-07	5.8247624751374e-06	5.5891333827236e-06	1.0943729167015e-05	8.3654843557145e-07	3.2575668988662e-48	0.50702709413197
20	4.9608851582129e-38	6.9236619709487e-08	3.7597477195113e-06	4.6812361338243e-06	1.0558362090605e-05	4.5287847471891e-07	2.2809063235219e-48	0.5069891929003
20.2	4.1731322825855e-38	2.9225331156128e-06	4.9074961964916e-05	2.3426806411771e-05	9.9667362529184e-06	1.6775800060088e-05	1.3119539905773e-48	0.50691358627916
20.48	-1.245901943481e-37	7.7533234384468e-07	1.9839814895073e-05	1.0672293672935e-05	9.2194899130989e-06	4.6776742094189e-06	6.1452832920888e-49	0.50681425981735
20.872	3.3347307426313e-38	1.2700009875917e-07	5.6724379874707e-06	4.6980675582122e-06	8.2728560833854e-06	8.2055535422183e-07	2.1794779868886e-49	0.5066827710511
21	-1.6111260417747e-38	6.7126743237332e-08	3.663579521181e-06	3.8419164155857e-06	7.9859802965007e-06	4.4459735373412e-07	1.5270690404395e-49	0.50663989443339
21.2	4.8672635562967e-38	2.305224992389e-06	3.920736774758e-05	1.8573067652514e-05	7.5455406850831e-06	1.335843246849e-05	8.7950876987464e-50	0.5065138960364
21.48	-2.4255781044185e-38	6.12593723253e-07	1.5863202275958e-05	8.4101663528639e-06	6.9881336841017e-06	3.730830666761e-06	4.1256165238695e-50	0.5064319023237
21.872	2.9593004880853e-38	1.0056940165523e-07	4.541147784377e-06	3.6536960159636e-06	6.2808418358344e-06	6.5587222178023e-07	1.4656444392114e-50	0.50630369444167
22	6.5460775225324e-38	5.3197979816718e-08	2.9343373338573e-06	2.9737195890995e-06	6.0662476879291e-06	3.5563439362181e-07	1.0275106759208e-50	0.5062599066676
22.2	3.4858078882919e-38	2.0198913052111e-06	3.4335962968223e-05	1.6006233916647e-05	5.7363071330948e-06	1.1770187107294e-05	5.9237790793427e-51	0.50611021205752
22.48	1.0516742262824e-37	5.3758743194394e-07	1.3907196486543e-05	7.1246742596547e-06	5.31858194479e-06	3.2920817801906e-06	2.7820778571574e-51	0.50603718650745
22.872	1.0287692698128e-37	8.8438290712773e-08	3.9869434849306e-06	2.9813399618052e-06	4.7877552348785e-06	5.7988832677582e-07	9.8983013842752e-52	0.50591057577722
23	8.8220889337221e-38	4.6815127948215e-08	2.5775697261737e-06	2.3929791756838e-06	4.6265253154689e-06	3.1465445713122e-07	6.9430092233527e-52	0.50586629869109
23.2	6.8193875352846e-38	1.343238390943e-06	2.3096540644501e-05	1.0916618262666e-05	4.3793324949903e-06	7.8593337332375e-06	4.0080984679009e-52	0.50568150124666
23.48	-1.3381322845847e-37	3.5801421179925e-07	9.3610847823218e-06	4.9438462056825e-06	4.0649088678522e-06	2.2012793699319e-06	1.8848391541213e-52	0.50562858431567
23.872	-2.219414377782e-37	5.9012298051026e-08	2.6865670836898e-06	2.1455759824153e-06	3.6647400851395e-06	3.8847603087792e-07	6.7156240228223e-53	0.50551008828422
24	-7.9093097212067e-38	3.1260215396491e-08	1.7376206384556e-06	1.7455698228466e-06	3.543067808878e-06	2.1093382933418e-07	4.7129590982793e-53	0.50546642651042
24.2	-2.6003098746432e-38	4.106317401153e-07	8.2482311162432e-06	4.5563218659926e-06	3.3589806248588e-06	3.3634531108088e-06	2.7267510596361e-53	0.50532623779854
24.48	-4.5350452786488e-39	1.0959917641938e-07	3.3323879383371e-06	2.3114355324379e-06	3.1212190617841e-06	9.4331697475051e-07	1.284422777768e-53	0.5052545699497
24.872	1.7630679486772e-37	1.8099618246586e-08	9.5436892632416e-07	1.2415118950442e-06	2.8180690222889e-06	1.6677482349681e-07	4.582906751913e-54	0.50512257692218
25	4.0990497351481e-38	9.5942968058689e-09	6.1705135381768e-07	1.0816933055609e-06	2.725801382984e-06	9.0614021660076e-08	3.2178677302796e-54	0.50507590970126
25.2	3.2192392655787e-37	7.0932149213864e-06	0.00013692929019149	5.8702540486391e-05	2.5794405006505e-06	5.4223333718333e-05	1.8554667268816e-54	0.50574525862204
25.48	-1.7876317432241e-37	1.8958891673522e-06	5.5438762142251e-05	2.2885712094254e-05	2.3990361947941e-06	1.5228787017076e-05	8.7328613214618e-55	0.50518294670986
25.872	2.8822191464407e-37	3.1373899978195e-07	1.5913590461022e-05	6.6682752470464e-06	2.1690558084231e-06	2.6977376810367e-06	3.1195677344352e-55	0.50480286043541
26	1.333508349221e-37	1.6643028910466e-07	1.0296411646787e-05	4.4720720826691e-06	2.0989921147298e-06	1.4668086864901e-06	2.1913506846154e-55	0.50472097678945
26.2	1.9351074171159e-37	8.9122074673475e-06	0.00016674247265176	7.0074811971703e-05	1.9869570082701e-06	6.0274438987476e-05	1.2639297467984e-55	0.5053890737426
26.48	2.052495586493e-36	2.3854004177407e-06	6.7633403815891e-05	2.7279420208354e-05	1.8497736553428e-06	1.6951100527525e-05	5.9533336067908e-56	0.50479470129257
26.872	-1.1886689172945e-37	3.9550730600745e-07	1.9453635424394e-05	7.7919364250527e-06	1.6747045258513e-06	3.0084038975391e-06	2.1293514043498e-56	0.50439839359993
27	-8.6177233763966e-38	2.0995174217722e-07	1.2595224128523e-05	5.1450541802778e-06	1.6213182630385e-06	1.6368172288675e-06	1.4964617942186e-56	0.50431446921029
27.2	-1.2992922044147e-36	1.073947144272e-05	0.00019182003651121	8.0248794603207e-05	1.5354831458227e-06	6.8232289253098e-05	8.6361742853574e-57	0.50495731879046
27.48	-1.3419072779172e-36	2.8784394312043e-06	7.7980485557981e-05	3.1191058292498e-05	1.4308003340246e-06	1.9214654966824e-05	4.071463810654e-57	0.50438228497702
27.872	2.379919443917e-37	4.7816213991445e-07	2.2482901348269e-05	8.797401767848e-06	1.2970567691022e-06	3.4163466464349e-06	1.4581424872089e-57	0.50399117148831
28	8.8844647589974e-38	2.5400210384894e-07	1.4567283496789e-05	5.7525227351917e-06	1.2562342066436e-06	1.8599967405054e-06	1.0252321526791e-57	0.50390764913409
28.2	-5.9545995826365e-37	1.1143964602094e-05	0.00019654888121258	8.1931036322867e-05	1.1905021947198e-06	6.8866182344146e-05	5.9220102969532e-58	0.50444490837625
28.48	7.2348663467193e-37	2.990932722709e-06	8.0007725469318e-05	3.1839083792899e-05	1.1103339167361e-06	1.9418677700846e-05	2.7948372814478e-58	0.50393599362765
28.872	1.4431876607274e-37	4.9778163988637e-07	2.3104142415166e-05	8.9298343543547e-06	1.0077853671423e-06	3.4588310115231e-06	1.0022517592597e-58	0.50357511652804
29	6.9595845067671e-38	2.6460305312292e-07	1.4978041684812e-05	5.811288891595e-06	9.7645584692914e-07	1.8843545710795e-06	7.0502578546968e-59	0.50349566689128
29.2	-1.2571359118028e-36	1.1965455446563e-05	0.00021110902364054	8.7703252596093e-05	9.2580145912462e-07	7.3010995885698e-05	4.0751735217122e-59	0.50403139136853
29.48	-1.5240487079465e-36	3.2157861423132e-06	8.6016872292007e-05	3.4076306098309e-05	8.6418902311727e-07	2.061446853184e-05	1.9250825426124e-59	0.50353100623928
29.872	1.0782350565891e-37	5.3620930044849e-07	2.4871748336114e-05	9.5106119859888e-06	7.8529067810065e-07	3.6784363116666e-06	6.9125242340671e-60	0.50317112676993
30	4.2289456010462e-38	2.8522304348469e-07	1.6131661907109e-05	6.1633681191284e-06	7.6116538348658e-07	2.0053028137161e-06	4.8648531430049e-60	0.50309148408311
30.2	-6.086289233076e-37	1.3337216300575e-05	0.00023673942317123	9.8031757526963e-05	7.2189755638689e-07	8.0814699664396e-05	2.8133059540353e-60	0.50369671099921
30.48	-1.5688638210722e-36	3.5893394071892e-06	9.6538303610505e-05	3.809250902747e-05	6.7439124472281e-07	2.2847874231261e-05	1.3301372700091e-60	0.50315887416634
30.872	3.2475231984216e-37	5.9962476785548e-07	2.7946990053089e-05	1.0592372266334e-05	6.1349845525097e-07	4.0843359352942e-06	4.7823929275284e-61	0.50277648369923
31	1.0598856863864e-37	3.1917224921523e-07	1.8134373317074e-05	6.8416149011348e-06	5.9486325422861e-07	2.2280380823582e-06	3.3672998972955e-61	0.50269323669974
31.2	2.1314021566591e-36	1.1902714304252e-05	0.00021440942159489	8.8464307186081e-05	5.6457340483245e-07	7.1798716624321e-05	1.94935968649e-61	0.50316331708125
31.48	1.734226294384e-36	3.2076161362735e-06	8.747751138992e-05	3.441029925761e-05	5.2782650100585e-07	2.0325228207964e-05	9.2269901312611e-62	0.50269875306953
31.872	2.6091982281207e-37	5.3684894223466e-07	2.5347838862201e-05	9.5698890691677e-06	4.8066960053168e-07	3.6398351975123e-06	3.3218546411841e-62	0.50235550250633
32	6.9524980013151e-38	2.8594907692792e-07	1.6454268766381e-05	6.17740444351e-06	4.6622624803884e-07	1.9868413062984e-06	2.3400377185302e-62	0.50227813029234
32.2	1.3149393031756e-36	1.1279223363387e-05	0.00020410430548344	8.4063814877847e-05	4.4271377996264e-07	6.7781615706167e-05	1.3557976461057e-62	0.50269814688014
32.48	-1.0176383325284e-36	3.0436947535379e-06	8.3340155885567e-05	3.2723844374861e-05	4.1419599677855e-07	1.9212931776834e-05	6.4240305226708e-63	0.50226853090587
32.872	-5.4463980910428e-37	5.1035981710274e-07	2.4177441988868e-05	9.0976062025189e-06	3.7756176436778e-07	3.4467660315582e-06	2.3157727314029e-63	0.50194365137426
33	-1.9964097027848e-37	2.720223350235e-07	1.5701558447305e-05	5.8675327111324e-06	3.6633264192141e-07	1.882668983815e-06	1.6320850668498e-63	0.50186900269049
33.2	6.4836217642091e-38	1.0362968219772e-05	0.00018841062678531	7.7482435646404e-05	3.4804243873213e-07	6.209550257959e-05	9.4644871420305e-64	0.50221691203096
33.48	3.9145271351631e-36	2.8002097184269e-06	7.6993215303724e-05	3.0187669274542e-05	3.2584347673874e-07	1.7623959559469e-05	4.4891335907064e-64	0.50183075730987
33.872	9.4579635001152e-37	4.7040239435968e-07	2.2362301689671e-05	8.3941143017184e-06	2.9729775115526e-07	3.1673164945173e-06	1.6203845684331e-64	0.50152944714335
34	3.6182913957258e-37	2.508929637267e-07	1.4529240444735e-05	5.4114164851328e-06	2.8854147290585e-07	1.7311461543854e-06	1.1425344579435e-64	0.50145837639916
34.2	1.7712515083111e-36	1.0234811453198e-05	0.00018588220123438	7.6404244159863e-05	2.7422748985366e-07	6.1173493352385e-05	6.6299340886311e-65	0.50179197212163
34.48	-7.9343997677495e-37	2.7693070535547e-06	7.603340574886e-05	2.9788043497796e-05	2.5689776090286e-07	1.7384802408133e-05	3.1476357214644e-65	0.50141754383374
34.872	-4.0252856176187e-37	4.660759187115e-07	2.2112473412005e-05	8.2815367947354e-06	2.345943642952e-07	3.1299024165642e-06	1.1376324609981e-65	0.5011224952417
35	-1.8782434406767e-37	2.4875253412818e-07	1.4373825905119e-05	5.3354179804527e-06	2.2774815395824e-07	1.711804502701e-06	8.0252055961813e-66	0.50105239717029
35.2	-4.2823642379693e-37	8.2179508788398e-06	0.00015013889537848	6.1635877283602e-05	2.1660830442924e-07	4.9040804250826e-05	4.662392143885e-66	0.50123324434949
35.48	-2.1692337626792e-37	2.2265716621727e-06	6.1458224557553e-05	2.4055643063681e-05	2.0304244854698e-07	1.3954736177827e-05	2.2161156165449e-66	0.50094583746587
35.872	4.855897487583e-37	3.7542094282024e-07	1.789373637233e-05	6.6968910476909e-06	1.8556454359334e-07	2.516778863248e-06	8.0201170980218e-67	0.5006986180008
36	1.4772838973497e-37	2.0050160097249e-07	1.163658329533e-05	4.3162970209319e-06	1.8019598627547e-07	1.3773561846076e-06	5.6603054052522e-67	0.50063582306608
36.2	9.6988435912783e-37	7.9264306995777e-06	0.00014350465849917	5.8975089969254e-05	1.7143718081472e-07	4.720994710004e-05	3.2907416564361e-67	0.50079072839085
36.48	4.3551022860182e-37	2.1504690480407e-06	5.881146299005e-05	2.3031573039631e-05	1.6078853737088e-07	1.345110737402e-05	1.5656469405008e-67	0.50052560473821
36.872	3.141495220376e-37	3.6326012449957e-07	1.7148455273711e-05	6.4125008558868e-06	1.4705840211653e-07	2.4302486531824e-06	5.6734098750838e-68	0.50029017864341
37	1.2163122543738e-37	1.941367599016e-07	1.1157730952208e-05	4.1316181739448e-06	1.4283841903254e-07	1.3308583371906e-06	4.0059553253116e-68	0.50022916845898
37.2	9.4111079657234e-39	6.2296227391128e-06	0.00011307447480634	4.6445415934182e-05	1.3599038334642e-07	3.7071342311682e-05	2.3316851700069e-68	0.5002616047528
37.48	-1.4948585958311e-37	1.6923803221477e-06	4.6379033159895e-05	1.8156448733247e-05	1.2761080330489e-07	1.0575959046479e-05	1.1106471390322e-68	0.50006765575284
37.872	2.490206888236e-37	2.8640278087533e-07	1.3539589740002e-05	5.0622953901735e-06	1.1679575589014e-07	1.9141394466397e-06	4.0299143369986e-69	0.49987121028422
38	6.7084421915791e-38	1.5316350870962e-07	8.8136034950551e-06	3.2633281563135e-06	1.1346977805081e-07	1.0488951657534e-06	2.8468345891853e-69	0.4998161153966
38.2	-6.6915952563789e-39	5.3973468622193e-06	9.7123618262829e-05	3.9943456204686e-05	1.0808103605385e-07	3.2079399798105e-05	1.6585435877148e-69	0.49979024311147
38.48	-1.4091020525854e-37	1.4682395263673e-06	3.9882361158854e-05	1.5626258415538e-05	1.0147028675915e-07	9.1635857573337e-06	7.9084647568356e-70	0.49963559924046
38.872	-2.2558584192602e-37	2.489277896658e-07	1.1659977042937e-05	4.3600854668941e-06	9.2931261191199e-08	1.6614338585546e-06	2.8732753454437e-70	0.49946026123461
39	-9.9922841795008e-38	1.3321107846957e-07	7.593987968473e-06	2.8110470181001e-06	9.0303801260295e-08	9.1100285444022e-07	2.030706232468e-70	0.49940832403198
39.2	-2.4379486576106e-38	4.6568256224806e-06	8.3319044612111e-05	3.429473135168e-05	8.605473142867e-08	2.7655443256041e-05	1.1841638219698e-70	0.49933063593768
39.48	3.0424678244635e-37	1.2684902602124e-06	3.4250494435369e-05	1.342687005627e-05	8.0827626167016e-08	7.9100276237969e-06	5.6524271120127e-71	0.49920869966776
39.872	3.2714557726146e-37	2.1545717413089e-07	1.0027438584594e-05	3.7495732011428e-06	7.4070657297675e-08	1.4366787806439e-06	2.0562889386444e-71	0.499051028164
40	9.6249717990109e-38	1.1537636277264e-07	6.534011010999e-06	2.4178869040035e-06	7.1990477216472e-08	7.8826926130243e-07	1.4539753866174e-71	0.49900174191801
