# Time [h]	MS [g/L]	AA [g/L]	Butyric [g/L]	MO_AcidoLCFA [g/L]	MO_ButyricValeric [g/L]	Propionic [g/L]	Carbondioxide [g/L]	MO_hydroM [g/L]	Valeric [g/L]	MO_acetoM [g/L]	LCFA [g/L]	MO_AcidoMS [g/L]	Methane [g/L]	MO_AcidoAA [g/L]	MO_Propionic [g/L]	Hydrogen [g/L]	Acetic [g/L]	Nitrogen [g/L]	NH4N [g/L]
0.2	5.2928919593074e-05	0.00016544488130289	0.00077801484237368	1.3686061478547	1.9553509763692	0.0018622296547184	0.71367935688996	3.1907853886359	0.00021227165735525	1.8574129593075	0.0024943042452768	6.9973176568099	0.060684615800246	1.018744702616	1.1320354428818	9.1518613877662e-09	1.285007761723	2.1245928281369	2.0805541499823
0.48	-1.0582488461957e-06	1.5000661738693e-05	0.00011645087139293	1.3683811633038	1.9549978217288	0.00051477781279066	0.63531982384639	3.1904758244069	3.3002068393935e-05	1.8642873119411	0.002125812928965	6.9956962992375	0.061487076260915	1.0185204127327	1.131870545072	2.7686496762306e-09	1.1023534096637	1.7046573616443	1.7008214023639
0.872	3.4973508447493e-08	4.5132505154892e-07	7.8749896676586e-06	1.3680442616858	1.9543782530426	7.9576548513811e-05	0.54290195315422	3.1896258652155	2.2218598314101e-06	1.8737081421349	0.0016994510482374	6.9934206525245	0.060110474075991	1.0181902873718	1.1315324285396	9.4402084689144e-10	0.85096739322437	1.2959786822429	1.2959151208755
1	3.0103041713696e-09	1.4323064433002e-07	3.0634605127627e-06	1.3679295881507	1.954171349822	4.040226711859e-05	0.51473453866694	3.1893212025641	8.4799450928553e-07	1.8767241743971	0.0015787061835248	6.9926777182017	0.059465968364188	1.0180821467219	1.1314148622157	7.6358712813934e-10	0.77032790204635	1.1867042394959	1.1867030736769
1.2	3.4729121999479e-11	2.5212506868513e-08	4.3790297783192e-05	1.3677459583005	1.9538544860024	0.00026217684310175	0.51320489337427	3.188869586882	1.5123478423634e-05	1.8813443827421	0.0013970501745988	6.9915170384079	0.059618555842986	1.0179131699867	1.1312398615459	1.4706811518106e-09	0.65417201795821	1.0350341278533	1.0350341139349
1.48	-6.7259136714351e-13	2.2963102136332e-09	6.1827359543658e-06	1.3674808653722	1.953406293834	6.8334778474705e-05	0.45939578757514	3.1882147230818	1.9653003459588e-06	1.8875403242292	0.0011884124763989	6.9898924108342	0.057258817415035	1.017676638042	1.1309903263731	7.0089554903833e-10	0.48748152598578	0.85548557295258	0.85548556318857
1.872	2.2255563120785e-14	6.9692379466157e-11	3.982420451212e-07	1.3670968535707	1.9527717166441	1.0100158823148e-05	0.40222671283117	3.1872413993224	1.1124424398935e-07	1.8952903722465	0.00094880732797789	6.9876185674692	0.052231814364224	1.0173455833492	1.1306263236576	4.1146227544847e-10	0.2788694956254	0.65604547601295	0.65604547041737
2	1.9258090269977e-15	2.2178437043971e-11	1.5380790862303e-07	1.3669688023133	1.9525643025336	5.0827877138679e-06	0.38602541402185	3.1869185798008	4.1383191729058e-08	1.8975328697239	0.0008811527670485	6.9868762483892	0.050159550503409	1.0172375071565	1.1305065463938	3.6884713361146e-10	0.21815558782217	0.60122586124943	0.6012258564417
2.2	2.3063846999033e-17	3.9246053417699e-12	2.0441509922394e-05	1.3667662329873	1.9522436299057	0.00010208584038506	0.38085558786006	3.1864263276158	7.1802456141014e-06	1.9005256146429	0.00078035179894552	6.9857165316004	0.04673937492927	1.017068660934	1.130323749478	6.8768728183365e-10	0.14324186039115	0.52474005162783	0.52474004776304
2.48	-4.3917885530771e-19	3.6052575372438e-13	2.8847042726028e-06	1.3664781500542	1.9517927171658	2.6364119189224e-05	0.33033755744661	3.1857277466703	9.3455063313184e-07	1.9033408013133	0.00066367425315186	6.9840932478358	0.037262796640277	1.0168323227918	1.13006635009	3.5634947699793e-10	0.063935184725432	0.4340212065162	0.43402120358877
2.872	1.4581766998175e-20	1.1099890650376e-14	1.8665729465313e-07	1.3660676115604	1.9511581963964	3.9024668915116e-06	0.26407603417462	3.1847251942408	5.3181634404169e-08	1.9047749349897	0.0005298312731296	6.9818212781622	0.022942644754917	1.0165015407936	1.1297002483645	2.2520585062993e-10	0.017426891644834	0.33330867925241	0.33330867719336
3	1.2717849737691e-21	3.5486110023586e-15	7.2247833969229e-08	1.3659320751777	1.9509509334221	1.9687117918894e-06	0.24611531384303	3.1843955122407	1.9827641024592e-08	1.904912510329	0.00049208209797119	6.9810795699242	0.019305201209311	1.0163935535573	1.1295803640988	2.0384570382518e-10	0.010710281932419	0.30563492747749	0.30563492563159
3.2	1.5765963211334e-23	6.3334945644325e-16	7.5257538156986e-06	1.3657189285484	1.9506283622012	3.1839588370739e-05	0.22340787014	3.1838838169827	2.6412881962604e-06	1.9049502716593	0.00043654817421863	6.9799208083931	0.01577892189292	1.0162248464468	1.1293944126205	2.9732276258127e-10	0.0077964907478918	0.2670135770111	0.26701357544701
3.48	-2.9659557084821e-25	5.8999457123774e-17	1.0653102699279e-06	1.3654180494919	1.9501760945432	8.245784064427e-06	0.1896330698031	3.1831634699861	3.4537711364494e-07	1.9048195926391	0.00037147753762738	6.9782988646639	0.011727892598461	1.0159887034341	1.1291336247741	1.7822414155581e-10	0.0041700051669522	0.22115659465561	0.22115659340457
3.872	9.92169075449e-27	1.8612597505125e-18	6.9529126331846e-08	1.3649928218739	1.9495418401608	1.2312950710132e-06	0.15960221861495	3.1821457484701	1.9844460705003e-08	1.9044826831225	0.00029684047607785	6.9760287757438	0.0089691795231936	1.015658195274	1.1287667855466	1.2335446787978e-10	0.002985457501188	0.17015177677976	0.17015177585239
4	8.7694076008026e-28	6.0002752548794e-19	2.7011704786261e-08	1.3648531554079	1.9493347381911	6.2352245115353e-07	0.1521508193575	3.1818124268605	7.4270256268791e-09	1.9043615876016	0.00027580319018387	6.975287682102	0.0085005171542061	1.0155502975199	1.1286469123171	1.1290254820409e-10	0.0028759731595558	0.15612324772229	0.15612324687981
4.2	1.1420309890703e-29	1.0870052422602e-19	1.9461052089954e-06	1.3646341801087	1.9490114992942	7.6190586401706e-06	0.13954351581311	3.1812920913354	6.7506866235325e-07	1.904179061278	0.00024528948667992	6.9741298810263	0.0087245919704002	1.0153817302451	1.1284599459323	1.2839513650386e-10	0.0032101607224085	0.13653659410435	0.13653659337759
4.48	-2.1260459413023e-31	1.0376355592976e-20	2.7770472773956e-07	1.3643262686382	1.9485588605739	1.9869690168532e-06	0.12348762922099	3.180562065557	8.9072653837372e-08	1.9039173498874	0.00020902681514804	6.9725092822698	0.008318039016629	1.0151457830501	1.1281981185977	9.1143221914091e-11	0.0028796158456655	0.11327284726633	0.11327284667297
4.872	7.2189191305145e-33	3.4272168206567e-22	1.8406549829239e-08	1.3638930106485	1.9479250201251	3.0037522714603e-07	0.1087775752683	3.1795368792962	5.2034310011456e-09	1.9035356431949	0.0001674108812004	6.9702410764933	0.0080335605808473	1.0148155490618	1.1278312225368	6.8348391414141e-11	0.0027874553426128	0.087391584627098	0.087391584177227
5	6.5399126921231e-34	1.1230515527248e-22	7.1970706154347e-09	1.3637510958982	1.9477180852781	1.5291593013745e-07	0.10494189997558	3.1792017043615	1.9604990378458e-09	1.9034099324529	0.00015568561913303	6.9695005976654	0.0080021220097	1.0147077408201	1.1277114179954	6.3143633819687e-11	0.0027816353111738	0.080272603426652	0.080272603015381
5.2	9.2775451095958e-36	2.0921645641743e-23	3.7993916621418e-07	1.3635289532685	1.9473948533647	1.441466465912e-06	0.097935992807772	3.1786778886861	1.2898647658046e-07	1.9032143121195	0.0001388590293321	6.9683437569946	0.008456106876598	1.014539313373	1.1275243044783	6.1549075050835e-11	0.0028281450299898	0.070333400999925	0.070333400641937
5.48	-1.6999443529866e-37	2.0916730514297e-24	5.5072547948437e-08	1.3632172333007	1.9469423816159	3.8005609695091e-07	0.08927330330022	3.1779439226689	1.7302501686946e-08	1.9029395254228	0.00011864777880779	6.9667245026301	0.008377434222915	1.0143035619115	1.1272623730781	4.9113190621784e-11	0.0028032024775629	0.058527995509388	0.058527995213784
5.872	5.9782911105628e-39	7.5938729802826e-26	3.7524227476829e-09	1.3627796602977	1.946309035418	5.8567643769323e-08	0.081239218578743	3.1769152715293	1.0408548159322e-09	1.9025526486002	9.5442516761324e-05	6.9644581786302	0.0082984158618359	1.013973601896	1.1268956886289	3.8615613268175e-11	0.0028152298018024	0.045393545812976	0.045393545585656
6	8.0925991196525e-40	2.5754792001412e-26	1.4840689735196e-09	1.3626365457872	1.9461022709209	3.0073994478555e-08	0.079121091706428	3.1765792135564	3.9683256302859e-10	1.9024261274596	8.8906108288114e-05	6.963718314134	0.0082949801061593	1.0138658830965	1.1267759755274	3.5890756884914e-11	0.0028226149097949	0.041780670293149	0.04178067008441
6.2	-1.3736385605537e-41	5.0854999034067e-27	4.8390751064119e-08	1.3624127200561	1.9457792526147	1.8311534843759e-07	0.075203722177058	3.1760540095578	1.5832051017612e-08	1.9022282942153	7.9589059328298e-05	6.9625624332101	0.0086499323942798	1.0136975953814	1.1265889554369	3.2763277008614e-11	0.0028391081453659	0.036736586361626	0.036736586178682
6.48	5.6937695985998e-40	5.605575142099e-28	7.2145884575536e-09	1.3620989911686	1.9453271124751	4.9119718997898e-08	0.070337103739746	3.1753184816447	2.1870087047425e-09	1.9019510109486	6.8321570400233e-05	6.9609445222389	0.0085841208422156	1.0134620395081	1.1263271760732	2.7685255810671e-11	0.0028646207705267	0.030745359235329	0.030745359082806
6.872	2.427464686797e-40	2.5042884118249e-29	5.1607039271337e-10	1.3616591751454	1.9446942849889	7.8144002238012e-09	0.065876052079093	3.1742883749416	1.38526327297e-10	1.9015622349123	5.5379240661224e-05	6.9586800784903	0.0085118308257742	1.0131323532434	1.1259607767878	2.232651056652e-11	0.0029113595876965	0.024079498455623	0.024079498336675
7	1.5924925746846e-40	9.1607687050894e-30	2.0818520872617e-10	1.3615154453397	1.9444876917441	4.0714470097879e-09	0.064704840664772	3.173951956737	5.3909221834358e-11	1.9014352099924	5.1733430122676e-05	6.9579408278212	0.0085046495249886	1.0130247238126	1.1258411613515	2.0846553404101e-11	0.0029279097526076	0.022245907804641	0.022245907694879
7.2	5.4360176478652e-41	2.0516889893945e-30	2.2867031018751e-08	1.3612907646248	1.9441649371465	8.2346996212273e-08	0.062520067056842	3.1734262712458	7.1300617784078e-09	1.9012365487862	4.6540873084335e-05	6.9567859058716	0.0087841054878185	1.0128565757171	1.1256542910354	1.9069124939826e-11	0.0029578146207443	0.019685949012786	0.019685948915812
7.48	2.2191161166505e-40	2.7820012855796e-31	3.5772531003986e-09	1.3609760322125	1.9437131687497	2.2859455353101e-08	0.05970378019689	3.1726902445826	1.0355314528799e-09	1.9009580988369	4.025237455098e-05	6.9551693371991	0.0087117305788145	1.0126212152727	1.1253927236278	1.6293541216792e-11	0.0030071497230337	0.016645277407481	0.016645277325643
7.872	6.9644384562817e-41	1.8730600887079e-32	2.7763819379563e-10	1.3605351309158	1.9430808657744	3.8461568173863e-09	0.05722065745981	3.1716597347835	7.1523666998524e-11	1.9005676697205	3.3020458898802e-05	6.9529067721476	0.0086335332025132	1.0122918025324	1.1250266268103	1.3312185307199e-11	0.0030898223304352	0.013262174021584	0.013262173956519
8	1.7984600917472e-40	7.888513066113e-33	1.156524380134e-10	1.3603911124468	1.9428744439075	2.0526401625634e-09	0.056580519235257	3.171323242806	2.8775882135134e-11	1.9004401166537	3.0980876164193e-05	6.9521681347973	0.0086224072570658	1.0121842623963	1.124907110482	1.2484885515663e-11	0.0031182159669371	0.012331563825466	0.012331563765002
8.2	1.673329103635e-40	2.2051637162887e-33	2.3932426407234e-08	1.360166040387	1.9425519570094	8.4587341995e-08	0.055367417306824	3.1707974937449	7.0137871541461e-09	1.9002405859167	2.8070770647863e-05	6.9510141710276	0.0088573493245286	1.0120162538049	1.1247203950717	1.1641642527032e-11	0.003167832108799	0.011032290853635	0.011032290799586
8.48	-2.4967687370331e-40	4.1541655487023e-34	4.0364623784452e-09	1.3598508686595	1.9421005634695	2.4689106790045e-08	0.053678229094536	3.1700614725247	1.1017118836296e-09	1.8999608704595	2.4541084720802e-05	6.949398943541	0.0087803266273821	1.0117810886272	1.1244590446941	9.9742357147289e-12	0.0032470808783409	0.0094890207207777	0.0094890206743345
8.872	-1.5266653856855e-38	4.7316259924404e-35	3.5441761981924e-10	1.3594095319693	1.941468785133	4.508146310142e-09	0.052300169485813	3.1690311255598	8.6750684390753e-11	1.8995686352014	2.046416810955e-05	6.9471382556284	0.0086979999479763	1.0114519491846	1.1240932516866	8.2581093042453e-12	0.0033735397344148	0.0077719127546403	0.0077719127166424
9	-4.2126792175445e-39	2.3477839163813e-35	1.5457606045855e-10	1.3592654081919	1.9412625345286	2.4891040635836e-09	0.051959133739942	3.1686947185313	3.6605318234846e-11	1.8994405166522	1.9309836827928e-05	6.9464002310885	0.0086845474078146	1.0113444982692	1.1239738345294	7.7863150134004e-12	0.003415819953147	0.0072995623289469	0.0072995622932689
9.2	-9.0032495905399e-41	8.3366105715034e-36	3.9011910902381e-08	1.3590402050665	1.940940316857	1.3588117052219e-07	0.051293084532033	3.1681691371422	1.0650217630395e-08	1.8992401050243	1.7653950581469e-05	6.9452472247054	0.0088942226522409	1.0111766290661	1.1237872758134	7.6497385119666e-12	0.0034872564234466	0.006640079958018	0.0066400799255768
9.48	-6.7629971635156e-41	2.1568954646461e-36	7.2849082357055e-09	1.3587249106308	1.9404892994974	4.2451576326408e-08	0.050232616478491	3.1674334022192	1.8602271104979e-09	1.8989591990947	1.5637697361573e-05	6.9436333372938	0.0088150955555594	1.0109416589935	1.1235261445991	6.4535827310991e-12	0.0035963718623485	0.0058567263626074	0.0058567263340075
9.872	1.139006258182e-40	3.7654023480225e-37	7.4920919725892e-10	1.3582835023868	1.939858045717	8.6030015782853e-09	0.049478479974777	3.1664035346455	1.7325782231516e-10	1.898565477152	1.3284993984083e-05	6.9413745249645	0.0087313888944729	1.010612792622	1.1231606559984	5.3805811280033e-12	0.0037604901507655	0.0049850805464911	0.004985080522161
10	-3.1963050306088e-40	2.1286003426059e-37	3.452203306204e-10	1.358139375721	1.9396519662564	4.9465514734949e-09	0.049307394450107	3.1660673012035	7.7397267854422e-11	1.8984369340216	1.2613128073825e-05	6.9406371127277	0.0087169609705816	1.0105054308534	1.1230413380243	5.0973296120539e-12	0.0038136147876129	0.0047452848056175	0.0047452847824611
10.2	-9.4014565355485e-40	9.0884020350035e-38	7.7289281027543e-08	1.3579141865789	1.9393300199378	2.6690583549784e-07	0.048952800172181	3.165542021383	1.9738921481184e-08	1.8982359561291	1.1639166874554e-05	6.9394850629397	0.0089128901795163	1.0103377009236	1.1228549384489	5.7451768302506e-12	0.0039000870962469	0.0044104687515874	0.0044104687300694
10.48	6.6912711612928e-39	2.9695433571378e-38	1.6161369714943e-08	1.3575989451105	1.9388793809328	8.9965046614684e-08	0.048249864099231	3.1648067356462	3.8793899915437e-09	1.8979544486223	1.044520438453e-05	6.9378725144955	0.0088338302449274	1.0101029257947	1.1225940296893	4.5366797462738e-12	0.0040250094117307	0.0040127268982311	0.0040127268786585
10.872	4.8599050622474e-41	6.9363271767807e-39	1.9581607393587e-09	1.3571576655812	1.9382486519463	2.0313158822331e-08	0.047855124177673	3.1637775246874	4.2991326623443e-10	1.8975602966783	9.0288223106911e-06	6.9356155762001	0.0087511514716021	1.0097743322688	1.1222288467453	3.7063716855486e-12	0.0042008383588732	0.0035700815526185	0.0035700815352099
11	6.7265358465206e-41	4.2876399301299e-39	9.5146330808455e-10	1.3570135920275	1.9380427435423	1.214476548765e-08	0.047782481828026	3.1634415136434	2.0292577358913e-10	1.8974316938192	8.6190599855389e-06	6.9348787757615	0.0087366586496667	1.0096670595735	1.1221096280641	3.5128060792954e-12	0.0042557768884261	0.003448284315863	0.0034482842990496
11.2	6.1817828019832e-42	2.0743682212713e-39	1.0853279061721e-07	1.3567884957758	1.937721066878	3.7869111302949e-07	0.047609080005074	3.1629165988444	2.6159483830407e-08	1.8972307689981	8.0173646439547e-06	6.9337276817792	0.0089255550373683	1.0094994688019	1.1219233862582	4.7219196790496e-12	0.0043417164581432	0.0032781958219028	0.0032781958059203
11.48	-2.6251613428361e-38	7.9047338166005e-40	2.5109848871224e-08	1.3564734020885	1.9372708048162	1.3652154856698e-07	0.047114285386098	3.1621818394807	5.7130606549275e-09	1.8969495836637	7.2724159176621e-06	6.9321164711977	0.0088477131174617	1.0092648884559	1.1216626984602	3.4299551837784e-12	0.0044592891535799	0.0030760920768789	0.0030760920618837
11.872	-9.3936041448353e-40	2.2163217443955e-40	3.4884748419522e-09	1.3560323581023	1.9366406001329	3.3724313476128e-08	0.046930974878056	3.1611533764593	7.3175091140912e-10	1.896556295354	6.3715343184639e-06	6.9298614053898	0.0087668615169151	1.0089365675503	1.1212978207342	2.6823409651058e-12	0.0046143908885767	0.0028510846469279	0.0028510846330315
12	-5.7911835571016e-40	1.447877489388e-40	1.7671679240196e-09	1.3558883672701	1.9364348626579	2.0785919358145e-08	0.046916314026507	3.1608176133119	3.6066945041641e-10	1.8964280281571	6.1071743378771e-06	6.9291252162447	0.0087525645419286	1.0088293838548	1.1211787012807	2.5303653335567e-12	0.0046612296774979	0.0027891491642579	0.0027891491506639
12.2	-1.3195709111874e-40	7.5619260538196e-41	1.2851008949212e-07	1.3556634054018	1.9361134540603	4.595526330574e-07	0.046850031707419	3.1602930948262	2.9495246636009e-08	1.8962277359774	5.7139339529164e-06	6.9279750772798	0.0089377601069407	1.0086619321267	1.1209926159049	4.1000940349843e-12	0.0047319624258165	0.002702625696665	0.0027026256834935
12.48	-3.3979041636531e-40	3.1601183505087e-41	3.2029423174548e-08	1.3553485090097	1.935663567289	1.7393860929117e-07	0.046477300861412	3.1595588990471	6.9613565584021e-09	1.8959475868665	5.2225829810468e-06	6.9263652034563	0.0088608398175105	1.0084275464028	1.1207321473448	2.7407537982349e-12	0.0048242691960532	0.0025997659985819	0.0025997659859124
12.872	8.4137247075665e-41	9.8520673707043e-42	4.8952751281264e-09	1.3549077559922	1.9350338861952	4.5723573729489e-08	0.046417713811799	3.1585312297461	9.8617135721756e-10	1.8955559254276	4.6182243445413e-06	6.9241120085881	0.0087808989184728	1.0080994978922	1.1203675740518	2.0176100833842e-12	0.0049396540794392	0.0024851666820202	0.0024851666699101
13	-1.566918343499e-40	6.6429468108562e-42	2.5497271184999e-09	1.3547638631837	1.9348283194938	2.8752583714605e-08	0.046436739713164	3.1581957274264	5.0030711729831e-10	1.8954281913264	4.4387405230034e-06	6.9233764302311	0.0087665723482568	1.0079924031229	1.1202485536937	1.8854386646713e-12	0.0049735146789165	0.0024536013994995	0.0024536013875435
13.2	-6.9309515882835e-41	3.6239824362578e-42	1.3059180571793e-07	1.3545390571352	1.9345071771338	4.8158790854071e-07	0.046432670805835	3.1576716176934	2.8563289338622e-08	1.8952287606378	4.1689722770012e-06	6.9222272454922	0.0089494105015494	1.007825090323	1.1200626229109	3.5492466123067e-12	0.0050231625885959	0.0024094766792098	0.0024094766674691
13.48	-1.2804401824195e-39	1.5950525276073e-42	3.413200354975e-08	1.3542243836599	1.9340576634903	1.8782871085829e-07	0.046129473492493	3.1569379991695	7.0836366425871e-09	1.8949498308914	3.8296224103711e-06	6.9206187073197	0.0088724851249001	1.00759089906	1.1198023709479	2.2284473339824e-12	0.0050858252147665	0.0023569760621507	0.0023569760506662
13.872	9.3729251035113e-41	5.2727427757646e-43	5.5325785104586e-09	1.3537839504831	1.9334285049816	5.1261496337943e-08	0.046139207839158	3.1559111444825	1.0677032442668e-09	1.8945598287269	3.407056196389e-06	6.9183673818407	0.0087922064450037	1.0072631227185	1.1194381006713	1.5487873957294e-12	0.0051611340777983	0.0022984107100184	0.0022984106988197
14	8.3177358272381e-42	3.6172654197633e-43	2.9301783237578e-09	1.3536401637225	1.9332231088607	3.2616935209429e-08	0.04617685198453	3.1555759093078	5.5114290286249e-10	1.8944326043179	3.2804957530637e-06	6.9176324137651	0.0087775872576519	1.0071561168017	1.1193191791673	1.4320054460141e-12	0.0051827657979154	0.0022822612735832	0.0022822612624632
14.2	7.6392371347863e-41	2.0209438294132e-43	1.2339956344384e-07	1.3534155248091	1.9329022318777	4.6715283523296e-07	0.046207083917106	3.1550522148898	2.5699719048357e-08	1.8942339475142	3.0888332987846e-06	6.9164841824606	0.008958691363674	1.0069889428148	1.1191334019236	3.0460610884685e-12	0.0052136675434889	0.0022596616237999	0.0022596616127902
14.48	-8.387274829752e-40	9.1490010594685e-44	3.3162633543647e-08	1.3531010879309	1.9324530901985	1.852633691888e-07	0.045941378001327	3.154319180719	6.5610717401544e-09	1.8939560409201	2.846775183416e-06	6.9148769788303	0.0088811657772158	1.0067549458513	1.1188733650047	1.8210347594227e-12	0.0052519948334493	0.0022327325553035	0.0022327325444252
14.872	-8.6487785051752e-41	3.1213896205548e-44	5.5603494747296e-09	1.3526609903104	1.9318244535015	5.1626806676024e-08	0.045987553031836	3.153293151439	1.0248150073145e-09	1.8935673348499	2.5429279201208e-06	6.9126275211879	0.0087999678168142	1.006427441453	1.1185093967282	1.2018123675952e-12	0.0052969056112756	0.0022026277101721	0.0022026276994407
15	4.7432358196257e-41	2.1613790123096e-44	2.9730122669573e-09	1.3525173140341	1.9316192277822	3.3063545860161e-08	0.046034822201342	3.1529581867493	5.3425268892367e-10	1.8934404952446	2.451425221819e-06	6.9118931628867	0.0087849843708844	1.0063205243148	1.1183905738786	1.0994979146029e-12	0.0053096226541863	0.0021943097079252	0.0021943096972344
15.2	-3.0852796069495e-41	1.2229459259634e-44	1.239781361121e-07	1.3522928485815	1.9312986168118	4.7648486466463e-07	0.046082801386015	3.1524349157051	2.4664250539128e-08	1.8932424086025	2.3119382317886e-06	6.9107458842247	0.0089648363184096	1.0061534890256	1.118204950843	2.7613142454076e-12	0.0053274495204656	0.0021826460943599	0.002182646083726
15.48	-1.0692447620041e-39	5.6206051557312e-45	3.384600610968e-08	1.3519786560769	1.9308498476536	1.906570714656e-07	0.045836210320931	3.151702475977	6.4006907816755e-09	1.8929652305506	2.1356482840982e-06	6.9091400140276	0.0088866256179503	1.0059196862001	1.1179451298934	1.5527724666748e-12	0.0053492420868986	0.0021687115495193	0.0021687115389533
15.872	1.5548831470386e-40	1.9505013479976e-45	5.7836880047297e-09	1.3515389031638	1.9302217325382	5.3734003551012e-08	0.045900352914135	3.150677280876	1.0199471700794e-09	1.8925774114085	1.9132327487586e-06	6.90689242267	0.0088045482960638	1.005592453519	1.1175814637894	9.5528815370922e-13	0.0053745170241362	0.0021530740662496	0.00215307405576
16	8.577926005391e-41	1.3574270434644e-45	3.1090443388666e-09	1.3513953400023	1.9300166770929	3.4535398755439e-08	0.045952269562624	3.1503425889403	5.3468292458598e-10	1.8924508307818	1.8460179938647e-06	6.9061586736363	0.0087892706453212	1.0054856250857	1.1174627395603	8.6056683061498e-13	0.0053816239024796	0.0021487378333197	0.0021487378228511
16.2	2.5596057452678e-40	7.7367368781049e-46	1.0112458264474e-07	1.3511710518071	1.9296963299629	3.9487275327501e-07	0.0460086451851	3.149819736089	1.9278162922347e-08	1.8922531129644	1.7432837646825e-06	6.9050123468248	0.0089682963727634	1.0053187283789	1.117277268112	2.2126116366102e-12	0.005390939252183	0.0021426379295531	0.0021426379191144
16.48	1.8932812162283e-39	3.5858246044601e-46	2.7853601224691e-08	1.3508571084241	1.9292479307477	1.5868716438238e-07	0.045771110759615	3.1490878828373	5.0494976515806e-09	1.8919763983078	1.6131629172032e-06	6.9034078089527	0.0088895869879495	1.00508511953	1.1170176592882	1.224836478795e-12	0.0054030748987726	0.0021353159981121	0.002135315987709
16.872	4.7181784941657e-40	1.2561230586574e-46	4.8112807302156e-09	1.3504177059242	1.9286203360456	4.498692629894e-08	0.045843455320571	3.1480635209756	8.1381212821684e-10	1.8915891482588	1.4484352916108e-06	6.9011620823295	0.0088069028948673	1.0047581583405	1.1166542933197	7.3784723669069e-13	0.0054170039706796	0.0021270389394902	0.0021270389291276
17	6.5692130386287e-41	8.7664987408518e-47	2.5943537304632e-09	1.3502742575421	1.9284154506607	2.8968881052657e-08	0.045897451301458	3.1477291023407	4.2799746772398e-10	1.8914627349155	1.3985365014677e-06	6.9004289420572	0.0087914339714274	1.0046514185383	1.1165356673745	6.6138195961974e-13	0.0054208970326358	0.002124728333476	0.0021247283231247
17.2	5.0066395625846e-41	5.0167318652631e-47	9.0578539238749e-08	1.3500501490252	1.9280953682827	3.5408964719585e-07	0.045957581945092	3.1472066734001	1.6697292361361e-08	1.8912652575089	1.3220316990111e-06	6.8992835663058	0.0089699271399579	1.0044846602988	1.1163503484891	1.8854077333613e-12	0.0054254151560012	0.0021214587069332	0.0021214586965978
17.48	-1.3691597693284e-39	2.3362716730741e-47	2.5079932143676e-08	1.3497364578216	1.9276473399806	1.4267010146831e-07	0.045724291680974	3.1464754146644	4.3974310929679e-09	1.8909888467388	1.2251121938924e-06	6.8976803596522	0.0088909170943365	1.0042512452655	1.1160909533429	1.010266591133e-12	0.0054321114585385	0.0021175007548587	0.0021175007445425
17.872	-3.1649723478986e-39	8.2287307962649e-48	4.3601640335613e-09	1.3492974094617	1.9270202656355	4.0591249037792e-08	0.045800197257907	3.1454518912611	7.1353296583076e-10	1.8906019724781	1.1021193255538e-06	6.895436496215	0.0088078845601887	1.0039245553421	1.1157278880503	5.8325783434829e-13	0.0054397682419757	0.0021129686097547	0.0021129685994607
18	-6.8950909493549e-40	5.7524562660883e-48	2.3556078910672e-09	1.3491540769563	1.9268155502038	2.6169604228055e-08	0.045855053436716	3.1451177470469	3.7600606779171e-10	1.8904756708988	1.0647981345977e-06	6.8947039641986	0.0087923080156744	1.0038179040975	1.1156093604144	5.1747673033871e-13	0.0054419024984405	0.002111688711993	0.0021116887017052
18.2	-5.3016599638531e-41	3.3001217033081e-48	8.0596352870236e-08	1.3489301497222	1.9264957324634	3.1514360687661e-07	0.045916665505735	3.1445957436172	1.447779768662e-08	1.890278353938	1.0074346418916e-06	6.8935595387175	0.008970457389029	1.0036512842103	1.1154241940963	1.6090269602845e-12	0.0054437138245847	0.0021098598824257	0.0021098598721469
18.48	1.383111629496e-39	1.5413861844172e-48	2.2390468280685e-08	1.3486167127397	1.9260480748541	1.2717712559163e-07	0.045685307386127	3.1438650811825	3.8261438091563e-09	1.8900021489529	9.3476111310273e-07	6.8919576621773	0.008891299994293	1.0034180628317	1.1151650125484	8.3707075772208e-13	0.0054475438691397	0.002107614646295	0.0021076146360271
18.872	-4.685939159758e-38	5.4476486969505e-49	3.908907303865e-09	1.3481780210257	1.9254215204526	3.6265777723705e-08	0.045762598504652	3.1428423980658	6.2356442728444e-10	1.8896155375619	8.423608544832e-07	6.8897156603796	0.0088080995017424	1.0030916439492	1.1148022477157	4.6377876901937e-13	0.0054518862299281	0.0021049886364383	0.0021049886261832
19	-1.7147301786213e-38	3.8124270779544e-49	2.1145607195155e-09	1.3480348051382	1.9252169748342	2.339962400684e-08	0.045817754186178	3.1425085287777	3.2903984277552e-10	1.8894893160697	8.1428357291696e-07	6.8889837361142	0.008792469418017	1.0029850811886	1.1146838183106	4.0719396282834e-13	0.0054530916991066	0.0021042333045813	0.0021042332943299
19.2	-3.9598754009312e-39	2.190860272869e-49	7.1554318298965e-08	1.3478110602728	1.9248974216182	2.7928458218789e-07	0.045879806965773	3.1419869519311	1.261382531451e-08	1.889292114846	7.7103680239324e-07	6.8878402601147	0.0089703805500985	1.0028185995389	1.1144988045352	1.3767379519063e-12	0.0054533881684406	0.002103138216678	0.0021031382064319
19.48	2.9056950890964e-40	1.0253434297843e-49	1.9925161842839e-08	1.3474978788957	1.9244501345068	1.1283724995027e-07	0.04564935574804	3.1412568871452	3.3416796404914e-09	1.889016061749	7.1624773718388e-07	6.8862397125839	0.0088911703326309	1.0025855716543	1.1142398365468	6.9715001904116e-13	0.0054557696666293	0.0021017652776455	0.0021017652674062
19.872	1.3068570952748e-40	3.632505643724e-50	3.489026257956e-09	1.3470595455294	1.9238240996484	3.2231863209207e-08	0.045727088555609	3.1402350455323	5.4633290463901e-10	1.8886296519612	6.4647259939309e-07	6.8839995708804	0.0088079093432071	1.0022594235878	1.1138773719851	3.7104509703662e-13	0.0054584064887989	0.0021001094988713	0.00210010948864
20	2.0640482369849e-40	2.5441385038587e-50	1.8892798406715e-09	1.346916446763	1.9236197237051	2.0809790047697e-08	0.045782304438179	3.1399014514839	2.8858130224681e-10	1.8885034934952	6.252445534659e-07	6.8832682538617	0.0087922567829414	1.0021529492378	1.1137590407371	3.222923971178e-13	0.0054591313596275	0.0020996211074564	0.0020996210972275
20.2	1.653488843473e-40	1.4636305395863e-50	6.9986593382549e-08	1.3466928850031	1.9233004354442	2.7164083406942e-07	0.045844394200365	3.1393803043165	1.2181661633025e-08	1.8883063868185	5.924336273338e-07	6.8821257265559	0.0089699802501755	1.0019866057109	1.1135741801853	1.2763219617849e-12	0.005458651011939	0.0020988990676592	0.0020988990574338
20.48	-3.9585444419479e-40	6.8599149944513e-51	1.952453541771e-08	1.3463799601687	1.9228535192596	1.0987107463923e-07	0.045614476610643	3.138650841395	3.2333736298489e-09	1.8880304606917	5.509335381734e-07	6.8805265069316	0.0088907658192496	1.0017537711596	1.1133154267332	6.2006604089436e-13	0.0054602643725122	0.0020979695318611	0.0020979695216403
20.872	1.8046619719047e-40	2.4348022593722e-51	3.427179150298e-09	1.3459419862981	1.9222280037434	3.1433459013197e-08	0.045692298849688	3.1376298435083	5.2996932258794e-10	1.8876442217221	4.9800633929642e-07	6.8782882237788	0.0088075043863877	1.0014278936844	1.1129532627426	3.0855185361511e-13	0.0054620166580646	0.0020968073209063	0.0020968073106911
21	-2.1809800747369e-41	1.7063701628029e-51	1.8573195913647e-09	1.345799004991	1.9220237973564	2.0305759415038e-08	0.045747482889181	3.1372965250735	2.8017738855473e-10	1.8875181174746	4.8188613135575e-07	6.8775575135029	0.0087918468051789	1.0013215076717	1.1128350296473	2.6286864447232e-13	0.0054624944698981	0.0020964547804524	0.0020964547702389
21.2	1.5969664656525e-40	9.8292391696352e-52	5.58052859339e-08	1.3455756268309	1.9217047727812	2.1731485138815e-07	0.045809350598162	3.1367758035316	9.6216364204348e-09	1.8873210879734	4.5697358642643e-07	6.8764159341034	0.0089694205658857	1.0011553021529	1.1126503209166	1.0135778470051e-12	0.0054614177453817	0.0020959241729008	0.0020959241626899
21.48	-1.6765269260452e-40	4.6131923171013e-52	1.5592861242348e-08	1.345262959166	1.9212582260044	8.7964264858349e-08	0.04557970739481	3.136046936592	2.5580560960854e-09	1.8870452673024	4.2540244620153e-07	6.8748180412837	0.0088902411372514	1.0009226607746	1.1123917799288	4.899584896039e-13	0.0054627907994986	0.0020952225152524	0.002095222505045
21.872	4.7683775711895e-41	1.6399915075304e-52	2.7428256030876e-09	1.3448253455519	1.9206332290158	2.5196424205014e-08	0.045657423068652	3.1350267798785	4.2020622341346e-10	1.8866591797864	3.850798922057e-07	6.8725816151395	0.0088070105164821	1.000597053666	1.1120299153517	2.4162359516538e-13	0.0054641537050674	0.0020943121195728	0.0020943121093698
22	2.1855328963174e-40	1.149988151912e-52	1.487538371808e-09	1.3446824819263	1.9204291920074	1.628430527443e-08	0.04571253680251	3.1346937367291	2.2231931779819e-10	1.8865331249002	3.7278587417251e-07	6.8718515111029	0.0087913556003592	1.0004907559173	1.1119117801997	2.0529356220631e-13	0.0054645110389637	0.0020940286602361	0.0020940286500345
22.2	1.5583126738678e-40	6.630740185638e-53	4.9231302965848e-08	1.344459287688	1.9201104315333	1.9054925024116e-07	0.045774173944098	3.1341734432928	8.4411563932431e-09	1.8863361691214	3.5375950815622e-07	6.8707108788233	0.0089687850482981	1.0003246882922	1.1117272238805	8.7052843057438e-13	0.005463123944733	0.0020935951999369	0.0020935951897373
22.48	2.2658822621762e-40	3.11565319273e-53	1.3775890101891e-08	1.3441468775951	1.9196642545984	7.7211643251413e-08	0.045544826686025	3.1334451760131	2.247581575966e-09	1.8860604505637	3.2964182912355e-07	6.8691143117074	0.0088896480956531	1.0000922399265	1.1114688963041	4.1265588947797e-13	0.0054643714153706	0.0020930090404367	0.0020930090302401
22.872	2.9196737225417e-40	1.1092335433155e-53	2.4279639345878e-09	1.3437096247168	1.9190397759406	2.2147853474472e-08	0.045622449617682	3.1324258620914	3.6996094464016e-10	1.8856745079192	2.9879781302886e-07	6.8668797410311	0.0088064628271254	0.99976690296041	1.1111073314299	1.9644250352193e-13	0.0054655318835539	0.002092226279275	0.0020922262690822
23	3.5869446078794e-40	7.7821440009228e-54	1.3176937907387e-09	1.3435668789105	1.9188359081929	1.4321392208899e-08	0.045677494118205	3.1320930944254	1.9587746681569e-10	1.8855485002779	2.8938434100114e-07	6.8661502427308	0.0087908151328994	0.99966069340242	1.1109892942157	1.6507567914495e-13	0.0054658269023555	0.002091977843466	0.0020919778332743
23.2	2.787982069105e-40	4.4931880792115e-54	3.2912029104999e-08	1.3433438687913	1.9185174107949	1.2832591170538e-07	0.045738860196192	3.1315732258336	5.6200263904191e-09	1.885351613152	2.7486448428365e-07	6.8650105567852	0.008968117728784	0.99949476355656	1.1108048892244	6.003438194716e-13	0.005464261565051	0.0020915949390186	0.0020915949288288
23.48	-4.784313649703e-40	2.1139512482458e-54	9.2220803085296e-09	1.3430317165128	1.9180716024605	5.2032491369865e-08	0.045509763232477	3.1308455534628	1.498550080047e-09	1.8850759908629	2.5636623876599e-07	6.8634153142731	0.0088890416923936	0.99926250804341	1.1105467734453	2.9169035550292e-13	0.0054655105829379	0.0020910691830875	0.0020910691729003
23.872	-9.4702259398162e-40	7.5366220817992e-55	1.6284031898251e-09	1.3425948246486	1.9174476414066	1.494137131482e-08	0.04558726238838	3.1298270800233	2.4714838388531e-10	1.8846901886381	2.3267538386521e-07	6.8611825975251	0.0088059078779534	0.99893744099553	1.1101855073346	1.4502273171706e-13	0.005466576841331	0.0020903516266027	0.0020903516164191
24	-4.1338153322282e-40	5.2901719725448e-55	8.8435240255152e-10	1.3424521967386	1.9172439427504	9.6656211204477e-09	0.045642235374226	3.1294945874766	1.3094489987047e-10	1.8845642272164	2.2543810849555e-07	6.8604537044586	0.0087902679744388	0.99883131955511	1.1100675678796	1.2353203368438e-13	0.0054668360300541	0.0020901208871858	0.0020901208770033
24.2	-1.1841196682501e-40	3.0614127899227e-55	1.4100961692261e-08	1.3422293708463	1.91692570794	4.5880150749058e-08	0.045703484022199	3.1289751417533	1.7200211401858e-09	1.8843674176016	2.1443994860206e-07	6.8593149640619	0.0089674703183737	0.99866552737418	1.1098833134785	2.663781527476e-13	0.0054661385657094	0.002089763503035	0.0020897634928541
24.48	-2.9539973080929e-41	1.4426885614522e-55	3.9563858051764e-09	1.3419174765085	1.9164802676041	1.854372604633e-08	0.04547480259988	3.128248061646	4.5926838874485e-10	1.884091907436	2.0019117710168e-07	6.8577210450548	0.008888477089968	0.99843346455356	1.1096254085019	1.492196215032e-13	0.0054669700399442	0.0020892683310789	0.0020892683209005
24.872	3.845981223987e-40	5.1506170560165e-56	6.9986314956028e-10	1.3414809457903	1.9158568236307	5.3137465404427e-09	0.045552224443144	3.1272304272183	7.5887545665358e-11	1.8837062549225	1.8191151085226e-07	6.8554901806972	0.0088053841298434	0.99810866720003	1.1092644405099	9.1778696106642e-14	0.0054676997231772	0.0020885835590771	0.002088583548902
25	5.2841404179269e-41	3.6171614276422e-56	3.8032842235691e-10	1.3413384358095	1.9156532939169	3.4362708665258e-09	0.045607125403451	3.1268982095171	4.0234160294248e-11	1.8835803413095	1.7632215550487e-07	6.8547618923623	0.0087897469648204	0.99800263380407	1.1091465986769	8.2798763077651e-14	0.0054678822069227	0.0020883616687379	0.002088361658564
25.2	1.7411403720463e-39	2.0856064098103e-56	2.2759890611402e-07	1.3411157941828	1.915335340332	7.6260652688999e-07	0.045669943923244	3.1263792616843	2.9746672730096e-08	1.8833837191551	1.6737616301283e-07	6.8536240967333	0.0089667128538488	0.99783697917434	1.1089625171387	3.0436667065458e-12	0.0054724660606864	0.0020879904805603	0.0020879904703881
25.48	-5.6011258159926e-40	9.8209342417072e-57	6.3949723033838e-08	1.3408041578158	1.9148902893208	3.0887680183959e-07	0.045443621236275	3.1256528786538	7.9543149159572e-09	1.8831084714091	1.5636857064995e-07	6.8520315001361	0.0088876471024913	0.99760510888684	1.1087048550939	1.2013804157377e-12	0.0054696513352879	0.0020874741344278	0.0020874741242582
25.872	1.1701764286179e-39	3.5105278082986e-57	1.1334720506817e-08	1.3403679882529	1.9142673688924	8.8709492636479e-08	0.045521896552324	3.1246361303241	1.3170357653487e-09	1.8827230321962	1.4225200593852e-07	6.8498024866328	0.0088045998872685	0.99728058100402	1.1083442004592	3.6551739166468e-13	0.0054686827314674	0.0020867978901857	0.0020867978800194
26	5.2636593576707e-40	2.4664844181292e-57	6.1640249548678e-09	1.3402255961971	1.9140640086503	5.7407293403681e-08	0.045576759294478	3.1243041937689	6.9878140115278e-10	1.882597173141	1.3793182965663e-07	6.8490748025279	0.008788982869308	0.99717463557948	1.1082264583501	2.5193092848851e-13	0.0054686515854206	0.0020865823917005	0.0020865823815352
26.2	4.1937731829213e-40	1.4225456748506e-57	2.5328998548042e-07	1.3400031388247	1.913746321515	9.2974303572206e-07	0.045639149133214	3.1237856933072	3.7417992323033e-08	1.8824006326823	1.3095898348142e-07	6.84793795088	0.0089658512912883	0.99700911838642	1.1080425351713	3.6272986045043e-12	0.005473185141698	0.0020862199466763	0.0020862199365127
26.48	6.955940612642e-39	6.7039572547402e-58	7.1264255524063e-08	1.3396917604037	1.9133016424974	3.772594508694e-07	0.04541275542632	3.1230599328488	1.0019616255752e-08	1.8821254928674	1.2244031983789e-07	6.8463466755928	0.0088868544268743	0.99677744047188	1.1077850936509	1.4241081061079e-12	0.0054702373691027	0.0020857160081419	0.0020857159979808
26.872	-3.5206266074264e-40	2.3994363507524e-58	1.2654523700977e-08	1.3392559519379	1.9126792397513	1.0856892694011e-07	0.045490404465331	3.1220440368926	1.6621940193828e-09	1.88174019468	1.1150586008617e-07	6.8441195114073	0.0088038973372276	0.99645318183607	1.1074247414909	4.1934222830205e-13	0.0054692371891802	0.0020850588505475	0.0020850588403896
27	-3.0066038306368e-40	1.6866242332523e-58	6.8863511401026e-09	1.3391136777827	1.9124760483103	7.0305465106229e-08	0.045545022036325	3.1217123768295	8.8252314701263e-10	1.881614380749	1.0815672514151e-07	6.8433924310309	0.0087883015015609	0.99634732430994	1.1073070975255	2.8253894950989e-13	0.0054692102794299	0.0020848492467945	0.0020848492366377
27.2	-5.2315756873043e-39	9.733069091271e-59	2.8705777433196e-07	1.3388914046212	1.9121586277432	1.0708089394448e-06	0.045606759728379	3.1211943197386	4.5141076504032e-08	1.8814179068992	1.0272157831221e-07	6.8422565225807	0.0089650613010201	0.99618194443949	1.1071233310879	4.1515074406964e-12	0.005473504937079	0.0020844936155085	0.0020844936053534
27.48	-5.8994330799223e-39	4.5910323678638e-59	8.0872352298292e-08	1.3385802840754	1.9117143210662	4.3547326493118e-07	0.045380204465248	3.1204691792038	1.2104319782777e-08	1.8811428616406	9.6109405220892e-08	6.8406665675071	0.0088861300232894	0.99595045873829	1.1068661088659	1.623457712519e-12	0.0054707602373826	0.002083997797974	0.0020839977878213
27.872	9.4230581715009e-40	1.6453327252474e-59	1.4386792578189e-08	1.3381448365896	1.9110924357848	1.2561766100687e-07	0.045457339463448	3.1194541339424	2.0118464305315e-09	1.8807577003108	8.7614204081902e-08	6.838441251105	0.0088032497865126	0.99562646912609	1.1065060584441	4.680930860394e-13	0.0054698319041488	0.0020833522934702	0.0020833522833206
28	3.8890941935551e-40	1.1570911684412e-59	7.8341745831204e-09	1.3380026802925	1.9108894130253	8.1405687916616e-08	0.045511774058591	3.1191227500253	1.0688975604056e-09	1.8806319313215	8.5010127700261e-08	6.8377147739563	0.0087876703978633	0.99552069942546	1.1063885124734	3.1071331694234e-13	0.0054698135256465	0.0020831462397182	0.0020831462295697
28.2	-1.2950384991632e-39	6.6833890901636e-60	2.9005141937678e-07	1.3377805912718	1.9105722561827	1.098448979589e-06	0.045572853557126	3.118605125325	4.6894113389745e-08	1.8804355129693	8.0779664140252e-08	6.8365798079209	0.0089643130558429	0.99535545676363	1.1062048994409	4.239653133911e-12	0.0054732862182996	0.0020827972318417	0.0020827972216949
28.48	4.8293152218995e-39	3.1558362771439e-60	8.1822996846937e-08	1.3374697284956	1.9101283185198	4.4729787017208e-07	0.045346136139293	3.117880589402	1.2591519778509e-08	1.8801605459285	7.5631875062895e-08	6.8349911719652	0.0088854489901016	0.99512416311625	1.1059478917345	1.6556082847775e-12	0.0054710785115244	0.0020823097352366	0.0020823097250922
28.872	8.2367535895517e-40	1.1324722578974e-60	1.4582069626942e-08	1.3370346418284	1.9095069493111	1.2923396666808e-07	0.045422870948511	3.1168663874481	2.0967481359881e-09	1.8797755137281	6.9011414251327e-08	6.8327677018134	0.0088026403459168	0.99480044230444	1.1055881405739	4.7259646410753e-13	0.0054703850301434	0.0020816719904276	0.0020816719802863
29	3.8580657280056e-40	7.96795801194e-61	7.945685031051e-09	1.3368926033338	1.9093040949994	8.3795271654768e-08	0.045477176840648	3.1165352785532	1.1147597019661e-09	1.8796497886977	6.6980484676919e-08	6.8320418273919	0.0087870750408417	0.99469476035643	1.1054706922003	3.1131607567096e-13	0.0054703960654486	0.0020814679020962	0.0020814678919558
29.2	-4.914971407514e-39	4.6054189363377e-61	3.0785548786731e-07	1.3366706983638	1.9089872027959	1.1811609226367e-06	0.045537950253563	3.1160180905402	5.0407723893012e-08	1.879453439038	6.3668372794616e-08	6.8309078029896	0.008963587015302	0.99452965478943	1.1052872338242	4.5398745191812e-12	0.0054738374430007	0.0020811203843049	0.0020811203741663
29.48	-3.4953833552903e-39	2.1767205160585e-61	8.6959533550676e-08	1.3363600932254	1.9085436351924	4.8143651363815e-07	0.045311482242433	3.1152941658916	1.3553389475522e-08	1.8791785700587	5.9648991331028e-08	6.8293204850577	0.0088847796836423	0.99429855303658	1.1050304426678	1.7705624632089e-12	0.0054716998025629	0.002080634333335	0.0020806343231987
29.872	3.4464099914072e-40	7.8213686162496e-62	1.5525372395156e-08	1.335925367182	1.9079227820622	1.3927787900491e-07	0.045388099691134	3.1142808098615	2.2611569922918e-09	1.8787936766557	5.4475284526091e-08	6.8270988596246	0.0088020360208724	0.99397510080217	1.1046709915813	5.0086059857613e-13	0.0054710121529634	0.0020799996488549	0.0020799996387217
30	1.472969736663e-40	5.505630823113e-62	8.4652066072578e-09	1.335783446424	1.9077200961008	9.0350872823256e-08	0.045442329813918	3.1139499762278	1.2029842186114e-09	1.8786679969357	5.288704310372e-08	6.8263735874303	0.0087864835766909	0.99386950653398	1.1045536408737	3.2764357924201e-13	0.0054710207184545	0.0020797966060759	0.0020797965959437
30.2	-1.1924794126299e-39	3.1836750782548e-62	3.4114596157466e-07	1.3355617253996	1.9074034695966	1.3260816907876e-06	0.045503020118318	3.1134332304432	5.6250121984366e-08	1.878471727474	5.0279828391099e-08	6.8252405038802	0.0089628600623611	0.99370453794811	1.1043703388293	5.0768874209661e-12	0.0054749692951504	0.002079447320065	0.0020794473099345
30.48	-5.8923697160271e-39	1.5060539948465e-62	9.6490032429316e-08	1.3352513777473	1.9069602732002	5.4093970242303e-07	0.045277033726751	3.1127099245639	1.5144909754275e-08	1.8781969723121	4.713336840487e-08	6.8236545028788	0.0088841031419458	0.99347362793062	1.1041137665432	1.978296161052e-12	0.0054725438671913	0.0020789586886994	0.0020789586785712
30.872	9.8235280593645e-40	5.4185626553988e-63	1.7258033757163e-08	1.3348170121081	1.9063399361877	1.5667592406275e-07	0.045353650247155	3.1116974174656	2.5314363546037e-09	1.8778122252504	4.3080351453162e-08	6.821434720634	0.0088014223967135	0.99315044405079	1.1037546164878	5.5557377122037e-13	0.0054716893228659	0.0020783254660027	0.0020783254558777
31	3.2060610338344e-40	3.8160352385642e-63	9.4161022572099e-09	1.3346752090131	1.9061374184825	1.0168263427132e-07	0.045407815087273	3.1113668593841	1.3476943991681e-09	1.8776865918589	4.183531267046e-08	6.8207100501671	0.0087858828940308	0.99304493738967	1.1036373635357	3.6133606104499e-13	0.005471672282031	0.0020781233859949	0.0020781233758708
31.2	8.6687279412213e-39	2.2090617916957e-63	3.0342558542097e-07	1.3344536718177	1.9058210515883	1.2023328388068e-06	0.045468013224938	3.1108505309794	5.0256337900615e-08	1.8774903758376	3.9795787308622e-08	6.8195779066877	0.0089621357881882	0.99288010567114	1.1034542102968	4.5856698280042e-12	0.0054746059868916	0.0020777801733432	0.0020777801632209
31.48	6.876408303522e-39	1.0461773169518e-63	8.5932346234963e-08	1.3341435814853	1.9053782193137	4.9071470849254e-07	0.045242011857653	3.1101278085703	1.3549375819015e-08	1.8772156931394	3.7326436741273e-08	6.8179932215233	0.008883445926683	0.99264938722978	1.1031978458632	1.7882451997745e-12	0.0054727554972557	0.0020772999173781	0.002077299907258
31.872	8.5516184907808e-40	3.7689260539181e-64	1.5397012602289e-08	1.3337095760122	1.9047583958154	1.4226349834846e-07	0.045318368581995	3.1091161338128	2.268947070024e-09	1.8768310711887	3.4142637332637e-08	6.8157752809371	0.0088008338358505	0.99232647148184	1.1028389913486	5.0175604343287e-13	0.0054721947075233	0.0020766710287818	0.0020766710186649
32	2.3966613268904e-40	2.6555278002147e-64	8.406141338e-09	1.3335678905013	1.9045560460137	9.2365214260041e-08	0.045372447021872	3.1087858488863	1.2087593715064e-09	1.8767054810849	3.3163998199851e-08	6.8150512116984	0.0087853072648687	0.9922210523551	1.1027218353267	3.2589638328447e-13	0.0054722192609133	0.0020764695285562	0.0020764695184403
32.2	4.2060705049747e-39	1.5385475672958e-64	2.8676971124999e-07	1.3333465370102	1.9042399401646	1.1458186430843e-06	0.045432343352456	3.1082699428709	4.7677154926651e-08	1.8765093263799	3.1559243016577e-08	6.81392000751	0.0089614263789805	0.9920563573904	1.1025388322721	4.3614153073297e-12	0.0054747600611614	0.002076128580537	0.0020761285704227
32.48	-3.5477279446385e-39	7.2937525385433e-65	8.1320600730914e-08	1.3330367038208	1.9037974737125	4.6802733492599e-07	0.045206587718	3.1075478124713	1.2871341758571e-08	1.8762347301647	2.9616312506338e-08	6.8123366370912	0.0088827953842991	0.99182583036627	1.1022826782385	1.7015417490799e-12	0.0054731790177217	0.0020756509589159	0.0020756509488039
32.872	-2.0250207082852e-39	2.6310512955951e-65	1.4596628743797e-08	1.3326030582615	1.9031781639453	1.3584641746348e-07	0.045282878218685	3.1065369734977	2.1594083641843e-09	1.8758502404517	2.710927505469e-08	6.8101205366356	0.0088002477053916	0.99150318252775	1.1019241203392	4.7664642198987e-13	0.0054727529434075	0.0020750225723493	0.0020750225622404
33	-7.6228073206738e-40	1.8546703964262e-65	7.9743183222893e-09	1.3324614902514	1.9029759819711	8.823849540516e-08	0.045336907900602	3.1062069620717	1.1511762813966e-09	1.875724694658	2.6338207388195e-08	6.8093970681264	0.0087847333675727	0.99139785086277	1.1018070613553	3.0904293733861e-13	0.0054727962166419	0.0020748209298826	0.0020748209197746
33.2	-1.8894341872044e-40	1.0755078557091e-65	2.6300669691914e-07	1.3322403203335	1.9026601363883	1.0588891383504e-06	0.045396513074419	3.1056914756686	4.3853191592328e-08	1.8755285995614	2.5073842231075e-08	6.8082668024495	0.0089607184001151	0.99123329253842	1.101624207613	4.0237898159946e-12	0.0054747780990405	0.0020744822691173	0.002074482259011
33.48	1.505053734572e-38	5.1039249649716e-66	7.4678486411287e-08	1.3319307441015	1.9022180347735	4.3286541452104e-07	0.045170997864694	3.1049699329556	1.1854916675876e-08	1.8752540862971	2.3541547140749e-08	6.8066847456854	0.0088821474106641	0.99100295677271	1.1013682625839	1.5707997044553e-12	0.0054735366621048	0.0020740076845161	0.0020740076744121
33.872	3.3980442348788e-39	1.8435198162503e-66	1.3428198437093e-08	1.3314974581933	1.9015992380911	1.2578806438037e-07	0.045247229889616	3.1039599273236	1.9925689523119e-09	1.8748697268501	2.1562858987471e-08	6.8044704838339	0.0087996647861315	0.99068057662134	1.1010100004618	4.3970898608514e-13	0.0054732878463216	0.0020733794037263	0.0020733793936254
34	1.4098729493784e-39	1.3001369879892e-66	7.34072540474e-09	1.3313560075975	1.9013972237838	8.174169045483e-08	0.045301216357085	3.1036301889359	1.0629464330905e-09	1.874744225062	2.0953957463124e-08	6.8037476155556	0.0087841627383711	0.99057533234556	1.1008930383511	2.847842005622e-13	0.0054733568276092	0.0020731773995858	0.0020731773894859
34.2	7.0131800744102e-39	7.5443146789484e-67	2.5939218365628e-07	1.3311350211168	1.9010816399068	1.0458484235788e-06	0.045360660668524	3.1031151285221	4.3359468280946e-08	1.8745481971353	1.9952295068889e-08	6.802618287612	0.0089600087606339	0.99041091054823	1.1007103358077	3.9714302207835e-12	0.0054751914158386	0.0020728384677421	0.0020728384576438
34.48	-4.3366305080806e-39	3.5836048425196e-67	7.3747810143193e-08	1.3308257016506	1.9006399047451	4.2794841793289e-07	0.045135540982518	3.1023941826428	1.1737252963342e-08	1.8742737783284	1.8741264204104e-08	6.8010375434129	0.0088814919457286	0.99018076588228	1.1004546025871	1.5509754112969e-12	0.0054740508064791	0.0020723634012917	0.0020723633911958
34.872	-1.7008775153701e-39	1.2960612596506e-67	1.3284484074942e-08	1.3303927751227	1.9000216213398	1.2452232976136e-07	0.045211802383951	3.1013850140931	1.9764605039564e-09	1.8738895548691	1.7176475121074e-08	6.79882511864	0.0087990734122722	0.98985865319599	1.1000966374409	4.3359336405029e-13	0.0054738574465623	0.0020717339316793	0.0020717339215864
35	-7.9211851562892e-40	9.1447075746164e-68	7.2668649383418e-09	1.3302514418522	1.8998197746211	8.095807307683e-08	0.045265755291216	3.1010555491301	1.0550623451485e-09	1.873764097874	1.6694696736509e-08	6.7981028500947	0.0087835839616423	0.98975349623689	1.0999797723289	2.8041611639536e-13	0.0054739354478891	0.0020715315408478	0.0020715315307559
35.2	-1.3955040249144e-39	5.3128399242529e-68	2.081776903775e-07	1.3300306386692	1.8995044483297	8.4566648939527e-07	0.045324762321033	3.1005408976418	3.4853940904862e-08	1.8735681190603	1.5906438491568e-08	6.7969744591057	0.0089593029711942	0.98958921085322	1.0997972157811	3.207332821411e-12	0.0054746380200748	0.0020711978237468	0.0020711978136566
35.48	-8.6290629541084e-40	2.5265687457808e-68	5.9262908881211e-08	1.3297215757723	1.8990630747783	3.4629518991886e-07	0.045099699387044	3.0998205240801	9.4474418889339e-09	1.8732937670393	1.4947337276866e-08	6.795395026382	0.008880855222083	0.98935925712839	1.099541686672	1.2538874765439e-12	0.005474172124945	0.0020707300149464	0.0020707300048585
35.872	1.5456704228852e-39	9.1496215708511e-69	1.069403761615e-08	1.3292890083479	1.8984453027583	1.0087738335287e-07	0.045175809944706	3.0988121808693	1.5937957284551e-09	1.8729096656437	1.3707039529301e-08	6.7931844371633	0.008798504028505	0.98903741168523	1.099184014603	3.5100482458154e-13	0.0054743334239835	0.0020701016060366	0.0020701015959517
36	4.7681566301528e-40	6.4587932079326e-69	5.8535877431587e-09	1.3291477923119	1.898243623345	6.5614028117765e-08	0.045229714125882	3.0984829875864	8.5135619646293e-10	1.8727842515054	1.3324985934542e-08	6.7924627678534	0.0087830266430751	0.98893234197038	1.0990672458888	2.2709358918529e-13	0.0054744626357108	0.0020698986400178	0.0020698986299339
36.2	3.2411578502095e-39	3.7549846382812e-69	2.0062999203707e-07	1.3289271722843	1.8979285579693	8.0919801999694e-07	0.045288549055866	3.0979687589766	3.3655187860986e-08	1.8725883368345	1.2698483816747e-08	6.7913353130422	0.0089586041223667	0.98876819288727	1.0988848394929	3.0718595842242e-12	0.0054749221786074	0.0020695645862594	0.0020695645761771
36.48	1.6503694294344e-39	1.7874254563705e-69	5.7188083402825e-08	1.3286183657569	1.8974875498897	3.3175138254775e-07	0.045063883474675	3.0972489784758	9.1347578789055e-09	1.8723140756547	1.1937357354386e-08	6.7897571907063	0.0088802103744241	0.98853842994523	1.098629520914	1.2014345370047e-12	0.0054746364714121	0.002069096010798	0.002069096000718
36.872	8.4752331618321e-40	6.4812860924059e-70	1.0337938993182e-08	1.3281861571547	1.896870290175	9.6783879085751e-08	0.045140058948283	3.096241469683	1.5438978951927e-09	1.8719301085603	1.0952539764532e-08	6.7875484355192	0.008797922178379	0.98821685152351	1.0982721448802	3.3609308920299e-13	0.0054748920428695	0.0020684652127093	0.0020684652026323
37	3.2371859098924e-40	4.5773282104029e-70	5.6623201875469e-09	1.328045058261	1.896668778061	6.2984333741634e-08	0.045193945112862	3.0959125492019	8.2525475555338e-10	1.8718047390056	1.0649048571216e-08	6.7868273649476	0.0087824569074665	0.98811186898052	1.0981554729407	2.1724952908841e-13	0.0054750354865995	0.0020682614227276	0.0020682614126517
37.2	-9.6001762293523e-42	2.6643528276956e-70	1.5771893104227e-07	1.3278246212444	1.8963539705285	6.3830721442822e-07	0.045252437542525	3.0953987315239	2.6480142093092e-08	1.8716088773056	1.0154387860515e-08	6.7857008455369	0.0089579058964601	0.98794785608482	1.09797321309	2.4219520082749e-12	0.0054746167627454	0.0020679309339366	0.0020679309238623
37.48	-4.6078844467878e-40	1.2697358763545e-70	4.5014187145471e-08	1.3275160708836	1.8959133242471	2.6191030637676e-07	0.045027938682938	3.0946795262577	7.1968780127823e-09	1.8713346890649	9.5492666882549e-09	6.7841240325013	0.0088795801614649	0.98771828376721	1.0977180994688	9.4821580472381e-13	0.0054748717213728	0.0020674674301139	0.0020674674200418
37.872	5.9769325647469e-40	4.6101167558457e-71	8.1515415458652e-09	1.3270842208189	1.8952965753208	7.6500921144184e-08	0.045104039115824	3.0936728432037	1.2185992973439e-09	1.8709508473932	8.765708136037e-09	6.781917109824	0.0087973571523253	0.98739697214537	1.0973610165951	2.656543143696e-13	0.0054754072965199	0.0020668363993981	0.0020668363893291
38	1.5534552802936e-40	3.2573637683115e-71	4.4676360515667e-09	1.3269432389743	1.8950952302598	4.9807394388291e-08	0.045157890755135	3.093344194199	6.5180633051315e-10	1.8708255212266	8.5241396127072e-09	6.7811966374938	0.0087819033446031	0.98729207670191	1.0972444409745	1.7181543691236e-13	0.0054755902402904	0.002066631819623	0.002066631809555
38.2	-5.6949037274612e-41	1.8978055341161e-71	1.3663313357452e-07	1.3267229848229	1.8947806821117	5.4887001274461e-07	0.045216165494893	3.0928307940534	2.2968030860068e-08	1.8706297198588	8.1312283759944e-09	6.780071052708	0.008957215351408	0.98712819988068	1.0970623296155	2.0851151403619e-12	0.0054747358262906	0.0020663021843465	0.0020663021742801
38.48	-5.6716006930004e-40	9.0537713099343e-72	3.9046232657756e-08	1.3264146904241	1.8943403994084	2.2547246941144e-07	0.044991999489	3.092112174108	6.2506803682612e-09	1.8703556165528	7.6492330039443e-09	6.7784955478865	0.008878948774107	0.98689881802939	1.0968074240588	8.1688906770379e-13	0.0054752850930821	0.0020658397063352	0.0020658396962711
38.872	-5.9009887923942e-40	3.2914763656849e-72	7.0832712049983e-09	1.3259831986094	1.8937241615199	6.5954193029029e-08	0.045068133057328	3.0911063209749	1.0603317351948e-09	1.8699719064971	7.0247354645155e-09	6.7762904561987	0.0087967877213277	0.98657777298608	1.0964506356962	2.2896980426136e-13	0.0054759689504068	0.002065206621657	0.0020652066115959
39	-3.0053018918054e-40	2.3267400364829e-72	3.8846351723077e-09	1.3258423337199	1.8935229834399	4.2962951230562e-08	0.045121966197175	3.0907779438947	5.6752949903903e-10	1.8698466246109	6.8321314933568e-09	6.7755705816137	0.0087813451611795	0.9864729645699	1.0963341565426	1.4808031201163e-13	0.0054761723114499	0.0020650010958213	0.0020650010857613
39.2	-9.4182361621804e-41	1.3568712901237e-72	1.1792215310113e-07	1.3256222622865	1.893208694687	4.7137894144955e-07	0.045180050425605	3.0902649623268	1.9838959067651e-08	1.8696508855818	6.5195916923365e-09	6.7744459306773	0.0089565215702134	0.98630922371024	1.0961521940006	1.7921599786963e-12	0.0054749433077812	0.0020646720249446	0.0020646720148862
39.48	1.1486149577024e-39	6.4799522571448e-73	3.3742430320013e-08	1.3253142236435	1.8927687754859	1.9384858841729e-07	0.044956234506767	3.0895469287051	5.406326868502e-09	1.8693768695521	6.1350399903049e-09	6.7728717329847	0.0088783145245271	0.98608003216725	1.0958974968164	7.0262020225769e-13	0.0054757356718381	0.0020642104089158	0.0020642103988596
39.872	1.2196588004339e-39	2.3588199599007e-73	6.1319088418319e-09	1.3248830897895	1.8921530482839	5.6783142084537e-08	0.045032397573141	3.0885419054946	9.1878635340451e-10	1.8689932922846	5.6365138721389e-09	6.7706684707673	0.0087962157110223	0.98575925348131	1.0955410029516	1.9705872079566e-13	0.0054765422726439	0.0020635756085388	0.0020635755984857
40	3.2633471708176e-40	1.6682241369416e-73	3.3650415308252e-09	1.3247423417605	1.891952037054	3.700744025411e-08	0.04508620778466	3.0882138002103	4.9209648849871e-10	1.8688680548488	5.4827068671498e-09	6.7699491934315	0.0087807845269201	0.9856545320202	1.0954246202178	1.2744344727443e-13	0.0054767624879722	0.0020633692906398	0.0020633692805877
