# Time [h]	All Liquid [L/h]	MS [g/L]	AA [g/L]	Butyric [g/L]	Propionic [g/L]	Valeric [g/L]	LCFA [g/L]	Acetic [g/L]
0.2	0.34389787144531	8.2072708883675e-05	0.0002004013838931	0.00084000030272258	0.0018068800478907	0.00022469203231712	0.0029442900933496	1.4983131484604
0.48	-0.79709713980469	1.6841901585624e-06	1.8292333542359e-05	0.00012705536490232	0.00050046418761179	3.5843525620191e-05	0.0024917086731109	1.2744689891345
0.872	-0.61050113220052	5.6028502548924e-08	5.463977438997e-07	8.5879821022582e-06	7.7254711786302e-05	2.4482818461489e-06	0.0019713751836382	0.96884304161781
1	-0.5511392601888	4.8324336110206e-09	1.7336976206722e-07	3.3419614365247e-06	3.9240592779e-05	9.3624385790073e-07	0.001825150085406	0.87173044133006
1.2	0.65520772210937	3.0716417101482e-11	2.9873212533571e-08	7.8632171182716e-07	1.3764241579842e-05	2.1335768255419e-07	0.0016199915593261	0.72519252896049
1.48	-0.34097313409505	4.7755817719641e-13	2.7593551031794e-09	1.1158051647842e-07	3.3161130623761e-06	2.8737111851877e-08	0.0013694181686875	0.52929632834432
1.872	-0.19187216867188	1.5973617501552e-14	8.3910934952847e-11	7.2701636920345e-09	4.7065995719877e-07	1.6978155687114e-09	0.0010832162866265	0.28900354627671
2	-0.14923468796224	1.4008949774576e-15	2.6781457728899e-11	2.8213089506407e-09	2.3612577840077e-07	6.3790859093963e-10	0.0010030274305402	0.22087703557501
2.2	0.86136721466146	1.3752347724597e-17	4.6829716122832e-12	6.6573319900921e-10	8.2116857728705e-08	1.4311303143994e-10	0.00089161883266675	0.13314546171807
2.48	-0.040440187838542	1.9235026101806e-19	4.3968758632839e-13	9.4928719553632e-11	1.9708019649287e-08	1.9005288220804e-11	0.00075463886560603	0.054922381853189
2.872	-0.010650533108724	6.5202558281234e-21	1.3790087186895e-14	6.2680142921088e-12	2.8120396486537e-09	1.114492155093e-12	0.00059829889965671	0.01421286635619
3	-0.0071741547591146	5.8575202542477e-22	4.4470983101113e-15	2.4506982250786e-12	1.4177159836368e-09	4.2049198101542e-13	0.00055451195755647	0.0090411520963183
3.2	0.70314546814128	7.1614277459441e-24	7.9516644732228e-16	5.878220554397e-13	4.9837950310001e-10	9.5534970744762e-14	0.00049364723643811	0.0054012891062873
3.48	-0.0029562767366536	1.0027128979628e-25	7.6486258784339e-17	8.5574325037622e-14	1.2129789063536e-10	1.292134426532e-14	0.00041870694130804	0.0038206985717993
3.872	-0.0024991776416016	3.4841102097355e-27	2.5297077975426e-18	5.862017585867e-15	1.7742981891322e-11	7.8428801447258e-16	0.00033309759654903	0.0033717613840732
4	-0.0024617431575521	3.2599086114557e-28	8.307290337408e-19	2.3277823752855e-15	9.0462059410154e-12	3.0055026137974e-16	0.00030910926507408	0.0033357383920664
4.2	0.42948908900391	4.8467430843295e-30	1.5385218227912e-19	5.7740886950294e-16	3.2452701148623e-12	7.1013271281319e-17	0.00027566773084625	0.0033125546857595
4.48	-0.0024518284879557	7.3991234151195e-32	1.5465805769472e-20	9.0469564046299e-17	8.1189175119581e-13	1.0864277795064e-17	0.00023462959294749	0.0033218792269996
4.872	-0.0024541896940104	2.6807227011948e-33	5.6202900946854e-22	6.83217225433e-18	1.243741249884e-13	7.6097593529629e-19	0.0001877759803011	0.0033542684697269
5	-0.0024602673242187	2.6931960588118e-34	1.9067044406522e-22	2.8274722725106e-18	6.4717969952743e-14	3.0969893465891e-19	0.00017465119696506	0.0033669973044248
5.2	0.21986963622396	5.0730053494101e-36	3.738063679384e-23	8.0027824855498e-19	2.4032888152042e-14	9.2606754844148e-20	0.00015625956536266	0.0033887986328559
5.48	-0.002500359835612	8.0914726960333e-38	4.0792504419034e-24	1.6781882064259e-19	6.3206057533661e-15	2.3620755639684e-20	0.0001338268476308	0.0034338618757887
5.872	-0.0025448925	2.6898442379719e-39	1.7490517863421e-25	1.8148040810723e-20	1.0503554070116e-15	2.7756420969114e-21	0.00010823002792949	0.0035116463107317
6	-0.0025613279166667	1.751545335889e-39	6.2756231510777e-26	8.7028734378337e-21	5.6605395239866e-16	1.3688612652582e-21	0.00010106025151021	0.0035391832454757
6.2	0.087750018971354	5.1523197392982e-40	1.3501814798013e-26	3.4637431650632e-21	2.2265181988226e-16	6.0036523651388e-22	9.0964535967996e-05	0.0035882131670383
6.48	-0.0026414062874349	5.1668466973737e-39	1.6961598090731e-27	1.0461948259603e-21	6.3714591777846e-17	1.9733359210805e-22	7.8711243939819e-05	0.0036732109013576
6.872	-0.0027283103873698	1.1600652745751e-39	9.4966950518099e-29	1.9247155538831e-22	1.2091944164389e-17	3.7095427429394e-23	6.4724087939299e-05	0.0038180040961227
7	-0.002758902109375	4.7629810757469e-40	3.7211018428034e-29	1.1137687270587e-22	6.8847223977644e-18	2.1532471421448e-23	6.0802703643804e-05	0.0038684582146549
7.2	0.063779710851237	1.0469542408936e-40	9.2012468519443e-30	6.2827539480676e-23	2.9549551899971e-18	1.2532257561177e-23	5.5268329105395e-05	0.0039572082835837
7.48	-0.0029006609472656	1.2275625546989e-39	1.4259919055651e-30	3.1461134361728e-23	9.6026190494143e-19	6.655342829459e-24	4.8548288827094e-05	0.0041043585942111
7.872	-0.0030470487597656	1.0248080762009e-39	1.1540668126436e-31	1.3247515117109e-23	2.207074975573e-19	2.9050983458874e-24	4.0846821699082e-05	0.004347232723144
8	-0.0030975954899089	8.1522228505579e-38	5.0955508378068e-32	1.0509170831276e-23	1.354797714124e-19	2.3149686916181e-24	3.867944684967e-05	0.0044303151087196
8.2	0.064137015514323	4.288101569853e-39	1.5132462270123e-32	1.2115725529001e-23	6.5552443623245e-20	2.7266958151164e-24	3.560626698578e-05	0.0045725092588985
8.48	-0.0033206516910807	2.0453686899615e-39	3.0532795059534e-33	1.5305892012917e-23	2.5342346874665e-20	3.5996139305748e-24	3.185677548705e-05	0.0048003512369998
8.872	-0.0035379392496745	1.9912838188139e-37	3.7345772057082e-34	1.3668105291244e-23	7.6280254497582e-21	3.1302781276291e-24	2.7511501846821e-05	0.0051597893687172
9	-0.0036111392578125	4.7569831881826e-38	1.8828098408284e-34	1.2980754461763e-23	5.2370192432123e-21	2.9320260639253e-24	2.6276831002845e-05	0.0052798036067079
9.2	0.075253907164714	1.73739659432e-39	6.8079481026595e-35	2.2184082695818e-23	3.3591748702988e-21	4.9644308732104e-24	2.450782808133e-05	0.0054772511150129
9.48	-0.0039150248486328	6.0477805073761e-39	1.7948520505241e-35	4.4973809769808e-23	2.187317151866e-21	1.0336733756312e-23	2.2327838321599e-05	0.0057822162032946
9.872	-0.0041904538916016	1.501427358103e-39	3.1862734386048e-36	4.7490208709214e-23	1.6219878535638e-21	1.0463297926294e-23	1.9748586925285e-05	0.0062362985572426
10	-0.00428044375	2.5227289276676e-39	1.8079636049015e-36	4.6918378618355e-23	1.5654686333533e-21	1.0174820688822e-23	1.9003398719342e-05	0.0063834788150379
10.2	0.095502116861979	7.7234802727058e-39	7.7474449263665e-37	9.6065920654755e-23	2.6648408810463e-21	2.056015770291e-23	1.7916468855681e-05	0.0066138486023553
10.48	-0.00462921	8.2701306721013e-39	2.5424120207663e-37	2.7130494473338e-22	4.4249060413576e-21	5.9606944513684e-23	1.6560038372774e-05	0.0069577666985966
10.872	-0.004921630555013	1.4850584909213e-39	5.9606285239599e-38	2.7659480987544e-22	5.4504643973844e-21	5.8228073951585e-23	1.491111571964e-05	0.0074380524862333
11	-0.0050139450455729	4.4755914639903e-40	3.6876521265186e-38	2.7047089368776e-22	5.7590271134286e-21	5.6070683392725e-23	1.4424857650421e-05	0.007588719610568
11.2	0.10376386379395	1.2871521048015e-41	1.7847248999167e-38	4.6938629528323e-22	1.0825627526523e-20	9.5074097982655e-23	1.3700509911824e-05	0.0078126250396989
11.48	-0.0053486261914062	1.2567195503817e-37	6.8083966933269e-39	9.6999526322501e-22	1.6864637997306e-20	1.9982093891163e-22	1.2785800847365e-05	0.008137521260456
11.872	-0.0056095066861979	7.7822665108704e-39	1.9105909307399e-39	9.193087320746e-22	1.924514266621e-20	1.8266675990863e-22	1.1644568837248e-05	0.0085645030632278
12	-0.0056891009863281	4.5030740646133e-39	1.2483764727278e-39	8.8321590518237e-22	1.97966434664e-20	1.7320363013644e-22	1.1301695544363e-05	0.0086942114134447
12.2	0.10823541066569	1.6631125488328e-39	6.5175315265539e-40	1.3682013142641e-21	3.2923856120959e-20	2.6267114046903e-22	1.0780982658057e-05	0.0088763089706971
12.48	-0.0059608832714844	2.9635975679757e-39	2.7245254450113e-40	2.2954132985071e-21	4.5158408743668e-20	4.4636076538566e-22	1.0118332821168e-05	0.0091383082324805
12.872	-0.0061610681738281	1.0411634540417e-40	8.4958295206795e-41	2.0622809154751e-21	4.7733955629928e-20	3.8851499981637e-22	9.2752750407886e-06	0.0094651125037331
13	-0.0062203046289063	1.9554433507704e-39	5.7286256626131e-41	1.951927618602e-21	4.7965937167451e-20	3.6347055791837e-22	9.0185589691229e-06	0.0095615604107411
13.2	0.10823167769531	5.7275328164178e-40	3.1235829995805e-41	2.7477182841857e-21	7.1492605784384e-20	5.0200461020665e-22	8.6230496416052e-06	0.0096879403415224
13.48	-0.0064119852213542	6.492972481578e-40	1.3749962239858e-41	3.827551736738e-21	8.7598881246189e-20	7.0331579560829e-22	8.1178144402253e-06	0.009874029535374
13.872	-0.0065484908203125	2.6593257217972e-40	4.54564544332e-42	3.2623116613512e-21	8.6607152682522e-20	5.8194852509204e-22	7.4670637898024e-06	0.010096568399894
14	-0.0065878701595052	2.1924936143761e-40	3.1184580699666e-42	3.0418504115273e-21	8.5268430615454e-20	5.3677869042635e-22	7.2672628440547e-06	0.01016067076962
14.2	0.10650239982259	5.6419510126877e-40	1.7413809926876e-42	3.9680633897401e-21	1.1607615932527e-19	6.8835423038024e-22	6.9564300546419e-06	0.010236548415786
14.48	-0.0067086598404948	7.0180892690752e-39	7.8843043191014e-43	4.8993076347093e-21	1.3060240860933e-19	8.5146246659695e-22	6.5589852694702e-06	0.010357329735556
14.872	-0.0067943282519531	1.9297387213918e-39	2.6901079050771e-43	4.0164157156511e-21	1.2218496171941e-19	6.7858593981893e-22	6.0435221527456e-06	0.01049696745561
15	-0.0068185380729167	3.3938279756673e-40	1.862757411498e-43	3.7049017842987e-21	1.1834617045875e-19	6.1953271680769e-22	5.884531852772e-06	0.010536396789349
15.2	0.10934334447428	2.9587849112605e-41	1.0534589443297e-43	4.6904891340328e-21	1.530471143515e-19	7.7250399763228e-22	5.6351522993136e-06	0.01057449060487
15.48	-0.0068878420068359	4.5635828900805e-39	4.8423086712453e-44	5.7341671607897e-21	1.6598428031088e-19	9.4920568321646e-22	5.317077937813e-06	0.010649174763635
15.872	-0.0069391982666016	9.7430407518564e-40	1.6805860689846e-44	4.661232802619e-21	1.5047058241598e-19	7.5152150459808e-22	4.9030914496963e-06	0.010732980923799
16	-0.0069534546728516	9.7857127767278e-40	1.1696073367244e-44	4.2897123035865e-21	1.444778474997e-19	6.848584838858e-22	4.7750976265657e-06	0.010756231074797
16.2	0.10079177219889	1.7483249256362e-39	6.6633621172721e-45	5.172625994412e-21	1.7688235259329e-19	8.1351512224767e-22	4.5739000467206e-06	0.010771740958385
16.48	-0.0069907185286458	9.7674498012634e-39	3.0887852896512e-45	5.5729125999785e-21	1.8120050737487e-19	8.7339463027014e-22	4.3170736103288e-06	0.010816946533817
16.872	-0.0070209195052083	6.6840999850555e-40	1.0821377447836e-45	4.3406382632427e-21	1.5902681010812e-19	6.6205279358394e-22	3.9822206132964e-06	0.010866329720755
17	-0.0070291657014974	7.7627026138575e-40	7.5524605094157e-46	3.9450966642883e-21	1.5111383854136e-19	5.958730284189e-22	3.8785732521118e-06	0.010879811631201
17.2	0.097740543496094	1.8265184920718e-39	4.3202271472452e-46	4.5416797938399e-21	1.7686180721135e-19	6.7680068346506e-22	3.7152020963715e-06	0.010881592441499
17.48	-0.00704744078125	1.0411769667398e-38	2.0122185216909e-46	4.7082530130833e-21	1.7414008193075e-19	7.017199800385e-22	3.5069387614556e-06	0.010909674841626
17.872	-0.0070655865983073	9.6239021864267e-39	7.0882763329922e-47	3.6437388974686e-21	1.4841964897365e-19	5.3077097298009e-22	3.2352031544563e-06	0.010939454599466
18	-0.007070451188151	2.043934203055e-39	4.9553550955675e-47	3.3136329848072e-21	1.3992006470868e-19	4.786554035378e-22	3.1510491886117e-06	0.010947440579603
18.2	0.094272207172852	2.0109205471588e-39	2.8417427994664e-47	3.8006098874809e-21	1.590751982764e-19	5.4372642041193e-22	3.0181836243423e-06	0.010941862723065
18.48	-0.007078301735026	8.0900362772108e-39	1.3274960132714e-47	3.9129645960825e-21	1.5350431311418e-19	5.6163082600313e-22	2.8489870649118e-06	0.010960387328659
18.872	-0.0070898301855469	1.2584461282214e-37	4.692328877985e-48	3.0584007130031e-21	1.2967600471702e-19	4.3022968392501e-22	2.6281697542959e-06	0.010979392147037
19	-0.007092851780599	5.8827859039413e-38	3.2839406811315e-48	2.7913487083771e-21	1.2204158492921e-19	3.8971276458991e-22	2.5597715401303e-06	0.010984385306673
19.2	0.090696930620117	1.7223226635545e-38	1.8864715109432e-48	3.199132186286e-21	1.3719932556453e-19	4.4331751414815e-22	2.4516760949913e-06	0.010975111328886
19.48	-0.0070951998095703	5.0066733422589e-40	8.8302115334168e-49	3.2620058066136e-21	1.3138806476506e-19	4.541850834772e-22	2.3141284266278e-06	0.010988403356928
19.872	-0.0071031483984375	8.7480314199499e-40	3.1287105079116e-49	2.5660255093769e-21	1.1101716932551e-19	3.5094914432429e-22	2.1346131892651e-06	0.01100158896767
20	-0.0071051868782552	1.7169470166954e-39	2.1913630561357e-49	2.3478535891808e-21	1.0453253719413e-19	3.189413533057e-22	2.0790063986253e-06	0.011004979041103
20.2	0.091834408572591	1.0587417138163e-39	1.2602171553226e-49	2.7283585140463e-21	1.181396296739e-19	3.6889149766074e-22	1.9908817629215e-06	0.010993222319846
20.48	-0.0071044014192708	5.2140835150067e-40	5.9074443549425e-50	2.8690055520984e-21	1.139336102692e-19	3.923433280829e-22	1.8790606522772e-06	0.01100391582772
20.872	-0.007110565	2.2404697022156e-39	2.097021529231e-50	2.3118357117605e-21	9.7172878830117e-20	3.1162198291065e-22	1.7331421770906e-06	0.011014190276491
21	-0.0071121079166667	5.3974646847231e-40	1.469695232351e-50	2.1321080252632e-21	9.1831638399964e-20	2.8571435675535e-22	1.6879441358194e-06	0.011016775190768
21.2	0.083179982049154	3.7189681246853e-40	8.4631378547491e-51	2.45441667139e-21	1.0291146596335e-19	3.2754173905133e-22	1.6164820014455e-06	0.011005319485832
21.48	-0.0071103567122396	7.0109905080676e-40	3.9726090940977e-51	2.4482785854006e-21	9.8510051846691e-20	3.2784001829116e-22	1.5255928751493e-06	0.011014174441816
21.872	-0.007115351875	1.0729059634855e-39	1.4124414283593e-51	1.932962379684e-21	8.4192238793643e-20	2.5459152388204e-22	1.4069972821701e-06	0.011022526810178
22	-0.007116583108724	7.6970886219623e-40	9.9045810870582e-52	1.7699985659118e-21	7.9542539025181e-20	2.3168996050041e-22	1.3702650412157e-06	0.011024602059082
22.2	0.079659119138997	1.235016727561e-39	5.7091049011232e-52	1.9745350508853e-21	8.7937287492507e-20	2.575036549372e-22	1.3121974940705e-06	0.011013024987504
22.48	-0.0071141348665365	8.5250004951399e-40	2.6829635654479e-52	1.9174766455385e-21	8.3007228014147e-20	2.514619565257e-22	1.238339341407e-06	0.011020874986372
22.872	-0.0071184968180339	3.9405200729731e-41	9.5530153721601e-53	1.5111742812127e-21	7.0171653060227e-20	1.9582654404599e-22	1.1419791894742e-06	0.011028191928536
23	-0.00711956375	2.3623653079522e-39	6.7023936417772e-53	1.3869850435787e-21	6.6101556183841e-20	1.7890894892063e-22	1.1121362467528e-06	0.011029995345539
23.2	0.065228502001953	2.2308636279324e-39	3.8687868765451e-53	1.4926667294923e-21	7.0218864552789e-20	1.9221951150137e-22	1.06525750805e-06	0.011020469574845
23.48	-0.007117587561849	3.295715234019e-39	1.8203976116512e-53	1.3677019851706e-21	6.4611780124788e-20	1.758371109438e-22	1.0052506843078e-06	0.011027074956068
23.872	-0.0071212593261719	6.4591458089385e-39	6.4907080406439e-54	1.0500093164671e-21	5.3871596785239e-20	1.3306334830478e-22	9.2695984495603e-07	0.01103324067219
24	-0.0071221547688802	3.845059817385e-39	4.5561314938839e-54	9.5493493769066e-22	5.0510951373268e-20	1.2039623960233e-22	9.0271491900563e-07	0.011034764573375
24.2	0.026434120079753	9.6240020041097e-40	2.6363721205176e-54	8.939845234832e-22	4.8644561919372e-20	1.120442111875e-22	8.6541105483431e-07	0.011031395778934
24.48	-0.0071223872770182	3.8819352866928e-40	1.2424694477978e-54	7.3077730730335e-22	4.2459861599007e-20	9.0450197833974e-23	8.1664626732791e-07	0.011035420495362
24.872	-0.007124673688151	2.9238994947399e-39	4.4360422139341e-55	5.1645970594155e-22	3.3815100128568e-20	6.1975790560923e-23	7.5299702058245e-07	0.011039340767875
25	-0.0071252508968099	1.5315127037432e-39	3.1153717609033e-55	4.5706054146084e-22	3.1201747934063e-20	5.4118395450895e-23	7.3328770591341e-07	0.01104034701758
25.2	0.13677813506999	2.0771859582717e-38	1.7952332315769e-55	9.3164672865713e-22	3.8286385991175e-20	1.0828259441777e-22	7.0098173109584e-07	0.011017669148217
25.48	-0.0071174461702474	1.9477801679591e-40	8.4551395801432e-56	7.2226170477355e-21	7.2148230737869e-20	8.5330181197026e-22	6.6139333498973e-07	0.011027342110093
25.872	-0.0071224551090495	8.4319119283144e-39	3.0228063020043e-56	7.42564095544e-21	8.3050821263941e-20	8.4436771177494e-22	6.0981250496127e-07	0.011036099074571
26	-0.007123672491862	3.6514344147047e-39	2.1239013548737e-56	7.2535773088652e-21	8.6540524077744e-20	8.1345840440826e-22	5.9384135722499e-07	0.011038203205073
26.2	0.14707366460124	4.4673553078025e-39	1.2242354393859e-56	1.2385122970844e-20	1.7107292919578e-19	1.3580990013607e-21	5.6745969409213e-07	0.01101512326533
26.48	-0.0071167440413411	3.0345562819704e-38	5.7707249889974e-57	2.4614710684888e-20	3.0656170565257e-19	2.8886604796558e-21	5.3538740291546e-07	0.011026688592375
26.872	-0.0071227156559245	5.6848391991231e-40	2.0658437065996e-57	2.0525358939103e-20	3.2478024196468e-19	2.3605450986929e-21	4.9361292089372e-07	0.011037045092458
27	-0.0071241466048177	1.3046939711313e-39	1.4522111200627e-57	1.8850998697778e-20	3.2417284749295e-19	2.1509802757401e-21	4.8067888263534e-07	0.011039507578558
27.2	0.15080649830404	3.1454425758121e-38	8.3753643459277e-58	2.5542389205057e-20	5.0662549605198e-19	2.9138710270225e-21	4.5922793003049e-07	0.011016219511636
27.48	-0.0071174699039714	3.5447649240504e-38	3.9515992385774e-58	3.8819906470839e-20	6.8325978246506e-19	4.7559012763498e-21	4.3325831789659e-07	0.011028412481847
27.872	-0.0071237680257161	6.1973442947769e-39	1.4164879838797e-58	2.9910938043242e-20	6.361641812705e-19	3.6194154222807e-21	3.9943972205075e-07	0.011039296199477
28	-0.0071252671809896	3.1885073603218e-39	9.9621242417096e-59	2.6911318008386e-20	6.1251367135781e-19	3.2370628917594e-21	3.889694643329e-07	0.011041876099918
28.2	0.14577397813802	1.2599811349955e-38	5.750905399076e-59	3.3365895845654e-20	8.2639236428126e-19	4.0204155188408e-21	3.7162514141293e-07	0.011019575810425
28.48	-0.0071190621972656	6.7622972743279e-38	2.7162027653599e-59	4.3136298940529e-20	9.5512063541691e-19	5.4507188982195e-21	3.5060300305227e-07	0.011031610206473
28.872	-0.0071252991129557	9.463094696396e-39	9.7492588670418e-60	3.2066202837644e-20	8.3222015489563e-19	3.9970438579146e-21	3.2322862504403e-07	0.011042353224403
29	-0.0071267867008464	4.3022055790083e-39	6.8598750540508e-60	2.8591760931176e-20	7.8687352702916e-19	3.5416590362075e-21	3.1475384929815e-07	0.011044899874503
29.2	0.14680673848307	2.8826333846141e-38	3.9627063485399e-60	3.4668967273955e-20	1.0004654031194e-18	4.2983001770821e-21	3.0068404016901e-07	0.011022367414292
29.48	-0.0071204502832031	5.5718799580514e-39	1.8734147239675e-60	4.5116498013402e-20	1.1084209753032e-18	5.8528286765033e-21	2.8366988670188e-07	0.011034415941639
29.872	-0.0071267014990234	7.3653443404096e-40	6.7330306725013e-61	3.3588435258924e-20	9.4182148519118e-19	4.2934731347891e-21	2.6151757717912e-07	0.011045174062865
30	-0.0071281889746094	5.267528522257e-40	4.7398013871384e-61	2.9980332723393e-20	8.8486360086733e-19	3.806638987448e-21	2.5465972677622e-07	0.011047724573616
30.2	0.15314818363281	9.675575815676e-39	2.7392014023747e-61	3.7311525385511e-20	1.1216772187494e-18	4.7354596061624e-21	2.4321356837064e-07	0.011024101324468
30.48	-0.007121445078125	2.9888393399293e-38	1.2961271069395e-61	5.2809560468958e-20	1.2717769284858e-18	7.0211631501562e-21	2.2944749553299e-07	0.011036516991013
30.872	-0.007127867109375	9.1256153173445e-40	4.6643462068046e-62	3.9727333244013e-20	1.0827755269205e-18	5.1902585562021e-21	2.1152799112346e-07	0.011047596571027
31	-0.00712939625	3.4622213858282e-40	3.2850735460183e-62	3.5533720299452e-20	1.0181681786333e-18	4.6071665539535e-21	2.0598067556918e-07	0.011050221306084
31.2	0.14366845758789	5.6933950046705e-38	1.9006505927761e-62	4.2761921999195e-20	1.2632750873424e-18	5.5092834182418e-21	1.9676232969497e-07	0.011028295544256
31.48	-0.007123352648112	3.2777773236968e-38	9.003415690604e-63	5.1239219057357e-20	1.3513358705557e-18	6.7613862296387e-21	1.856262399269e-07	0.011040252720204
31.872	-0.0071295684130859	1.8709322516641e-39	3.2442582931596e-63	3.729924499694e-20	1.1317798441943e-18	4.8266024686757e-21	1.7112912232923e-07	0.011050937345115
32	-0.0071310514713542	7.5463827644536e-40	2.2859866180324e-63	3.3061777066107e-20	1.0584135823784e-18	4.2448579108114e-21	1.6664136151026e-07	0.011053471684442
32.2	0.14051709761393	1.1752364687863e-38	1.323733846032e-63	3.8364462913484e-20	1.2727536796868e-18	4.8990911701874e-21	1.5918898038428e-07	0.011031957834016
32.48	-0.0071250617008464	1.4851459041575e-38	6.2769000674929e-64	4.4591496027539e-20	1.3144806660988e-18	5.8552120228426e-21	1.5017992596356e-07	0.011043622655501
32.872	-0.007131147117513	1.0209109732895e-38	2.2647302318914e-64	3.2409656192136e-20	1.0818862170428e-18	4.1853943840911e-21	1.3845203732525e-07	0.01105406003444
33	-0.0071325948372396	4.274621433938e-39	1.5965340124942e-64	2.8757403087727e-20	1.0070423644233e-18	3.6879440330062e-21	1.3482158019904e-07	0.011056538909656
33.2	0.13603536350911	5.0419332667524e-39	9.2533703144907e-65	3.3252600595305e-20	1.18294665146e-18	4.2509419120327e-21	1.2880295226778e-07	0.011035709085461
33.48	-0.0071267991666667	8.9174192854201e-38	4.3922958439406e-65	3.7948868792509e-20	1.1947556867908e-18	4.9832626109028e-21	1.2151472815925e-07	0.011047049629096
33.872	-0.0071327401595052	1.6365990817045e-38	1.5868099893331e-65	2.7737804724215e-20	9.7748356313496e-19	3.5842982646982e-21	1.1202681831595e-07	0.011057212360376
34	-0.0071341541878255	8.6050102301881e-39	1.1191535124797e-65	2.4667083864889e-20	9.0877384693466e-19	3.1659104203211e-21	1.0908979177345e-07	0.011059629522832
34.2	0.13744126879395	3.9667078674522e-38	6.4907082415533e-66	2.8966173242673e-20	1.0689658023735e-18	3.7101823202137e-21	1.0421129260822e-07	0.011038471324243
34.48	-0.0071281608235677	4.4730595383687e-38	3.0838473346742e-66	3.4640907496801e-20	1.0901874796412e-18	4.5835000847559e-21	9.8315364768094e-08	0.011049818191997
34.872	-0.0071341131217448	1.1994913034107e-38	1.1155465047289e-66	2.5789267176514e-20	8.977823679904e-19	3.3601374015738e-21	9.0640563031612e-08	0.011059992661708
35	-0.0071355322786458	5.7229770208948e-39	7.8714601333281e-67	2.3062023510629e-20	8.3674355369179e-19	2.9847032332816e-21	8.8264804046573e-08	0.011062413863126
35.2	0.12485873377604	3.7187049005797e-39	4.5709640113017e-67	2.6499839760049e-20	9.669011577438e-19	3.415067315777e-21	8.4346732247169e-08	0.011043397953242
35.48	-0.007130350390625	3.9903324137258e-39	2.1742312587242e-67	2.8170936681692e-20	9.516158986679e-19	3.6878703696505e-21	7.9576842601121e-08	0.011054029444256
35.872	-0.0071359662239583	3.0891083884007e-39	7.8751867431767e-68	2.0500062610552e-20	7.7853981294277e-19	2.6369177146648e-21	7.3366597097422e-08	0.011063589675144
36	-0.0071373074414062	1.0828845696483e-39	5.5594362924636e-68	1.821728048351e-20	7.2387598370758e-19	2.3269564636578e-21	7.1444194639616e-08	0.011065871106368
36.2	0.12533719408366	9.3716372072201e-39	3.2305809823913e-68	2.0654756396398e-20	8.2852705233577e-19	2.6308776045636e-21	6.8270134974764e-08	0.011046588737572
36.48	-0.0071318721565755	9.0662830936814e-39	1.5381260802456e-68	2.2618720663453e-20	8.1079957910895e-19	2.9573451640501e-21	6.4410497603278e-08	0.011057079167939
36.872	-0.0071374333723958	7.8994321180002e-40	5.5783592761193e-69	1.6792715689498e-20	6.6089955678915e-19	2.1669261947552e-21	5.9385568579293e-08	0.011066524945052
37	-0.0071387606640625	4.4353149306341e-40	3.9398393208207e-69	1.5040248645706e-20	6.1433761329714e-19	1.9295918116706e-21	5.7830078286082e-08	0.01106878190233
37.2	0.1129079104541	8.4568184920472e-40	2.2923140925685e-69	1.6936481013497e-20	6.8724360710156e-19	2.1689392882745e-21	5.5280871781242e-08	0.01105158094729
37.48	-0.0071340962386068	7.7412160332149e-40	1.0926475257496e-69	1.7222693387029e-20	6.5489666613075e-19	2.2358817495685e-21	5.2157403491973e-08	0.011061333802355
37.872	-0.0071393095719401	1.7777244448224e-39	3.9678325875091e-70	1.2667831659045e-20	5.3244153605194e-19	1.6192570143334e-21	4.8090010275181e-08	0.011070147884122
38	-0.007140553758138	7.6154724533429e-40	2.8036712346576e-70	1.1314859675022e-20	4.9458571894928e-19	1.4373108133967e-21	4.6830918312374e-08	0.011072261452711
38.2	0.10726121605469	8.3985683762006e-40	1.6328153994656e-70	1.246233157782e-20	5.4505575056765e-19	1.5795688607336e-21	4.4773882811307e-08	0.011055836169203
38.48	-0.0071360440136719	3.0754030362912e-39	7.7910132584809e-71	1.2405329681089e-20	5.1154653214905e-19	1.5962995508083e-21	4.2245387545768e-08	0.011065095239141
38.872	-0.0071410218815104	1.3006180075346e-39	2.8328598421755e-71	9.1911346519406e-21	4.1376785101685e-19	1.168320340352e-21	3.8952442530203e-08	0.011073490113982
39	-0.0071422088297526	3.3422331713583e-40	2.0026282467385e-71	8.2462664994328e-21	3.8396280564597e-19	1.0428792174137e-21	3.7933074198899e-08	0.011075509438094
39.2	0.10159068947754	5.5968844063529e-40	1.1674139247298e-71	9.1321003148917e-21	4.1818755466903e-19	1.1556642275629e-21	3.6273077267434e-08	0.011059925959425
39.48	-0.0071379297965495	4.7967097661643e-39	5.5761238484264e-72	9.0999327496113e-21	3.8954321735891e-19	1.1698578354613e-21	3.4225814806698e-08	0.011068750547072
39.872	-0.0071427016975911	5.5905293143766e-39	2.0301170673536e-72	6.8776488008715e-21	3.1642690130317e-19	8.7453993816489e-22	3.1559304311314e-08	0.011076777017619
40	-0.0071438431998698	1.029842545763e-39	1.4358123463385e-72	6.2133312951617e-21	2.9427382388838e-19	7.8632356135054e-22	3.0733842747792e-08	0.011078713557536
