# Time [h]	Carbondioxide [NL]	Methane [NL]	Hydrogen [NL]	Sum [NL]
0.2	1.9585902034568	8.7897038678187	0.0001057285191482	10.748399799795
0.48	4.5724568941647	9.9488178617097	7.8887034835066e-05	14.521353642909
0.872	6.9611531721421	11.807110687629	7.1731292268687e-05	18.768335591063
1	7.4068120177496	12.301582793508	7.1487258657522e-05	19.708466298516
1.2	9.5815212700388	15.818441750656	0.00012062647793946	25.400083647173
1.48	10.083636132807	16.360085870683	0.00010462448668733	26.443826627977
1.872	10.910703967112	17.684341239137	0.00010022230881691	28.595145428558
2	11.166295652154	18.121249456037	9.997847060418e-05	29.287645086661
2.2	12.529007435766	21.064945123434	0.00011945687714229	33.594072016077
2.48	12.742103218297	21.26110876257	0.00011186983459155	34.003323850702
2.872	12.896788398778	21.642249830273	0.00010974689188206	34.539147975942
3	12.922726537062	21.753677350018	0.00010957857552394	34.676513465655
3.2	13.315932707613	23.675002608672	0.00011492772366417	36.991050244008
3.48	13.246925112129	23.394076576505	0.00011209188393256	36.641113780518
3.872	13.148732471013	23.341220149566	0.00011130500037449	36.490063925579
4	13.116093277708	23.340898760503	0.00011123136294534	36.457103269574
4.2	13.211257201613	24.619121589194	0.00011238028298581	37.830491171089
4.48	13.155121765803	24.359019606131	0.00011164828555583	37.51425302022
4.872	13.088701253078	24.289775008379	0.00011143364937205	37.378587695106
5	13.067759291742	24.279250122668	0.00011141048557458	37.347120824896
5.2	13.105816652842	25.186622087863	0.0001116156854834	38.292550356391
5.48	13.073463102966	24.979618799947	0.0001114671989795	38.053193370112
5.872	13.035566806924	24.916902846119	0.0001114152239145	37.952581068267
6	13.023664691901	24.90494170242	0.00011140782309699	37.928717802144
6.2	13.047199812305	25.598659689432	0.000111432609862	38.645970934347
6.48	13.028617518865	25.427999680313	0.00011140877341897	38.456728607951
6.872	13.007010781406	25.36989817605	0.00011139543096152	38.377020352887
7	13.000171473976	25.35744504485	0.00011139257595431	38.357727911402
7.2	13.019693824021	25.928580198171	0.00011140416011716	38.948385426352
7.48	13.008655581788	25.779788972157	0.00011139261707421	38.788555946562
7.872	12.99614350585	25.724188230068	0.00011138555725352	38.720443121475
8	12.992106524295	25.711441159128	0.00011138398015905	38.703659067403
8.2	13.010543296677	26.212252339482	0.00011139572576153	39.222907031884
8.48	13.003657267179	26.076154464161	0.00011138566913385	39.079923117009
8.872	12.99623710641	26.021814864616	0.00011138053926741	39.018163351566
9	12.993761653372	26.008857004733	0.00011137953202708	39.002730037637
9.2	13.011930182744	26.469224857143	0.00011139835823557	39.481266438245
9.48	13.007353955039	26.340412627153	0.00011138473022204	39.347877966922
9.872	13.00280105988	26.286689166837	0.00011137911898566	39.289601605836
10	13.001203914114	26.273582171581	0.00011137826074699	39.274897463956
10.2	13.019324615533	26.710601713461	0.0001114150623952	39.730037744057
10.48	13.01605520345	26.585998423709	0.00011139084522033	39.602165018004
10.872	13.013145482956	26.532639970243	0.00011138157147617	39.545896834771
11	13.012052859298	26.519454932898	0.00011138039324386	39.531619172589
11.2	13.030198651619	26.943026880643	0.0001114316752509	39.973336963938
11.48	13.027689039637	26.820918998612	0.00011139921435135	39.848719437464
11.872	13.025748963393	26.767883951133	0.00011138629774444	39.793744300825
12	13.024954570101	26.754692371412	0.0001113846840426	39.779758326197
12.2	13.043161466147	27.170655648082	0.00011144570050231	40.213928559929
12.48	13.041102758017	27.050067257361	0.00011140794040208	40.091281423318
12.872	13.039742025854	26.997346368855	0.00011139219077357	40.0371997869
13	13.039124961281	26.984192348263	0.0001113901811174	40.023428699725
13.2	13.057397689963	27.395971013045	0.00011145278642128	40.453480155794
13.48	13.055602494517	27.276302947498	0.00011141440043389	40.332016856415
13.872	13.054578193557	27.223840462295	0.00011139782473646	40.278530053676
14	13.054062983631	27.210732820829	0.00011139566399621	40.264907200124
14.2	13.072382744778	27.620255009443	0.00011145543166183	40.692749209652
14.48	13.070734161006	27.501125998609	0.00011141893620645	40.571971578551
14.872	13.069893884151	27.448837655517	0.00011140284393527	40.518842942512
15	13.069433688146	27.435764857305	0.00011140071767908	40.505309946168
15.2	13.087776213316	27.844056187177	0.00011146139647457	40.93194386189
15.48	13.086204529342	27.72523414683	0.00011142462074904	40.811550100793
15.872	13.085457789879	27.673043712392	0.00011140822985645	40.758612910502
16	13.085025223181	27.659990111716	0.00011140605024856	40.745126740947
16.2	13.103365181996	28.067548766189	0.00011145537070771	41.171025403556
16.48	13.101830346616	27.948896392924	0.00011142514347689	41.050838164684
16.872	13.101127575755	27.896749097938	0.00011141157849042	40.997988085272
17	13.100707959301	27.883701835011	0.00011140976646473	40.984521204079
17.2	13.119032845885	28.290765714434	0.00011145416131611	41.409910014481
17.48	13.117515127529	28.172214920595	0.00011142714513241	41.289841475269
17.872	13.116830986788	28.120078669411	0.00011141498205284	41.237021071181
18	13.116416843922	28.107029806159	0.00011141335467056	41.223558063435
18.2	13.134718212407	28.513702454964	0.00011145279964593	41.648532120171
18.48	13.133207614692	28.395218100208	0.00011142880575347	41.528537143705
18.872	13.132529761421	28.343074763058	0.00011141798313823	41.475715942462
19	13.132117512338	28.33001960603	0.00011141653394032	41.462248534902
19.2	13.150390855765	28.736342706182	0.00011145146799117	41.886845013414
19.48	13.148882777889	28.617908347572	0.00011143022696377	41.766902555688
19.872	13.148205566355	28.565748396357	0.00011142063391281	41.714065383346
20	13.147793591941	28.552684383383	0.00011141934878079	41.700589394673
20.2	13.166037718835	28.958675786462	0.00011145355539665	42.124824958852
20.48	13.164530394142	28.840285225561	0.00011143289735105	42.004927052601
20.872	13.163851297929	28.788104055889	0.00011142356180781	41.95206677738
21	13.16343886228	28.775029920976	0.00011142231108873	41.938580205567
21.2	13.181650486499	29.180688609278	0.00011144927234035	42.362450545049
21.48	13.180142571244	29.062336480182	0.00011143277047924	42.242590484196
21.872	13.17946069253	29.010131205964	0.00011142530238313	42.189703323796
22	13.179047590429	28.997046087419	0.00011142430106736	42.176205102149
22.2	13.197227437599	29.402373420754	0.0001114481344569	42.599712306488
22.48	13.195719033451	29.284060143393	0.00011143365534619	42.4798906105
22.872	13.19503409051	29.231829925536	0.00011142709616695	42.426975443142
23	13.194620225764	29.218733567295	0.00011142621634495	42.413465219275
23.2	13.212766776946	29.623725117557	0.00011144189532113	42.836603336398
23.48	13.211257514785	29.505448994922	0.00011143216297783	42.71681794187
23.872	13.21056952404	29.453193089792	0.0001114277454049	42.663874041578
24	13.210154932611	29.440085245271	0.00011142715214358	42.650351605034
24.2	13.228269811373	29.844742851877	0.00011143245699005	43.073124095707
24.48	13.226760180741	29.726505525615	0.00011142885629243	42.953377135212
24.872	13.2260692871	29.674224621606	0.0001114272383791	42.900405335944
25	13.225653980855	29.661105505481	0.0001114270225229	42.886870913358
25.2	13.243780106079	30.065551810875	0.00011153085281427	43.309443447806
25.48	13.242279024698	29.947393808494	0.00011147153947459	43.189784304731
25.872	13.241581740246	29.895097175279	0.00011144495528117	43.13679036048
26	13.241163887067	29.881970197006	0.00011144141022236	43.123245525483
26.2	13.259260223881	30.286147369185	0.00011156020099966	43.545519153268
26.48	13.257756057813	30.168022324609	0.00011148934237549	43.425889871764
26.872	13.257051516244	30.115699861006	0.00011145739502221	43.372862834645
27	13.256631596452	30.102561805694	0.00011145311366783	43.359304855259
27.2	13.274695158926	30.506438699193	0.00011158924329043	43.781245447362
27.48	13.273188772895	30.388347704239	0.00011150792275701	43.661647985056
27.872	13.272478960885	30.335999371757	0.00011147115513854	43.608589803797
28	13.272057591414	30.322849981441	0.00011146621686285	43.595019039073
28.2	13.290084818882	30.726400579519	0.00011160458384421	44.016597002985
28.48	13.288576171139	30.608342058021	0.00011152144109825	43.897029750602
28.872	13.287862382784	30.555966982686	0.00011148375652743	43.843940849226
29	13.287440036544	30.542805841171	0.00011147868640643	43.830357356401
29.2	13.305435825584	30.946029958805	0.00011162752139033	44.25157741191
29.48	13.303926669431	30.828010527219	0.00011153839359983	44.132048735044
29.872	13.303209535168	30.775610103979	0.0001114979221969	44.07893113707
30	13.302786318899	30.762437599975	0.00011149246924003	44.065335411343
30.2	13.320754300192	31.165344168762	0.00011165948418732	44.486210128438
30.48	13.31924547179	31.047367578859	0.00011155976235942	44.366724610412
30.872	13.318524862191	30.994942818971	0.00011151441655086	44.313579195579
31	13.318100673053	30.98175929773	0.00011150829849774	44.299971479082
31.2	13.33603180567	31.384325763692	0.00011165716615894	44.720469226528
31.48	13.334520872805	31.266381132052	0.00011156713251453	44.601013571989
31.872	13.333796934749	31.213928917052	0.00011152610214772	44.547837377903
32	13.333372021118	31.200733391463	0.00011152055830747	44.534216933139
32.2	13.351269850168	31.6029593305	0.00011166273367406	44.954340843402
32.48	13.34975821185	31.485051860917	0.0001115770979827	44.834921649864
32.872	13.349031490219	31.43257334187	0.00011153800610065	44.781716370095
33	13.348605942666	31.419366119267	0.00011153271784434	44.768083594651
33.2	13.36646975367	31.82124846391	0.00011166365220429	45.187829881232
33.48	13.364957249336	31.703377397214	0.00011158466085278	45.068446231212
33.872	13.364227843593	31.65087231181	0.00011154854293752	45.015211703946
34	13.363801713863	31.63765330422	0.00011154365128541	45.001566561734
34.2	13.381634229473	32.039198261544	0.00011167350361253	45.42094416452
34.48	13.380121599507	31.921366827866	0.00011159554837535	45.301600022922
34.872	13.379389506526	31.86883606787	0.00011155986159422	45.248337134258
35	13.378962735885	31.855605558285	0.00011155502334488	45.234679849193
35.2	13.396757633564	32.256797380436	0.00011165837224237	45.653666672372
35.48	13.39524319447	32.138998027198	0.0001115954490319	45.534352817117
35.872	13.394508547847	32.086439490639	0.00011156658901049	45.481059605075
36	13.394081317581	32.073196811217	0.00011156267184459	45.467389691469
36.2	13.411844321011	32.474044902518	0.00011166296456729	45.886000886493
36.48	13.410329865923	32.35628512648	0.00011160268916092	45.766726595092
36.872	13.409592917072	32.303700784348	0.00011157501429307	45.713405276435
37	13.409165175637	32.290446524526	0.00011157125483108	45.699723271418
37.2	13.426891884167	32.69094188217	0.00011164917439526	46.117945415511
37.48	13.425376114876	32.573216078855	0.00011160167540991	45.998703795406
37.872	13.424636831113	32.52060448292	0.00011157982819248	45.945352893861
38	13.424208669738	32.507338200259	0.00011157685728655	45.931658446855
38.2	13.441901973032	32.907485187839	0.00011164444636388	46.349498805317
38.48	13.440385819592	32.789797167257	0.00011160354966609	46.230294590398
38.872	13.439644365648	32.737159327046	0.00011158471445491	46.176915277409
39	13.439215769244	32.723881320921	0.00011158215103283	46.163208672315
39.2	13.456876118467	33.123683039356	0.00011164024897853	46.580670798072
39.48	13.45535957527	33.006032966023	0.00011160510347771	46.461504146396
39.872	13.454615820965	32.953369021023	0.00011158889588094	46.408096430883
40	13.454186743187	32.940079354162	0.00011158668816085	46.394377684037
