# Time [h]	Carbondioxide [NL]	Methane [NL]	Hydrogen [NL]	Sum [NL]
0.2	9.5518932839518	-9.902608795534	0.00048542571471795	-0.35023008586757
0.48	9.3352381810997	4.1396928353251	-9.5862443975478e-05	13.474835153981
0.872	6.0936129540238	4.7405429232632	-1.8254445322397e-05	10.834137622842
1	3.4817097313086	3.86306332718	-1.9065125872213e-06	7.344771151976
1.2	10.873546261446	17.584294785742	0.0002456960964097	28.458086743284
1.48	1.7932673670308	1.9344432858084	-5.7149968757621e-05	3.7276535028704
1.872	2.1098669242457	3.3782024705479	-1.1230045587815e-05	5.488058164748
2	1.9968100393919	3.413345444528	-1.9049860369117e-06	5.4101535789339
2.2	6.8135589180597	14.718478336985	9.7392032690559e-05	21.532134647077
2.48	0.7610563661841	0.70058442548537	-2.7096580538375e-05	1.4616136950889
2.872	0.39460505224518	0.97229864209925	-5.4156701772669e-06	1.3668982786743
3	0.20264170534316	0.87052749800781	-1.3149715478018e-06	1.0731678883794
3.2	1.9660308527553	9.6066262932683	2.6745740701171e-05	11.572683891764
3.48	-0.24645569815794	-1.003307257738	-1.0127999041484e-05	-1.249773083895
3.872	-0.25049143141921	-0.13483782382397	-2.0073560154812e-06	-0.3853312625992
4	-0.25499369769306	-0.0025108520546047	-5.7529241522369e-07	-0.25750512504008
4.2	0.4758196195237	6.3911141434527	5.7446002023679e-06	6.8669395075766
4.48	-0.20048369931908	-0.92893565379372	-2.6142765356694e-06	-1.1294219673893
4.872	-0.16944008348241	-0.17664438202216	-5.4754128513275e-07	-0.34608501304586
5	-0.16360907293592	-0.082225669614633	-1.8096716775711e-07	-0.24583492351772
5.2	0.19028680550242	4.5368598259767	1.0259995441072e-06	4.7271476574787
5.48	-0.11554839241615	-0.73929745684276	-5.3030894252e-07	-0.85484637956786
5.872	-0.096674224597699	-0.1599896781327	-1.3258945152022e-07	-0.25666403531985
6	-0.092985273615329	-0.09344643515491	-5.7818886801979e-08	-0.18643176658913
6.2	0.11767560202089	3.4685899350583	1.2393382502773e-07	3.586265661013
6.48	-0.066365333716175	-0.60950003256648	-8.5130153674657e-08	-0.6758654514128
6.872	-0.055119228209675	-0.14821812312007	-3.4036881235202e-08	-0.20333738536663
7	-0.053432089300823	-0.097290087501173	-2.2304743875997e-08	-0.15072219910674
7.2	0.097611750223825	2.8556757666048	5.7920814251389e-08	2.9532875747494
7.48	-0.039422293689619	-0.53139723576486	-4.1225153382356e-08	-0.57081957067963
7.872	-0.031918561064831	-0.141838627778	-1.8009746663389e-08	-0.17375720685258
8	-0.031538918403185	-0.099586491716625	-1.232105054554e-08	-0.13112542244086
8.2	0.092183861908826	2.5040559017695	5.8728012382493e-08	2.5962398224064
8.48	-0.024592962493473	-0.48606384043208	-3.5916527423239e-08	-0.51065683884208
8.872	-0.018928981552075	-0.13862142741017	-1.3086393982601e-08	-0.15755042204864
9	-0.019339476864235	-0.10123328033459	-7.8690650594992e-09	-0.12057276506789
9.2	0.09084264685927	2.3018392620519	9.413104245418e-08	2.3926820030422
9.48	-0.016343670375374	-0.46004367853781	-4.8671476878344e-08	-0.47638739758466
9.872	-0.011614528467366	-0.13704964366178	-1.431437852446e-08	-0.14866418644352
10	-0.012477701295185	-0.10239840044013	-6.7049896431923e-09	-0.1148761084403
10.2	0.09060350709694	2.1850977094	1.8400824106936e-07	2.2757014005051
10.48	-0.011676471726142	-0.4450117491152	-8.6489910252728e-08	-0.45668830733125
10.872	-0.0074227563611603	-0.13611850373876	-2.3657510626651e-08	-0.14354128375743
11	-0.0085361223320228	-0.10300810426045	-9.2049399352387e-09	-0.11154423579741
11.2	0.09072896160693	2.117859738726	2.5641003520175e-07	2.208588956743
11.48	-0.0089628999361681	-0.43609957868126	-1.1593178412016e-07	-0.44506259454922
11.872	-0.0049491740912767	-0.13529348846688	-3.2950527818705e-08	-0.14024269550869
12	-0.0062061975983351	-0.10305921657252	-1.2607045672855e-08	-0.10926542677791
12.2	0.091034480230494	2.0798163833483	3.0508229856466e-07	2.170851168661
12.48	-0.0073525290349747	-0.43067282400319	-1.348575008302e-07	-0.43802548789567
12.872	-0.0034712555180668	-0.13449206251422	-4.0177623740739e-08	-0.13796335820991
13	-0.0048208169786123	-0.10276578587509	-1.5700438855488e-08	-0.10758661855414
13.2	0.091363643411002	2.0588933239075	3.1302651938891e-07	2.150257280345
13.48	-0.0064114123088694	-0.42738594837927	-1.370928121011e-07	-0.43379749778096
13.872	-0.0026130126534718	-0.13383287041658	-4.2284942430356e-08	-0.136445925355
14	-0.0040250775407563	-0.10240344895446	-1.688078314965e-08	-0.106428543376
14.2	0.091598805732929	2.0476109430708	2.988383280908e-07	2.139210047642
14.48	-0.0058877991845753	-0.42546075297906	-1.3034091206715e-07	-0.43134868250455
14.872	-0.0021435634047048	-0.1333886303376	-4.1051712203912e-08	-0.13553223479402
15	-0.0035952812932754	-0.10213123603073	-1.6611376447816e-08	-0.10572653393538
15.2	0.09171262585105	2.0414566493612	3.033939774498e-07	2.1331695786062
15.48	-0.0056131570506514	-0.42436442981016	-1.3134187690096e-07	-0.42997771820269
15.872	-0.0019049476088025	-0.13313886336229	-4.1813501496266e-08	-0.13504385278459
16	-0.0033794273335135	-0.10198125528138	-1.7028186686526e-08	-0.10536069964308
16.2	0.091699794076439	2.0377932723654	2.4660229576148e-07	2.1294933130441
16.48	-0.0054815549300662	-0.42375847594577	-1.0795439578097e-07	-0.42924013883023
16.872	-0.0017927828074826	-0.13302881374048	-3.4604557322062e-08	-0.13482163115252
17	-0.0032782535456105	-0.10193174161796	-1.41564507327e-08	-0.10521000932002
17.2	0.091624432921371	2.0353193971171	2.2197425692155e-07	2.1269440520127
17.48	-0.005420422701295	-0.42339569228355	-9.6486370370265e-08	-0.42881621147121
17.872	-0.0017452569932824	-0.13300064077478	-3.1028264217902e-08	-0.13474592879633
18	-0.0032354911402577	-0.10194424416135	-1.271392401369e-08	-0.10517974801553
18.2	0.091506842424085	2.0333632440267	1.9722487683044e-07	2.1248702836756
18.48	-0.0053949918391424	-0.42315840984486	-8.5692473043021e-08	-0.42855348737647
18.872	-0.0017292175285555	-0.13301871721791	-2.7608712344794e-08	-0.13474796235518
19	-0.0032206959568459	-0.10199341428765	-1.1321858694671e-08	-0.10521412156636
19.2	0.091366717133434	2.031615500759	1.746702542587e-07	2.1229823925627
19.48	-0.0053859924118248	-0.4229798521784	-7.5860812154434e-08	-0.42836592045104
19.872	-0.0017275804446675	-0.13306110003807	-2.447206878164e-08	-0.13478870495481
20	-0.003218550111192	-0.10206260135645	-1.0040093866283e-08	-0.10528116150774
20.2	0.091220634471547	2.0299570153932	1.7103307932436e-07	2.1211778208978
20.48	-0.0053833024756145	-0.42282343178786	-7.3778734310405e-08	-0.42820680804221
20.872	-0.001732388298234	-0.13311522875418	-2.3815161311066e-08	-0.13484764086757
21	-0.0032221535117005	-0.10214167901301	-9.7712428152039e-09	-0.10536384229596
21.2	0.091058121096896	2.0282934415089	1.348062581065e-07	2.119351697412
21.48	-0.0053854116255041	-0.42268617534322	-5.8935218238902e-08	-0.42807164590395
21.872	-0.0017394865156447	-0.13317671994372	-1.9051265595165e-08	-0.13491622551063
22	-0.0032273601627136	-0.1022274886332	-7.8227794454342e-09	-0.10545485661869
22.2	0.090899235849999	2.0266366666761	1.1916694769345e-07	2.1175360216931
22.48	-0.0053871576709774	-0.42254741914671	-5.1711109679921e-08	-0.4279346285288
22.872	-0.0017473034218962	-0.13324035167592	-1.6732600088679e-08	-0.13498767183041
23	-0.0032333183297567	-0.10231529875807	-6.8736094125154e-09	-0.10554862396143
23.2	0.090732755908558	2.0249577513093	7.839488089336e-08	2.1156905856128
23.48	-0.005390222003435	-0.4224147236949	-3.4758368913841e-08	-0.42780498045671
23.872	-0.0017550784296586	-0.13330588043362	-1.1269318708777e-08	-0.1350609701326
24	-0.0032389955407219	-0.10240503532141	-4.634854056943e-09	-0.10564403549699
24.2	0.09057439380773	2.0232880330308	2.6524232333625e-08	2.1138624533627
24.48	-0.0053915379710873	-0.42227616522308	-1.2859634339291e-08	-0.4276677160538
24.872	-0.0017624837782831	-0.13336965308284	-4.127329922819e-09	-0.13513214098845
25	-0.0032445800375314	-0.10249309472993	-1.6863765975996e-09	-0.10573767645384
25.2	0.09063062611923	2.0222315269676	5.1915145682646e-07	2.1128626722383
25.48	-0.0053610049312575	-0.42199286564628	-2.1183335598539e-07	-0.42735408241089
25.872	-0.0017787868683357	-0.13340977860873	-6.7816819935153e-08	-0.13518863329388
26	-0.0032644779547897	-0.10255451776112	-2.7695772009847e-08	-0.10581902341168
26.2	0.090481684072188	2.0208858608969	5.9395388651589e-07	2.111368138923
26.48	-0.0053720216728147	-0.42187515920186	-2.5306651492167e-07	-0.42724743394118
26.872	-0.0017972999207148	-0.13347567245718	-8.1498350188172e-08	-0.13527305387625
27	-0.0032806233769694	-0.1026410571246	-3.34480810926e-08	-0.10592171394965
27.2	0.090317812368941	2.0193844674935	6.8064811300119e-07	2.1097029605105
27.48	-0.0053799501115392	-0.42175355340678	-2.9043047648838e-07	-0.4271337939488
27.872	-0.0018107449232048	-0.13354166449414	-9.3794945079139e-08	-0.13535250321229
28	-0.0032919489857952	-0.10272961184221	-3.8580278845234e-08	-0.10602159940829
28.2	0.090136137341057	2.0177529903918	6.9183490677963e-07	2.1078898195678
28.48	-0.0053880276529115	-0.42163757677889	-2.9693837842319e-07	-0.42702590137018
28.872	-0.0018208886622055	-0.13360988605907	-9.6134109236544e-08	-0.13543087085539
29	-0.0032995799996299	-0.10282141808929	-3.9610320312822e-08	-0.10612103769924
29.2	0.089978945199096	2.0161205881678	7.4417491950509e-07	2.1061002775418
29.48	-0.0053898434021641	-0.42149796994939	-3.183135374973e-07	-0.42688813166509
29.872	-0.0018294241405885	-0.13367454908008	-1.0324337483385e-07	-0.13550407646404
30	-0.0033063771003872	-0.10291018753478	-4.2601225506062e-08	-0.10621660723639
30.2	0.089839906463034	2.0145328439369	8.3507473642507e-07	2.1043735854747
30.48	-0.0053886728615536	-0.42134496393915	-3.5614938534808e-07	-0.42673399295009
30.872	-0.0018382897941241	-0.13373663236741	-1.1567808305182e-07	-0.13557503783962
31	-0.0033139776377533	-0.10299625969643	-4.7797290014505e-08	-0.10631028513147
31.2	0.089655663085209	2.0128323298082	7.443383060205e-07	2.1024887372317
31.48	-0.0053961888049958	-0.42123082728381	-3.2154873003908e-07	-0.42662733763754
31.872	-0.0018467807537602	-0.13380667092	-1.046693031033e-07	-0.13565355634307
32	-0.0033196377458994	-0.10309004366171	-4.3311251955018e-08	-0.10640972471886
32.2	0.089489145247752	2.0111296951875	7.1087683296015e-07	2.1006195513121
32.48	-0.0053987082785653	-0.42109810565673	-3.0584175485625e-07	-0.42649711977705
32.872	-0.0018538817099143	-0.13387377307812	-9.9724188918171e-08	-0.13572775451222
33	-0.0033245902562597	-0.10318142658545	-4.131450236862e-08	-0.10650605815621
33.2	0.08931905501762	2.0094117232143	6.5467179976732e-07	2.0987314329038
33.48	-0.0054018011896417	-0.42096809534094	-2.821119697042e-07	-0.42637017864256
33.872	-0.0018607289384174	-0.13394154439795	-9.2137538928585e-08	-0.13580236547391
34	-0.003329138513475	-0.10327349680306	-3.8216032046997e-08	-0.10660267353257
34.2	0.089162578047555	2.0077247866207	6.4926163559905e-07	2.0968880139299
34.48	-0.0054022498758283	-0.42082654884911	-2.7841156133947e-07	-0.4262290771365
34.872	-0.0018675841360333	-0.13400704080611	-9.1037706964583e-08	-0.13587471597985
35	-0.0033341456344151	-0.10336335613831	-3.7798823037457e-08	-0.10669753957155
35.2	0.088974488395142	2.0059591107542	5.1674448745262e-07	2.0949341158938
35.48	-0.0054087110510296	-0.42071197584977	-2.2472575167605e-07	-0.42612091162655
35.872	-0.0018740985284873	-0.1340778993848	-7.3622503591781e-08	-0.13595207153579
36	-0.0033377364535571	-0.10345843298799	-3.0602858606219e-08	-0.1067962000444
36.2	0.088815017147681	2.004240456503	5.0146361351649e-07	2.0930559751143
36.48	-0.0054087681703801	-0.42057062870625	-2.1526930846777e-07	-0.42597961214594
36.872	-0.0018799715572264	-0.134143729927	-7.0599152693447e-08	-0.13602377208337
37	-0.0033417299629414	-0.10354890486292	-2.937079674664e-08	-0.10689066419666
37.2	0.088633542652081	2.0024767882184	3.8959782087975e-07	2.0911107204683
37.48	-0.0054134617546252	-0.42044929755305	-1.6963923339483e-07	-0.42586292894691
37.872	-0.0018859279667099	-0.13421325493678	-5.5732697515395e-08	-0.13609923863619
38	-0.0033450107402024	-0.10364283328735	-2.3210202552387e-08	-0.10698786723775
38.2	0.088466516467918	2.000734937901	3.3794538666954e-07	2.0892017923143
38.48	-0.0054148337121442	-0.42031435922389	-1.4605963497242e-07	-0.42572933899567
38.872	-0.0018914641435058	-0.13428020461797	-4.8049008126076e-08	-0.13617171681049
39	-0.0033484094092153	-0.10373442285589	-2.0026734998029e-08	-0.10708285229184
39.2	0.088301746117221	1.9990085921744	2.9048972851642e-07	2.0873106287813
39.48	-0.005416225705598	-0.42017883333121	-1.2551964579992e-07	-0.42559518455646
39.872	-0.001897332411382	-0.13434679847044	-4.1345910127956e-08	-0.13624417222773
40	-0.0033521701384572	-0.10382552234923	-1.7247813220441e-08	-0.1071777097355
