# Time [h]	MS [g]	AA [g]	Butyric [g]	MO_AcidoLCFA [g]	MO_ButyricValeric [g]	Propionic [g]	Carbondioxide [g]	Carbondioxide_gas [g]	Carbondioxide_sum [g]	MO_hydroM [g]	Valeric [g]	MO_acetoM [g]	LCFA [g]	MO_AcidoMS [g]	Methane [g]	Methane_gas [g]	Methane_sum [g]	MO_AcidoAA [g]	MO_Propionic [g]	Hydrogen [g]	Hydrogen_gas [g]	Hydrogen_sum [g]	Acetic [g]
0.2	0.0018260477259611	0.0057078484049495	0.026841512061892	47.216912100986	67.459608684737	0.064246923087785	24.621937812704	1.9794592301208	26.601397042824	110.08209590794	0.0073233721787562	64.080747096107	0.086053496462051	241.40745915994	2.0936192451085	3.2376530728645	5.331272317973	35.146692240253	39.055222779422	3.1573921787794e-07	4.9045063995017e-06	5.2202456173796e-06	44.332767779445
0.48	-3.6509585193753e-05	0.00051752282998492	0.004017555063056	47.209150133981	67.447424849643	0.017759834541278	21.9185339227	3.5067026842936	25.425236606994	110.07141594204	0.0011385713595908	64.317912261969	0.073340546049292	241.35152232369	2.1213041310016	2.0053773819854	4.126681512987	35.138954239279	39.049533804984	9.5518413829954e-08	1.2254344985082e-06	1.3209529123382e-06	38.031192633398
0.872	1.2065860414385e-06	1.5570714278438e-05	0.00027168714353422	47.197527028161	67.426049729969	0.0027453909237265	18.730117383821	3.8017278984214	22.531845282242	110.04209234993	7.6654164183649e-05	64.642930903655	0.058631061164191	241.27301251209	2.0738113556217	1.5468567429705	3.6206680985922	35.127564914326	39.037868784616	3.2568719217755e-08	2.6922984688529e-07	3.0179856610304e-07	29.358375066241
1	1.0385549391225e-07	4.9414572293858e-06	0.00010568938769031	47.193570791201	67.418911568859	0.0013938782155914	17.75834158401	3.5520520114999	21.310393595509	110.03158148846	2.9255810570351e-05	64.746984016699	0.054465363331606	241.24738127796	2.0515759085645	1.4436062552409	3.4951821638054	35.123834061906	39.03381274644	2.6343755920807e-08	1.8777553073512e-07	2.1411928665593e-07	26.576312620599
1.2	1.198154708982e-09	8.698314869637e-07	0.0015107652735201	47.187235561366	67.407979767084	0.0090451010870105	17.705568821412	4.2050403288121	21.910609150225	110.01600074743	0.00052176000561536	64.906381204603	0.048198231023658	241.20733782507	2.056840176583	2.1290356204841	4.1858757970672	35.11800436454	39.027775223334	5.0738499737467e-08	2.4817148589814e-06	2.5324533587189e-06	22.568934619558
1.48	-2.3204402166451e-11	7.9222702370344e-08	0.00021330439042562	47.178089855341	67.392517137272	0.0023575498573773	15.849154671342	3.1520122006642	19.001166872007	109.99340794632	6.7802861935579e-05	65.120141185907	0.041000230435763	241.15128817378	1.9754292008187	1.5281403344231	3.5035695352418	35.10984401245	39.019166259871	2.4180896441822e-08	6.311907248485e-07	6.5537162129032e-07	16.81811264651
1.872	7.678169276671e-13	2.4043870915824e-09	1.3739350556681e-05	47.16484144819	67.370624224222	0.00034845547939859	13.876821592675	2.8215101566714	16.698331749347	109.95982827662	3.8379264176327e-06	65.387517842503	0.032733852815237	241.07284057769	1.8019975955657	1.462644652325	3.2646422478907	35.098422625546	39.006608166187	1.4195448502972e-08	1.3849465124258e-07	1.5269009974555e-07	9.6209975990761
2	6.644041143142e-14	7.65156078017e-10	5.3063728474946e-06	47.160423679808	67.363468437411	0.00017535617612844	13.317876783754	2.7379312698735	16.055808053627	109.94869100313	1.4277201146525e-06	65.464884005475	0.030399770463173	241.04723056943	1.7305044923676	1.4625759185884	3.193080410956	35.094693996899	39.002475850586	1.2725226109595e-08	9.5991854818863e-08	1.0871708092846e-07	7.5263677798649
2.2	7.9570272146663e-16	1.3539888429106e-10	0.00070523209232258	47.153435038063	67.352405231746	0.0035219614932846	13.139517781172	3.1567390742675	16.29625685544	109.93170830274	0.0002477184736865	65.568133705181	0.02692213706362	241.00722034021	1.6125084350598	2.0812227202294	3.6937311552892	35.088868802223	38.99616935699	2.3725211223261e-08	1.0796153844287e-06	1.103340595652e-06	4.9418441834948
2.48	-1.5151670508116e-17	1.2438138503491e-11	9.9522297404797e-05	47.14349617687	67.336848742221	0.00090956211202824	11.396645731908	2.4717770275214	13.868422759429	109.90760726013	3.2241996843049e-05	65.665257645311	0.022896761733739	240.95121705034	1.2855664840896	1.5359586996464	2.821525183736	35.080715136316	38.987289078105	1.2294056956428e-08	2.7365562429149e-07	2.8594968124791e-07	2.2057638730274
2.872	5.0307096143704e-19	3.8294622743797e-13	6.4396766655328e-06	47.129332598834	67.314957775676	0.00013463510775715	9.1106231790244	2.160568103512	11.271191282536	109.87301920131	1.8347663869438e-06	65.714735257144	0.018279178922971	240.8728340966	0.79152124404464	1.4079814576787	2.1995027017233	35.069303157379	38.974658568574	7.7696018467326e-09	6.4081258044217e-08	7.185085989095e-08	0.60122776174676
3	4.3876581595035e-20	1.2242707958137e-13	2.4925502719384e-06	47.124656593632	67.307807203061	6.7920556820184e-05	8.4909783275844	2.0705164862196	10.561494813804	109.8616451723	6.8405361534844e-07	65.71948160635	0.016976832380006	240.84724516239	0.66602944172124	1.3928829853759	2.0589124270971	35.065577597726	38.970522561408	7.0326767819686e-09	4.5793227839499e-08	5.2825904621467e-08	0.36950472666845
3.2	5.4392573079104e-22	2.1850556247292e-14	0.0002596385066416	47.117303034921	67.296678495943	0.0010984657987905	7.7075715198301	1.9723194243275	9.6798909441576	109.8439916859	9.1124442770985e-05	65.720784372244	0.015060912010543	240.80726788956	0.54437280530576	1.9204796977141	2.4648525030198	35.059757202415	38.964107235407	1.0257635309054e-08	3.6627566508781e-07	3.7653330039686e-07	0.26897893080227
3.48	-1.0232547194263e-23	2.0354812707702e-15	3.6753204312512e-05	47.106922707469	67.281075261739	0.00028447955022273	6.542340908207	1.6346151119179	8.176956020125	109.81913971452	1.191551042075e-05	65.716275946049	0.012815975048145	240.75131083091	0.40461229464692	1.5301528027436	1.9347650973905	35.051610268478	38.955110054707	6.1487328836755e-09	9.8504039852656e-08	1.0465277273633e-07	0.14386517825985
3.872	3.422983310299e-25	6.421346139268e-17	2.3987548584487e-06	47.092252354648	67.259193485547	4.2479679949955e-05	5.5062765422157	1.4462473778949	6.9525239201105	109.78402832222	6.846338943226e-07	65.704652567727	0.010240996424686	240.67299276316	0.30943669355018	1.4969260718715	1.8063627654217	35.040207736954	38.942454101357	4.2557291418523e-09	2.7669324506605e-08	3.1925053648458e-08	0.10299828379099
4	3.0254456222769e-26	2.0700949629334e-17	9.31903815126e-07	47.087433861574	67.252048467591	2.1511524564797e-05	5.2492032678337	1.3916712483485	6.6408745161822	109.77252872669	2.5623238412733e-07	65.700474772254	0.0095152100613434	240.64742503252	0.29326784182011	1.5069992993339	1.800267141154	35.036485264437	38.938318474942	3.8951379130412e-09	2.1177363385137e-08	2.5072501298178e-08	0.099221074004676
4.2	3.9400069122926e-28	3.7501680857976e-18	6.714062971034e-05	47.07987921375	67.24089672565	0.00026285752308588	4.8142512955521	1.2441536073914	6.0584049029435	109.75457715107	2.3289868851187e-05	65.694177614091	0.0084624872904571	240.60748089541	0.30099842297881	1.9087707373999	2.2097691603787	35.030669693454	38.931868134665	4.4296322093831e-09	9.830558238771e-08	1.0273521459709e-07	0.11075054492309
4.48	-7.3348584974928e-30	3.5798426795769e-19	9.5808131070149e-06	47.069256268018	67.2252806898	6.8550431081436e-05	4.2603232081243	1.0915963674524	5.3519195755767	109.72939126172	3.0730065573893e-06	65.685148571115	0.0072114251226072	240.55157023831	0.2869723460737	1.658320302028	1.9452926481017	35.02252951523	38.922835091619	3.1444411560361e-09	3.1125613935941e-08	3.4270055091977e-08	0.099346746675461
4.872	2.4905271000275e-31	1.1823898031266e-20	6.3502596910876e-07	47.054308867374	67.203413194315	1.0362945336538e-05	3.7528263467563	0.98685842128003	4.7396847680363	109.69402233572	1.7951836953952e-07	65.671979690224	0.0057756754014139	240.47331713902	0.27715784003923	1.6517572275366	1.9289150675759	35.011136442633	38.910177177518	2.3580195037879e-09	1.2095853690928e-08	1.4453873194716e-08	0.09616720932014
5	2.2562698787825e-32	3.8745278569006e-21	2.482989362325e-07	47.049412808486	67.196273942093	5.2755995897419e-06	3.6204955491574	0.95526962356754	4.575765172725	109.68245880047	6.7637216805679e-08	65.667642669626	0.0053711538600895	240.44777061946	0.27607320933465	1.660799019115	1.9368722284497	35.007417058294	38.906043920841	2.1784553667792e-09	1.0109045215816e-08	1.2287500582595e-08	0.095966418235495
5.2	3.2007530628106e-34	7.2179677464015e-22	1.3107901234389e-05	47.041748887765	67.18512244108	4.9730593073965e-05	3.3787917518681	0.86474995486696	4.2435417067351	109.66438715967	4.450033442026e-06	65.660893768122	0.0047906365119574	240.40785961631	0.29173568724263	1.9395368116382	2.2312724988808	35.001606311367	38.899588504501	2.1234430892538e-09	2.4014178475216e-08	2.613762156447e-08	0.09757100353465
5.48	-5.8648080178039e-36	7.2162720274325e-23	1.9000029042211e-06	47.030994548875	67.16951216575	1.3111935344807e-05	3.0799289638576	0.78516883039783	3.8650977942554	109.63906533208	5.9693630819962e-07	65.651413627086	0.0040933483688688	240.35199534074	0.28902148069057	1.7555041733201	2.0445256540107	34.993472885946	38.890551871193	1.6944050764516e-09	1.0418493896508e-08	1.211289897296e-08	0.096710485475919
5.872	2.0625104331442e-37	2.6198861781975e-24	1.2945858479506e-07	47.015898280269	67.147661721921	2.0205837100417e-06	2.8027530409666	0.72664620162187	3.5293992425885	109.60357686776	3.5909491149662e-08	65.638066376708	0.0032927668282657	240.27380716274	0.28629534723334	1.7488669065054	2.0351622537388	34.982089265412	38.877901257697	1.332238657752e-09	5.8623215934364e-09	7.1945602511884e-09	0.097125428162183
6	2.7919466962801e-38	8.885403240487e-25	5.1200379586426e-08	47.01096082966	67.140528346771	1.0375528095101e-06	2.7296776638718	0.70885751886141	3.4385351827332	109.5919828677	1.3690723424486e-08	65.633701397356	0.0030672607359399	240.24828183762	0.2861768136625	1.7541210801523	2.0402978938148	34.978372966828	38.873771155696	1.2382311125295e-09	5.2365449625219e-09	6.4747760750514e-09	0.097380214387924
6.2	-4.7390530339101e-40	1.7544974666753e-25	1.6694809117121e-06	47.003238841934	67.129384215207	6.3174795210969e-06	2.5945284151085	0.65750777564931	3.2520361907578	109.57386332975	5.4620576010762e-07	65.626876150427	0.0027458225468263	240.20840394575	0.29842266760265	1.9597891917455	2.2582118593481	34.972567040659	38.867318962574	1.1303330567972e-09	6.5052374814351e-09	7.6355705382323e-09	0.097949231015123
6.48	1.9643505115169e-38	1.9339234240242e-26	2.489033017856e-07	46.992415195315	67.113785380389	1.6946303054275e-06	2.4266300790212	0.61268852452878	3.03931860355	109.54848761674	7.5451800313618e-08	65.617309877726	0.002357094178808	240.15258601724	0.29615216905644	1.8130023519063	2.1091545209628	34.96444036303	38.858287574524	9.5514132546816e-10	4.2984747344658e-09	5.2536160599339e-09	0.098829416583172
6.872	8.3747531694496e-39	8.6397950207958e-28	1.7804428548611e-08	46.977241542516	67.091952832117	2.6959680772114e-07	2.2727237967287	0.58077778961623	2.8535015863449	109.51294893549	4.7791582917465e-09	65.603897104473	0.0019105838028122	240.07446270792	0.29365816348921	1.8040892685373	2.0977474320265	34.953066186897	38.845646799179	7.7026461454494e-10	3.15304878538e-09	3.9233133999249e-09	0.10044190577553
7	5.494099382662e-39	3.1604652032558e-28	7.1823897010527e-09	46.972282864221	67.08482536517	1.4046492183768e-07	2.2323170029347	0.57101711550672	2.8033341184414	109.50134250743	1.8598681532853e-09	65.599514744739	0.0017848033392323	240.04895855983	0.29341040861211	1.8067866182418	2.1001970268539	34.949352971534	38.841520066626	7.1920609244149e-10	2.9144615020358e-09	3.6336675944773e-09	0.10101288646496
7.2	1.8754260885135e-39	7.078327013411e-29	7.8891257014692e-07	46.964531379557	67.073690331556	2.8409713693234e-06	2.156942313461	0.54217343998907	2.6991157534501	109.48320635798	2.4598713135507e-07	65.592660933124	0.0016056601214096	240.00911375257	0.30305163932974	1.971276676393	2.2743283157227	34.943551862242	38.835073040722	6.5788481042399e-10	3.5221048200508e-09	4.1799896304747e-09	0.10204460441568
7.48	7.6559506024443e-39	9.5979044352498e-30	1.2341523196375e-07	46.953673111331	67.058104321864	7.8865120968199e-07	2.0597804167927	0.51522522863193	2.5750056454246	109.4578134381	3.5725835124358e-08	65.583054409874	0.0013887069220088	239.95334213337	0.3005547049691	1.8458992233076	2.1464539282767	34.935431926907	38.82604896516	5.6212717197933e-10	2.4566170733941e-09	3.0187442453734e-09	0.10374666544466
7.872	2.4027312674172e-39	6.4620573060423e-31	9.5785176859494e-09	46.938462016595	67.036289869218	1.3269241019983e-07	1.9741126823635	0.49857742331779	2.4726901056812	109.42226085003	2.4675665114491e-09	65.569584605358	0.0011392058320087	239.87528363909	0.29785689548671	1.8352653889186	2.1331222844053	34.924067187369	38.813418624957	4.5927039309835e-10	1.8497212343484e-09	2.3089916274467e-09	0.10659887040001
8	6.2046873165277e-39	2.721537007809e-31	3.9900091114624e-09	46.933493379414	67.02916831481	7.0816085608437e-08	1.9520279136164	0.49341726223852	2.4454451758549	109.41065187681	9.9276793366211e-10	65.565184024551	0.0010688402276647	239.84980065051	0.29747305036877	1.8364409230091	2.1339139733779	34.920357052673	38.809295311629	4.3072855029036e-10	1.7172113991498e-09	2.1479399494402e-09	0.10757845085933
8.2	5.7729854075408e-39	7.6078148211962e-32	8.2566871104957e-07	46.925728393351	67.018042516824	2.9182632988275e-06	1.9101758970854	0.47722174006753	2.387397637153	109.3925135342	2.4197565681804e-07	65.558300214126	0.00096844158735128	239.80998890045	0.30557855169624	1.9777047291481	2.2832832808444	34.914560756267	38.802853629973	4.016366671826e-10	2.5011852016699e-09	2.9028218688525e-09	0.10929020775357
8.48	-8.6138521427641e-39	1.4331871143023e-32	1.3925795205636e-07	46.914854968754	67.002469439698	8.5177418425654e-07	1.8518989037615	0.45983997977506	2.3117388835366	109.3671208021	3.8009059985222e-08	65.548650030854	0.00084666742286767	239.75426355217	0.30292126864468	1.8646509908452	2.1675722594899	34.906447557637	38.793837041946	3.4411113215815e-10	1.5815311213308e-09	1.9256422534889e-09	0.11202429030276
8.872	-5.2669955806149e-37	1.6324109673919e-33	1.2227407883764e-08	46.899628852941	66.980673087087	1.555310476999e-07	1.8043558472606	0.45189918709381	2.2562550343544	109.33157383181	2.992898611481e-09	65.535117914449	0.00070601379977946	239.67626981918	0.30008099820518	1.8529455729634	2.1530265711686	34.895092246867	38.781217183188	2.8490477099646e-10	1.1358531451516e-09	1.4207579161481e-09	0.11638712083731
9	-1.4533743300529e-37	8.0998545115154e-34	5.3328740858201e-09	46.89465658262	66.973557441238	8.5874090193635e-08	1.792590114028	0.4493590017166	2.2419491157446	109.31996778933	1.2628834791022e-09	65.530697824499	0.0006661893705635	239.65080797255	0.2996168855696	1.8532429185838	2.1528598041534	34.891385190286	38.777097291263	2.6862786796231e-10	1.0504983706127e-09	1.319126238575e-09	0.11784578838357
9.2	-3.1061211087363e-39	2.8761306471687e-34	1.3459109261322e-06	46.886887074794	66.962440931567	4.6879003830157e-06	1.7696114163551	0.44028208079654	2.2098934971517	109.3018352314	3.6743250824864e-07	65.523783623338	0.00060906129506067	239.61102925234	0.30685068150231	1.9813187587648	2.2881694402671	34.885593702781	38.770661015564	2.6391597866285e-10	2.4937730404745e-09	2.7576890191374e-09	0.12031034660891
9.48	-2.3332340214129e-39	7.4412893530292e-35	2.5132933413184e-07	46.876009416763	66.946880832661	1.4645793832611e-06	1.7330252685079	0.42815519248966	2.1611804609976	109.27645237656	6.4177835312179e-08	65.514092368768	0.00053950055897425	239.55535013664	0.3041207966668	1.8753746813897	2.1794954780565	34.877487235275	38.761651988671	2.2264860422292e-10	1.2562996729222e-09	1.4789482771451e-09	0.12407482925102
9.872	3.9295715907278e-39	1.2990638100678e-35	2.5847717305433e-08	46.860780832344	66.925102577238	2.9680355445084e-07	1.7070075591298	0.4251752889607	2.1321828480905	109.24092194527	5.9773948698729e-09	65.500508961743	0.00045833229245088	239.47742111128	0.30123291685932	1.8630434005164	2.1642763173757	34.866141345459	38.749042631945	1.8563004891611e-10	7.6124498535095e-10	9.4687503426706e-10	0.12973691020141
10	-1.1027252355601e-38	7.3436711819903e-36	1.1910101406404e-08	46.855808462374	66.917992835845	1.7065602583557e-07	1.7011051085287	0.42412830526696	2.1252334137956	109.22932189152	2.6702057409776e-09	65.496074223746	0.00043515291854697	239.45198038911	0.30073515348507	1.8628392779014	2.1635744313865	34.862437364443	38.744926161837	1.7585787161586e-10	6.8727962481457e-10	8.6313749643043e-10	0.13156971017264
10.2	-3.2435025047642e-38	3.1354987020762e-36	2.6664801954502e-06	46.848039436973	66.906885687854	9.2082513246756e-06	1.6888716059402	0.41909204352163	2.1079636494619	109.21119973771	6.8099279110085e-07	65.489140486453	0.0004015512571721	239.41223467142	0.30749471119331	1.9833706803563	2.2908653915496	34.856650681863	38.738495376486	1.9820860064365e-10	3.6503265175664e-09	3.84853511821e-09	0.13455300482052
10.48	2.308488550646e-37	1.0244924582125e-36	5.5756725516555e-07	46.837163606312	66.891338642182	3.1037941082066e-06	1.6646203114235	0.40991606304241	2.0745363744659	109.18583237979	1.3383895470826e-07	65.479428477471	0.00036035955126628	239.35660175009	0.30476714344999	1.8815457288557	2.1863128723057	34.848550939918	38.72949402428	1.5651545124645e-10	1.4578936326778e-09	1.6144090839242e-09	0.13886282470471
10.872	1.6766672464753e-39	2.3930328759893e-37	6.7556545507874e-08	46.821939462551	66.869578492148	7.0080397937042e-07	1.6510017841297	0.40979327666216	2.0607950607919	109.15032460172	1.4832007685088e-08	65.465830235403	0.00031149436971884	239.2787373789	0.30191472577027	1.8688556611524	2.1707703869227	34.837214463272	38.716895212713	1.2786982315143e-10	6.3067966761439e-10	7.5854949076581e-10	0.14492892338113
11	2.3206548670496e-39	1.4792357758948e-37	3.2825484128917e-08	46.816968924947	66.862474652211	4.1899440932394e-07	1.6484956230669	0.40960870114865	2.0581043242155	109.1387322207	7.0009391888251e-09	65.461393436761	0.00029735756950109	239.25331776377	0.3014147234135	1.8683640064864	2.1697787298999	34.833513555284	38.712782168212	1.2119180973569e-10	5.2701163259278e-10	6.4820344232847e-10	0.1468243026507
11.2	2.1327150666842e-40	7.1565703633859e-38	3.7443812762938e-06	46.809203104264	66.851376807293	1.3064843399517e-05	1.642513260175	0.40690986141634	2.0494231215914	109.12062266013	9.0250219214904e-07	65.454461530433	0.00027659908021644	239.21360502138	0.30793164878921	1.9845576227696	2.2924892715589	34.827731673664	38.706356825907	1.6290622892721e-10	4.7056596275258e-09	4.8685658564531e-09	0.14978921780594
11.48	-9.0568066327845e-37	2.7271331667272e-38	8.6628978605723e-07	46.798332372055	66.83584276616	4.7099934255608e-06	1.6254428458204	0.3994274393722	2.0248702851926	109.09527346208	1.97100592595e-07	65.444760636399	0.00025089834915934	239.15801825632	0.30524610255243	1.8851132022497	2.1903593048022	34.81963865173	38.697363096877	1.1833345384036e-10	1.7687319055317e-09	1.887065359372e-09	0.15384547579851
11.872	-3.2407934299682e-38	7.6463100181646e-39	1.2035238204735e-07	46.783116354531	66.814100704585	1.1634888149264e-06	1.6191186332929	0.40098350290538	2.0201021361983	109.05979148784	2.5245406443615e-08	65.431192189715	0.00021981793398701	239.08021848595	0.30245672233357	1.8722102480162	2.1746669703498	34.808311580485	38.684774815331	9.2540763296149e-11	6.1279179475761e-10	7.0533255805376e-10	0.1591964856559
12	-1.9979583272e-38	4.9951773383886e-39	6.0967293378678e-08	46.77814867082	66.807002761699	7.1711421785601e-07	1.6186128339145	0.40130646250447	2.0199192964189	109.04820765926	1.2443096039366e-08	65.426766971422	0.00021069751465676	239.05481996044	0.30196347669654	1.8715504089386	2.1735138856352	34.804613742991	38.680665194185	8.7297604007707e-11	4.6955612457799e-10	5.568537285857e-10	0.16081242387368
12.2	-4.5525196435964e-39	2.6088644885678e-39	4.433598087478e-06	46.770387486363	66.795914165082	1.585456584048e-05	1.616326093906	0.3999896004957	2.0163156944016	109.0301117715	1.0175860089423e-06	65.419856891219	0.00019713072137561	239.01514016615	0.30835272368945	1.9852607149434	2.2936134386329	34.798836658371	38.67424524872	1.4145324420696e-10	5.4625767982617e-09	5.6040300424687e-09	0.16325270369067
12.48	-1.1722769364603e-38	1.0902408309255e-39	1.1050150995219e-06	46.759523560834	66.78039307147	6.0008820205455e-06	1.6034668797187	0.39348776737509	1.9969546470938	109.00478201713	2.4016680126487e-07	65.410191746896	0.00018017911284612	238.95959951924	0.30569897370411	1.8871649492548	2.1928639229589	34.790750350898	38.665259083397	9.4556006039106e-11	2.0465666163029e-09	2.141122622342e-09	0.16643728726384
12.872	2.9027350241104e-39	3.398963242893e-40	1.6888699192036e-07	46.744317581729	66.758669073735	1.5774632936674e-06	1.6014111265071	0.39603378242089	1.997444908928	108.96932742624	3.4022911824006e-08	65.396679427253	0.00015932873988667	238.88186429629	0.30294101268731	1.8741271541193	2.1770681668066	34.779432677279	38.652681304789	6.9607547876756e-11	6.3546644147529e-10	7.0507398935205e-10	0.17041806574065
13	-5.4058682850715e-39	2.2918166497454e-40	8.7965585588245e-08	46.739353279839	66.751577022537	9.9196413815388e-07	1.6020675201042	0.39665446113173	1.9987219812359	108.95775259621	1.7260595546792e-08	65.392272600762	0.00015313654804362	238.85648684297	0.30244674601486	1.873367358879	2.1758141048938	34.77573790774	38.648575102432	6.5047633931161e-11	4.5644997131909e-10	5.2149760525025e-10	0.17158625642262
13.2	-2.3911782979578e-39	1.2502739405089e-40	4.5054172972685e-06	46.731597471165	66.740497611115	1.6614782844654e-05	1.6019271428013	0.39614904901525	1.9980761918166	108.93967081042	9.8543348218245e-07	65.385392242003	0.00014382954355654	238.81683996948	0.30875466230345	1.9856794638571	2.2944341261605	34.769965616143	38.642160490425	1.2244900812458e-10	5.5858457583075e-09	5.7082947664321e-09	0.17329910930656
13.48	-4.4175186293474e-38	5.5029312202452e-41	1.1775541224664e-06	46.720741236267	66.724989390414	6.4800905246111e-06	1.591466835491	0.39020373347572	1.9816705689667	108.91436097135	2.4438546416925e-07	65.375769165754	0.0001321219731578	238.76134540253	0.30610073680905	1.8883248830901	2.1944256198992	34.761886017571	38.633181797703	7.6881433022394e-11	2.1131105797411e-09	2.1899920127635e-09	0.17546096990944
13.872	3.2336591607114e-39	1.8190962576388e-41	1.9087395861082e-07	46.705546291667	66.703283421864	1.768521623659e-06	1.591802670451	0.39331483649438	1.9851175069453	108.87893448465	3.6835761927203e-08	65.362314091078	0.00011754343877542	238.6836746735	0.30333112235263	1.8752014929329	2.1785326152855	34.75057773379	38.620614473159	5.3433165152664e-11	6.2735688485943e-10	6.8079005001209e-10	0.17805912568404
14	2.8696188603972e-40	1.2479565698183e-41	1.0109115216964e-07	46.700585648427	66.696197255693	1.1252842647253e-06	1.5931013934663	0.39410350686831	1.9872049003346	108.86736887112	1.9014430148756e-08	65.357924848967	0.0001131771034807	238.65831827489	0.30282676038899	1.8743833791031	2.1772101394921	34.746886029659	38.616511681272	4.9404187887487e-11	4.3460036163118e-10	4.8400454951867e-10	0.17880542002808
14.2	2.6355368115013e-39	6.9722562114757e-42	4.2572849388125e-06	46.692835605914	66.68512699978	1.6116772815537e-05	1.5941443951401	0.39405460665854	1.9881990017987	108.8493014137	8.8664030716831e-07	65.351071189239	0.00010656474880807	238.61870429489	0.30907485204675	1.9859238991701	2.2949987512168	34.741118527111	38.610102366363	1.0508910755216e-10	5.3337291816093e-09	5.4388182891615e-09	0.17987153025037
14.48	-2.8936098162644e-38	3.1564053655166e-42	1.1441108572558e-06	46.681987533618	66.669631611847	6.3915862370136e-06	1.5849775410458	0.38841218681274	1.9733897278585	108.82401173481	2.2635697503533e-07	65.341483411745	9.8213743827851e-05	238.56325576964	0.30640021931394	1.888970039361	2.195370258675	34.73304563187	38.60113109266	6.2825699200084e-11	2.0319067464376e-09	2.0947324456377e-09	0.181193821754
14.872	-2.9838285842854e-39	1.0768794190914e-42	1.9183205687817e-07	46.666804165707	66.647943645802	1.7811248303228e-06	1.5865705795983	0.39182724004128	1.9783978196396	108.78861372465	3.5356117752351e-08	65.328073052323	8.7731013244168e-05	238.48564948098	0.30359888968009	1.8757969777958	2.1793958674759	34.721746730128	38.588574187122	4.1462526682036e-11	5.8916845621547e-10	6.3063098289751e-10	0.18274324358901
15	1.6364163577709e-39	7.4567575924681e-43	1.0256892321003e-07	46.661847334177	66.640863358485	1.1406923321755e-06	1.5882013659463	0.39270503671005	1.9809064026563	108.77705744285	1.8431717767866e-08	65.32369708594	8.4574170152755e-05	238.46031411959	0.30308196079551	1.8749466378716	2.1780285986671	34.718058088861	38.584474798811	3.7932678053799e-11	3.9934611931337e-10	4.3727879736717e-10	0.18318198156943
15.2	-1.0644214643976e-39	4.2191634445738e-43	4.2772456958676e-06	46.654103276061	66.629802280008	1.643872783093e-05	1.5898566478175	0.39289939494308	1.9827560427606	108.75900459182	8.5091664359991e-07	65.316863096785	7.9761868996706e-05	238.42073300575	0.30928685298513	1.9860634084617	2.2953502614469	34.712295371383	38.578070804084	9.5265341466561e-11	5.3778333300647e-09	5.4730986715312e-09	0.18379700845606
15.48	-3.6888944289142e-38	1.9391087787273e-43	1.167687210784e-06	46.643263634653	66.614319744049	6.5776689655634e-06	1.5813492560721	0.38741508784064	1.9687643439128	108.73373542121	2.2082383196781e-07	65.307300453995	7.3679865801388e-05	238.36533048395	0.30658858381928	1.8893315649769	2.1959201487962	34.704229173903	38.569106981324	5.357065010028e-11	2.0506398320217e-09	2.104210482122e-09	0.184548851998
15.872	5.3643468572832e-39	6.7292296505916e-44	1.9953723616318e-07	46.62809215915	66.592649772569	1.8538231225099e-06	1.5835621755377	0.39098225837364	1.9745444339113	108.69836619022	3.5188177367739e-08	65.293920693592	6.600652983217e-05	238.28778858212	0.3037569162142	1.8761339284511	2.1798908446653	34.692939646407	38.556560500736	3.2957441302968e-11	5.8084938753691e-10	6.1380682883987e-10	0.1854208373327
16	2.9593844718599e-39	4.683123299952e-44	1.072620296909e-07	46.623139230079	66.585575359704	1.1914712570626e-06	1.5853532999105	0.39190404047785	1.9772573403884	108.68681931844	1.8446560898216e-08	65.289553661971	6.3687620788333e-05	238.26247424045	0.30322983726358	1.8752670355223	2.1784968727859	34.689254065456	38.552464514829	2.9689555656217e-11	3.8615221144072e-10	4.1584176709693e-10	0.18566602463555
16.2	8.8306398211738e-39	2.6691742229462e-44	3.4887981012436e-06	46.615401287346	66.57452338372	1.3623109987988e-05	1.587298258886	0.39221291125674	1.9795111701427	108.66878089507	6.6509662082095e-07	65.28273239727	6.0143289881548e-05	238.22292596546	0.30940622486034	1.9861408400656	2.2955470649259	34.683496129071	38.546065749864	7.6335101463053e-11	4.4281724620944e-09	4.5045075635574e-09	0.18598740420031
16.48	6.5318201959878e-38	1.2371094885387e-44	9.6094924225183e-07	46.604570240631	66.559053610796	5.4747071711922e-06	1.5791033212067	0.38680815174778	1.9659114729545	108.64353195789	1.7420766897953e-07	65.273185741618	5.5654120643511e-05	238.16756940887	0.30669075108426	1.889545870287	2.1962366213712	34.675436623785	38.537109245444	4.2256858518426e-11	1.6934040030847e-09	1.7356608616032e-09	0.18640608400765
16.872	1.6277715804872e-38	4.3336245523681e-45	1.6598918519244e-07	46.589410854386	66.537401593573	1.5520489573134e-06	1.5815992085597	0.39044630745905	1.9720455160187	108.60819147366	2.8076518423481e-08	65.259825614927	4.9971017560574e-05	238.09009184037	0.30383814987292	1.876341155307	2.18017930518	34.664156462747	38.524573119529	2.5455729665829e-11	4.7695725693173e-10	5.0241298659755e-10	0.18688663698845
17	2.2663784983269e-39	3.0244420655939e-45	8.9505203700981e-08	46.584461885204	66.530333047793	9.9942639631666e-07	1.5834620699003	0.39138846475058	1.9748505346509	108.59665403076	1.4765912636477e-08	65.255464354585	4.8249509300636e-05	238.06479850097	0.30330447201425	1.8754666471174	2.1787711191317	34.660473939571	38.520480524421	2.2817677606881e-11	3.1506584154022e-10	3.378835191471e-10	0.18702094762593
17.2	1.7272906490917e-39	1.7307724935158e-45	3.1249596037369e-06	46.576730141368	66.519290205755	1.2216092828257e-05	1.5855365771057	0.3917502336194	1.9772868107251	108.5786302323	5.7605658646696e-07	65.248651384057	4.5610093615882e-05	238.02528303755	0.30946248632855	1.9861868749075	2.2956493612361	34.654720780308	38.514087022874	6.5046566800966e-11	3.9564989328518e-09	4.0215454996528e-09	0.18717682288204
17.48	-4.7236012041829e-38	8.0601372721055e-46	8.6525765895682e-07	46.565907794845	66.503833229332	4.9221185006567e-06	1.5774880629936	0.38638686102759	1.9638749240212	108.55340180592	1.5171137270739e-07	65.23911521249	4.2266370689287e-05	237.969972408	0.30673663975461	1.8896890095931	2.1964256493477	34.64666796166	38.50513789033	3.4854197394089e-11	1.512273589169e-09	1.5471277865631e-09	0.18740784531958
17.872	-1.091915460025e-37	2.8389121247114e-46	1.5042565915786e-07	46.550760626428	66.482199164425	1.4003980918038e-06	1.5801068053978	0.39005491928424	1.970161724682	108.51809024851	2.4616887321161e-08	65.225768050495	3.8023116731605e-05	237.89255911942	0.30387201732651	1.8764861253503	2.1803581426768	34.635397159302	38.492612137737	2.0122395285016e-11	4.2146202034222e-10	4.4158441562724e-10	0.18767200434816
18	-2.3788063775274e-38	1.9845974118005e-46	8.1268472241817e-08	46.545815654993	66.475136482032	9.0285134586789e-07	1.5819993435667	0.39100555712711	1.9730049006938	108.50656227312	1.2972209338814e-08	65.22141064601	3.6735535643621e-05	237.86728676485	0.30333462654077	1.8756085235577	2.1789431500985	34.631717691362	38.488522934295	1.7852947196685e-11	2.7603552991388e-10	2.9388847711057e-10	0.1877456361962
18.2	-1.8290726875293e-39	1.1385419876413e-46	2.7805741740231e-06	46.538090165416	66.464102769989	1.0872454437243e-05	1.5841249599479	0.39138774618516	1.975512706133	108.48855315479	4.9948402018838e-07	65.21460321086	3.4756495145261e-05	237.82780408576	0.3094807799215	1.9862167615372	2.2956975414587	34.625969305255	38.482134696321	5.5511430129816e-11	3.5120630251782e-09	3.567574455308e-09	0.18780812694817
18.48	4.7717351217613e-38	5.3177823362392e-47	7.7247115568363e-07	46.52727658952	66.448658582466	4.3876108329113e-06	1.5761431048214	0.38604725557289	1.9621903603943	108.46334530079	1.3200196141589e-07	65.205074138875	3.2249258402044e-05	237.77253934512	0.30674984980311	1.8897990783996	2.1965489282027	34.617923167692	38.473192932919	2.8878941141412e-11	1.3413070152666e-09	1.370185956408e-09	0.18794026348532
18.872	-1.6166490101165e-36	1.8794388004479e-47	1.3485730198334e-07	46.512141725388	66.427042455613	1.2511693314678e-06	1.5788096484105	0.38972560155545	1.9685352499659	108.42806273327	2.1512972741313e-08	65.191736045885	2.9061449479671e-05	237.6951902831	0.30387943281011	1.8766030873736	2.1804825201838	34.606661716247	38.460677546193	1.6000367531168e-11	3.7065731406966e-10	3.8665768160083e-10	0.18809007493252
19	-5.9158191162436e-37	1.3152873418943e-47	7.2952344823286e-08	46.507200777267	66.419985631779	8.0728702823596e-07	1.5807125194232	0.39067914283382	1.971391662257	108.41654424283	1.1351874575755e-08	65.187381404403	2.8092783265635e-05	237.66993889594	0.30334019492159	1.8757246608313	2.1790648557529	34.602985301007	38.456591731714	1.4048191717578e-11	2.4113307204116e-10	2.5518126375874e-10	0.18813166361918
19.2	-1.3661570133213e-37	7.558467941398e-48	2.4686239813143e-06	46.499481579412	66.408961045829	9.6353180854821e-06	1.5828533403192	0.39106663835525	1.9739199786744	108.39854984162	4.3517697335061e-07	65.180577962189	2.6600769682567e-05	237.63048897396	0.3094781289784	1.9862390140342	2.2957171430126	34.597241684093	38.450208756464	4.7497459340767e-11	3.1075934729699e-09	3.1550909323107e-09	0.1881418918112
19.48	1.0024648057383e-38	3.5374348327557e-48	6.8741808357794e-07	46.488676821902	66.393529640484	3.8928851232842e-06	1.5749027733074	0.38574082422321	1.9606435975306	108.37336260651	1.1528794759695e-07	65.17105413034	2.4710546932844e-05	237.57527008414	0.30674537647576	1.8898949519606	2.1966403284364	34.589202222072	38.441274360865	2.405167565692e-11	1.1859257233177e-09	1.2099773989746e-09	0.18822405349871
19.872	4.5086569786981e-39	1.2532144470848e-48	1.2037140589948e-07	46.473554320766	66.37193143787	1.1119992807176e-06	1.5775845551685	0.38942065291378	1.9670052080823	108.33810907086	1.8848485210046e-08	65.157722992663	2.2303304679062e-05	237.49798519537	0.30387287234064	1.8767083869223	2.180581259263	34.577950113777	38.428769333487	1.2801055847763e-11	3.2551667455033e-10	3.3831773039809e-10	0.18831502386356
20	7.1209664175978e-39	8.7772778383127e-49	6.5180154503166e-08	46.468617413323	66.364880467825	7.1793775664554e-07	1.5794895031172	0.39037462649942	1.9698641296166	108.3266000762	9.9560549275148e-09	65.153370525583	2.1570937094573e-05	237.47275475823	0.30333285901148	1.8758301877324	2.1791630467439	34.574276748704	38.424686905431	1.1119087700564e-11	2.1064234926265e-10	2.2176143696322e-10	0.18834003190715
20.2	5.7045365099817e-39	5.0495253615726e-49	2.4145374716979e-06	46.460904532607	66.353865022824	9.3716087753949e-06	1.5816315999126	0.39076244602665	1.9723940459393	108.30862049892	4.2026732633938e-07	65.146570345239	2.0438960143016e-05	237.43333756618	0.30946431863105	1.9862583256764	2.2957226443074	34.568537897026	38.418309216393	4.403310768158e-11	3.0197466600505e-09	3.0637797677321e-09	0.1883234599119
20.48	-1.365697832472e-38	2.3666706730857e-49	6.73596471911e-07	46.45010862582	66.338446414455	3.7905520750536e-06	1.5736994430672	0.38544808254779	1.959147525615	108.28345402813	1.1155139022979e-07	65.137050893864	1.9007207066982e-05	237.37816448914	0.30673142076411	1.8899851509885	2.1967165717526	34.560505105007	38.409382222294	2.1392278410855e-11	1.1508608912226e-09	1.1722531696335e-09	0.18837912085167
20.872	6.2260838030713e-39	8.4000677948341e-50	1.1823768068528e-07	46.434998527285	66.316866129149	1.0844543359553e-06	1.5763843103142	0.38912543131703	1.9655097416313	108.24822960104	1.8283941629284e-08	65.123725649412	1.7181218705727e-05	237.30094372037	0.30385890133038	1.8768088994728	2.1806678008031	34.54926233211	38.396887564621	1.0645038949721e-11	3.1350992562176e-10	3.2415496457148e-10	0.18843957470323
21	-7.5243812578425e-40	5.8869770616701e-50	6.4077525902083e-08	46.43006567219	66.309821008797	7.005486998188e-07	1.5782881596767	0.39007871164272	1.9683668713195	108.23673011504	9.6661199051383e-09	65.119375052875	1.6625071531773e-05	237.27573421585	0.30331871477867	1.8759313615299	2.1792500763085	34.545592014673	38.392808522831	9.0689682342952e-12	2.0169755420427e-10	2.1076652243857e-10	0.18845605921148
21.2	5.5095343065012e-39	3.3910875135241e-50	1.9252823647196e-06	46.422359125667	66.298814660952	7.4973623728913e-06	1.5804225956366	0.39046063302287	1.9708832286595	108.21876522184	3.31946456505e-07	65.112577535084	1.5765588731712e-05	237.23634972657	0.30944500952306	1.9862752803293	2.2957202898523	34.539857924276	38.386436071622	3.4968435721676e-11	2.4130076455424e-09	2.4479760812641e-09	0.18841891221567
21.48	-5.7840178948561e-39	1.5915513494e-50	5.3795371286101e-07	46.411572091228	66.283408797152	3.034767137613e-06	1.5724999051209	0.38515592750906	1.95765583263	108.19361931242	8.8252935314945e-08	65.103061721934	1.4676384393953e-05	237.18122242429	0.30671331923517	1.890073398155	2.1967867173902	34.531831796723	38.377516407542	1.6903567891334e-11	9.2013888346323e-10	9.3704245135457e-10	0.1884662825827
21.872	1.6450902620604e-39	5.6579707009797e-51	9.4627483306522e-08	46.39647442154	66.261846401044	8.6927663507299e-07	1.5751810958685	0.38882969428561	1.9640107901541	108.15842390581	1.4497114707764e-08	65.089741702629	1.3285256281097e-05	237.10406572231	0.30384186281863	1.8769086464951	2.1807505093138	34.520598351478	38.365032079634	8.3360140332057e-12	2.5028555246178e-10	2.5862156649499e-10	0.18851330282482
22	7.5400884922952e-39	3.9674591240964e-51	5.1320073827375e-08	46.391545626459	66.254807124254	5.6180853196785e-07	1.5770825196866	0.38978205397964	1.9668645736662	108.14693391716	7.6700164640376e-09	65.085392809057	1.2861112658952e-05	237.07887713305	0.30330176821239	1.8760320242306	2.179333792443	34.516931079147	38.36095641689	7.0826278961177e-12	1.6076695696939e-10	1.6784958486551e-10	0.18852563084425
22.2	5.3761787248439e-39	2.2876053640451e-51	1.6984799523217e-06	46.383845425236	66.243809887898	6.5739491333199e-06	1.5792090010714	0.39015933000819	1.9693683310796	108.1289837936	2.9121989556689e-07	65.078597834688	1.220470303139e-05	237.0395253194	0.30942308416628	1.9862922939502	2.2957153781165	34.511201746082	38.354589223879	3.0033230854816e-11	2.1171437984883e-09	2.1471770293431e-09	0.18847777609329
22.48	7.8172938045079e-39	1.0749003514919e-51	4.7526820851523e-07	46.373067277031	66.228416783645	2.6638016921738e-06	1.5712965206679	0.38486438015995	1.9561609008278	108.10385857245	7.7541564370827e-08	65.069085544449	1.1372643104762e-05	236.98444375391	0.30669285930003	1.890161594016	2.196854453316	34.503182277466	38.34567692249	1.423662818699e-11	8.0728572293498e-10	8.2152235112197e-10	0.18852081383029
22.872	1.0072874342769e-38	3.8268557244385e-52	8.376475574328e-08	46.357982052731	66.206872269951	7.6410094486928e-07	1.57397451181	0.38853410082746	1.9625086126375	108.06869224215	1.2763652590085e-08	65.055770523211	1.0308524549496e-05	236.90735106557	0.30382296753583	1.8770082054298	2.1808311729657	34.491958152134	38.33320293433	6.7772663715066e-12	2.1894997812021e-10	2.2572724449172e-10	0.18856084998261
23	1.2374958897184e-38	2.6848396803184e-52	4.5460435780485e-08	46.353057322414	66.199838832654	4.9408803120701e-07	1.5758735470781	0.38948538925117	1.9653589363292	108.05721175768	6.7577726051414e-09	65.051423259589	9.9837597645394e-06	236.88218337421	0.30328312208503	1.8761325127689	2.179415634854	34.488293922384	38.329130650441	5.6951109305009e-12	1.4028928542114e-10	1.4598439635164e-10	0.18857102813126
23.2	9.6185381384121e-39	1.550149887328e-52	1.1354650041225e-06	46.345363473301	66.188850672422	4.4272439538356e-06	1.5779906767686	0.38985570765511	1.9678463844237	108.03927629126	1.9389091046946e-07	65.044630653742	9.4828247077858e-06	236.84286420909	0.30940006164305	1.9863086157476	2.2957086773906	34.482569342701	38.322768678242	2.071186177177e-11	1.4245440146271e-09	1.4452558763988e-09	0.18851702399426
23.48	-1.6505882091475e-38	7.2931318064479e-53	3.1816177064427e-07	46.334594219692	66.173470284889	1.7951209522603e-06	1.5700868315204	0.38457020366932	1.9546570351898	108.01417159447	5.1699977761621e-08	65.03512168477	8.8446352374268e-06	236.78782834242	0.30667193838758	1.8902499153119	2.1969218536995	34.474556527498	38.313863683864	1.0063317264851e-11	5.441082554945e-10	5.5417157275935e-10	0.18856011511136
23.872	-3.2672279492366e-38	2.6001346182207e-53	5.6179910048967e-08	46.319521450378	66.151943628529	5.1547731036128e-07	1.5727605523991	0.38823607550935	1.9609966279085	107.9790342608	8.5266192440432e-09	65.021811508014	8.0273007433499e-06	236.71079961462	0.30380382178939	1.8771083606579	2.1809121824473	34.463341714346	38.301400003044	5.0032842442386e-12	1.4787481726305e-10	1.5287810150729e-10	0.18859690102592
24	-1.4261662896187e-38	1.8251093305279e-53	3.0510157888027e-08	46.314600787483	66.14491602489	3.3346392865545e-07	1.5746571204108	0.38918639652864	1.9638435169394	107.96756326794	4.5175990455313e-09	65.017465838967	7.7776147430964e-06	236.68565280382	0.30326424511814	1.8762336491393	2.1794978942575	34.459680524651	38.297331091847	4.2618551621112e-12	9.4835674375795e-11	9.9097529537907e-11	0.18860584303687
24.2	-4.0852128554627e-39	1.0561874125233e-53	4.86483178383e-07	46.306913294197	66.13393692393	1.5828652008425e-06	1.5767701987659	0.38955259491109	1.966322793677	107.94964239049	5.9340729336409e-08	65.010675907254	7.398178226771e-06	236.64636626013	0.30937772598389	1.9863255431736	2.2957032691575	34.453960694409	38.290974315009	9.1900462697923e-12	5.2546088535354e-10	5.3465093162333e-10	0.18858178051697
24.48	-1.0191290712921e-39	4.9772755370102e-54	1.3649531027859e-07	46.296152939543	66.118569232343	6.3975854859838e-07	1.5688806896959	0.38427716068662	1.9531578503825	107.92455812679	1.5844759411697e-08	65.001170806541	6.9065956100079e-06	236.59137605439	0.3066524596039	1.8903384642926	2.1969909238965	34.445954527098	38.282076593315	5.1480769418604e-12	1.9973817651163e-10	2.048862534535e-10	0.18861046637807
24.872	1.3268635222755e-38	1.7769628843257e-54	2.414527865983e-08	46.281092629765	66.097060415259	1.8332425564527e-07	1.5715517432885	0.38793928772031	1.9594910310088	107.88944973903	2.6181203254548e-09	64.987865794825	6.2759471244031e-06	236.51441123405	0.3037857524796	1.8772083303673	2.1809940828469	34.434749018401	38.269623197593	3.1663650156791e-12	5.4626586425662e-11	5.7792951441341e-11	0.18863564044961
25	1.8230284441848e-39	1.2479206925365e-54	1.3121330571313e-08	46.276176035428	66.090038640132	1.1855134489514e-07	1.5734458264191	0.38888862236044	1.9623344487795	107.87798822834	1.3880785301516e-09	64.983521775177	6.0831143649179e-06	236.4892852865	0.3032462702863	1.8763345362169	2.1795808065032	34.43109086624	38.265557654352	2.856557326179e-12	3.5332375126045e-11	3.8188932452224e-11	0.18864193613883
25.2	6.0069342835597e-38	7.1953421138454e-55	7.8521622609336e-06	46.268494899306	66.079069241453	2.6309925177705e-05	1.5756130653519	0.38931547141453	1.9649285367664	107.86008452811	1.0262602091883e-06	64.976738310851	5.7744776239427e-06	236.4500313373	0.30935159345778	1.986359573689	2.2957111671468	34.425375781515	38.259206841286	1.0500650137583e-10	8.6151037484565e-09	8.7201102498323e-09	0.18880007909368
25.48	-1.9323884065174e-38	3.388222313389e-55	2.2062654446674e-06	46.257743444643	66.063714981567	1.0656249663466e-05	1.5678049326515	0.38405671391541	1.9518616465669	107.83502431355	2.7442386460053e-07	64.967242263614	5.3947156874234e-06	236.3950867547	0.30662382503595	1.8904216926443	2.1970455176803	34.417376256596	38.250317500739	4.1447624342951e-11	3.2497907721318e-09	3.2912383964748e-09	0.18870297106743
25.872	4.0371086787319e-38	1.211132093863e-55	3.910478574852e-07	46.242695594725	66.042224226786	3.0604774959585e-06	1.5705054310552	0.38770522293121	1.9582106539864	107.79994649618	4.543773390453e-08	64.953944610768	4.9076942048788e-06	236.31818578883	0.30375869611076	1.8772908560119	2.1810495521227	34.406180044639	38.237874915843	1.2610350012431e-11	8.6502215433092e-10	8.7763250434335e-10	0.18866955423563
26	1.8159624783964e-38	8.5093712425457e-56	2.1265886094294e-07	46.237783068801	66.035208298435	1.980551622427e-06	1.5723981956595	0.38864954809471	1.9610477437542	107.78849468503	2.4107958339771e-08	64.949602473366	4.7586481231536e-06	236.29308068721	0.30321990899113	1.8764170077295	2.1796369167206	34.402524927492	38.233812813078	8.6916170328536e-12	5.480037198984e-10	5.5669533693125e-10	0.18866847969701
26.2	1.4468517481078e-38	4.9077825782345e-56	8.7385044990745e-06	46.230108289453	66.024248092268	3.2076134732411e-05	1.5745506450959	0.38906533343908	1.963615978535	107.7706064191	1.2909207351447e-06	64.942821827538	4.5180849301089e-06	236.25385930536	0.30932186954945	1.9863748510361	2.2956967205856	34.396814584332	38.227467463409	1.251418018554e-10	1.0322553697609e-08	1.0447695499464e-08	0.18882488738858
26.48	2.3997995113615e-37	2.3128652528854e-56	2.4586168155802e-06	46.219365733928	66.008906666161	1.3015451054994e-05	1.566740062208	0.3838094447696	1.9505495069776	107.74556768328	3.4567676082345e-07	64.933329503926	4.2241910344071e-06	236.19896030795	0.30659647772716	1.8904967415012	2.1970932192284	34.38882169628	38.218585730957	4.9131729660721e-11	3.9127804683545e-09	3.9619121980153e-09	0.18872318923404
26.872	-1.2146161795621e-38	8.2780554100958e-57	4.365810676837e-07	46.204330341859	65.98743377142	3.7456279794338e-06	1.5694189540539	0.38744621431106	1.956865168365	107.71051927279	5.7345693668706e-08	64.920036716458	3.8469521729729e-06	236.12212314355	0.30373445813435	1.8773769415294	2.1811113996637	34.377634773344	38.206153581436	1.4467306876421e-11	1.0470154989432e-09	1.0614828058196e-09	0.18868868302672
27	-1.0372783215697e-38	5.8188536047204e-57	2.3757911433354e-07	46.199421883502	65.980423666705	2.4255385461649e-06	1.5713032602532	0.38838715399318	1.9596904142464	107.69907700062	3.0447048571936e-08	64.91569613584	3.7314070173819e-06	236.09703887057	0.30319640180385	1.8765045697182	2.1797009715221	34.373982688693	38.202094864629	9.7475937580913e-12	6.641673494088e-10	6.7391494316689e-10	0.18868775464033
27.2	-1.80489361212e-37	3.3579088364885e-57	9.9034932144525e-06	46.191753459431	65.969472657142	3.6942908410847e-05	1.5734332106291	0.38879129868125	1.9622245093103	107.68120403098	1.5573671393891e-06	64.908917788022	3.5438944517714e-06	236.05785002903	0.30929461488519	1.9863891758068	2.295683790692	34.368277083162	38.195754922531	1.4322700670403e-10	1.1863210456368e-08	1.2006437463072e-08	0.18883592032922
27.48	-2.0353044125732e-37	1.583906166913e-57	2.7900961542911e-06	46.181019800602	65.954144076784	1.5023827640126e-05	1.565617054051	0.38354121942176	1.9491582734728	107.65618668253	4.1759903250581e-07	64.899428726602	3.3157744801208e-06	236.00299657899	0.30657148580348	1.8905771447254	2.1971486305289	34.360290826471	38.186880755874	5.6009291081904e-11	4.5070684667557e-09	4.5630777578376e-09	0.1887412281897
27.872	3.2509550691678e-38	5.6763979021034e-58	4.9634434394752e-07	46.16599686234	65.932689034575	4.3338093047369e-06	1.568278211489	0.38717005473575	1.9554482662247	107.62116762101	6.9408701853338e-08	64.886140660723	3.0226900408256e-06	235.92622316312	0.30371211763469	1.8774690873262	2.1811812049608	34.34911318485	38.174459016323	1.6149211468359e-11	1.2089829666558e-09	1.2251321781242e-09	0.18870920069313
28	1.3417374967765e-38	3.9919645311221e-58	2.7027902311765e-07	46.161092470091	65.925684749374	2.8084962331232e-06	1.5701562050214	0.38810873799111	1.9582649430125	107.60973487587	3.6876965833992e-08	64.881801630591	2.932849405659e-06	235.90115970149	0.30317462872629	1.8765980013404	2.1797726300667	34.345464130178	38.170403680333	1.0719609434511e-11	7.6740115944219e-10	7.7812076887671e-10	0.1887085666348
28.2	-4.4678828221132e-38	2.3057692361065e-58	1.0006773968499e-05	46.153430398876	65.914742838302	3.7896489795821e-05	1.5722634477209	0.38849832007146	1.9607617677923	107.59187682371	1.6178469119462e-06	64.875025197442	2.7868984128387e-06	235.86200337327	0.30926880042658	1.9864030733162	2.2956718737428	34.339763258345	38.164069030712	1.4626803311993e-10	1.2143739213602e-08	1.2290007246722e-08	0.18882837453134
28.48	1.6661137515553e-37	1.0887635156146e-58	2.8228933912193e-06	46.142705633099	65.899426988932	1.5431776520937e-05	1.5644416968056	0.38325521965825	1.9476969164639	107.56688033437	4.3440743235855e-07	64.865538834535	2.6092996896699e-06	235.8071954328	0.30654799015851	1.890661682093	2.1972096722515	34.331783627511	38.155202264842	5.7118485824825e-11	4.622791523222e-09	4.6799100090468e-09	0.18875220864759
28.872	2.8416799883953e-38	3.9070292897459e-59	5.030814021295e-07	46.12769514308	65.877989751234	4.4585718500489e-06	1.5670890477236	0.38687876570629	1.9539678134299	107.53189036696	7.2337810691588e-08	64.852255223619	2.3808937916708e-06	235.73048571256	0.30369109193413	1.8775663097446	2.1812574016787	34.320615259503	38.142790849799	1.630457801171e-11	1.2425187818916e-09	1.2588233599033e-09	0.18872828353995
29	1.3310326761619e-38	2.7489455141193e-59	2.7412613357126e-07	46.122794815016	65.870991277479	2.8909368720895e-06	1.5689626010024	0.38781609545412	1.9567786964565	107.52046711009	3.845920971783e-08	64.847917710071	2.3108267213537e-06	235.70544304502	0.30315408890904	1.8766964375845	2.1798505264935	34.316969232297	38.13873888091	1.0740404610648e-11	7.8915696030584e-10	7.9989736491649e-10	0.18872866425798
29.2	-1.6956651355923e-37	1.5888695330365e-59	1.0621014331422e-05	46.115139093552	65.860058496457	4.0750051830965e-05	1.5710592837479	0.38820073862968	1.9592600223776	107.50262412364	1.7390664743089e-06	64.841143646811	2.1965588614143e-06	235.66631920314	0.30924375202792	1.9864197529664	2.2956635049943	34.311273090235	38.132409566936	1.5662567091175e-10	1.3030083271052e-08	1.3186708941963e-08	0.18884739178352
29.48	-1.2059072575752e-37	7.5096857804019e-60	3.0001039074983e-06	46.104423216275	65.844755414138	1.6609559720516e-05	1.5632461373639	0.38296709183591	1.9462132291998	107.47764872326	4.6759193690551e-07	64.831660667026	2.0578902009205e-06	235.61155673449	0.30652489908566	1.8907489548263	2.1972738539119	34.303300079762	38.123550272039	6.1084404980708e-11	4.9677795428545e-09	5.0288639478352e-09	0.18877364318842
29.872	1.1890114470355e-38	2.6983721726061e-60	5.3562534763288e-07	46.08942516778	65.823335981147	4.8050868256693e-06	1.5658894393441	0.38658604372744	1.9524754830715	107.44268794022	7.8009916234068e-08	64.818381844621	1.8793973161501e-06	235.53491065705	0.3036702427201	1.8776647853365	2.1813350280566	34.292140977675	38.111149209556	1.7279690650876e-11	1.3375918065053e-09	1.3548714971562e-09	0.18874991927724
30	5.0817455914873e-39	1.899442633974e-60	2.9204962795039e-07	46.084528901627	65.816343315478	3.1171051124023e-06	1.5677603785802	0.38752210660246	1.9552824851826	107.43127417986	4.1502955542094e-08	64.814045894282	1.8246029870783e-06	235.50988876634	0.30313368339584	1.8767958587158	2.1799295421117	34.288497975422	38.107100610142	1.1303703483849e-11	8.5000709223884e-10	8.6131079572269e-10	0.18875021478668
30.2	-4.1140539735733e-38	1.0983679019979e-60	1.1769535674326e-05	46.076879526286	65.805419701081	4.5749818332171e-05	1.569854194082	0.38790743625493	1.9577616303369	107.41344645029	1.9406292084606e-06	64.807274597854	1.7346540794929e-06	235.47079738387	0.30921867215146	1.9864381619029	2.2956568340543	34.28280655921	38.100776689611	1.7515261602333e-10	1.4590076171784e-08	1.4765228787807e-08	0.18888644068269
30.48	-2.0328675520294e-37	5.1958862822203e-61	3.3289061188114e-06	46.066172532281	65.790129425406	1.8662419733595e-05	1.5620576635729	0.38268394794676	1.9447416115197	107.38849239745	5.2249938652247e-07	64.797795544768	1.626101209968e-06	235.41608034932	0.30650155839713	1.890836226353	2.1973377847502	34.274840163606	38.091924945739	6.8251217556293e-11	5.5695065623634e-09	5.6377577799197e-09	0.1888027634181
30.872	3.3891171804807e-38	1.8694041161126e-61	5.9540216462213e-07	46.051186917728	65.768727798476	5.4053193801647e-06	1.5647009335269	0.38629773110326	1.9509986646301	107.35356090256	8.7334554233828e-08	64.784521771137	1.4862721251341e-06	235.33949786187	0.30364907268661	1.8777621781993	2.1814112508859	34.263690319752	38.079534268829	1.9167295107103e-11	1.5021624792352e-09	1.5213297743423e-09	0.18877328163887
31	1.1060910566729e-38	1.3165321573047e-61	3.2485552787374e-07	46.046294710952	65.761740937646	3.5080508823605e-06	1.5665696205109	0.38723226819273	1.9538018887036	107.34215664875	4.64954567713e-08	64.780187419131	1.4433182871309e-06	235.31449673077	0.30311295984406	1.8768940847793	2.1800070446234	34.260050339944	38.075489041983	1.2466094106052e-11	9.5511789171393e-10	9.6758398581998e-10	0.18877269373007
31.2	2.9907111397214e-37	7.6212631813501e-62	1.0468182697023e-05	46.038651677711	65.750826279795	4.1480482938834e-05	1.5686464562604	0.38760393445466	1.956250390715	107.32434331879	1.7338436575712e-06	64.773417966398	1.3729546621475e-06	235.27543778073	0.30919368469249	1.9864525634104	2.2956462481029	34.254363645654	38.06917025524	1.5820560906615e-10	1.3186918251573e-08	1.3345123860639e-08	0.18887390654776
31.48	2.3723608647151e-37	3.6093117434836e-62	2.9646659451062e-06	46.027953561244	65.735548566322	1.6929657442993e-05	1.560849409089	0.38238823853004	1.9432376476191	107.29940939567	4.6745346575601e-07	64.763941413309	1.2877620675739e-06	235.22076614256	0.30647888447056	1.8909233144915	2.1974021989621	34.246403859428	38.06032568228	6.1694459392219e-11	5.0427652460352e-09	5.1044597054274e-09	0.18881006465532
31.872	2.9503083793194e-38	1.3002794886017e-62	5.3119693477896e-07	46.01298037242	65.714164655632	4.908090693022e-06	1.5634837160788	0.38599802377066	1.9494817398495	107.26450661654	7.8278673915828e-08	64.750671956012	1.177920987976e-06	235.14424719233	0.30362876733684	1.8778622480261	2.181491015363	34.235263266123	38.047945201525	1.7310583498434e-11	1.3625661156866e-09	1.3798766991851e-09	0.18879071740955
32	8.268481577772e-39	9.1615709107407e-63	2.90011876161e-07	46.008092222296	65.707183587473	3.1865998919714e-06	1.5653494222546	0.38693168141206	1.9522811036667	107.25311178658	4.1702198316972e-08	64.74633909743	1.1441579378948e-06	235.1192668036	0.30309310063797	1.8769953160519	2.1800884166898	34.231626306251	38.043903318773	1.1243425223314e-11	8.6687534902493e-10	8.7811877424825e-10	0.18879156450151
32.2	1.4510943242163e-37	5.3079891071705e-63	9.8935550381248e-06	46.000455526853	65.69627793568	3.953074318641e-05	1.5674158456597	0.38729677710441	1.9547126227642	107.23531302905	1.6448618449695e-06	64.739571760105	1.0887938840719e-06	235.08024025909	0.30916921007483	1.9864687518161	2.2956379618909	34.225944329969	38.037589713386	1.5046882810287e-10	1.2553464008559e-08	1.2703932836662e-08	0.18887922211007
32.48	-1.2239661409003e-37	2.5163446257974e-63	2.8055607252165e-06	45.989766281816	65.681012843081	1.6146943054947e-05	1.559627276271	0.3820909105033	1.9417181867743	107.21039953026	4.440612906707e-07	64.730098190684	1.0217627814687e-06	235.02561397965	0.30645644075832	1.8910124227415	2.1974688634998	34.217991147636	38.028752399228	5.8703190343257e-11	4.8071914938073e-09	4.8658946841506e-09	0.1888246761114
32.872	-6.9863214435838e-38	9.0771269698032e-64	5.0358369166098e-07	45.974805510021	65.659646656112	4.6867014024899e-06	1.5622592985446	0.38569734683601	1.9479566453806	107.17552558567	7.4499588564358e-08	64.716833295583	9.352699893868e-07	234.94915851393	0.30360854583601	1.8779632378803	2.1815717837164	34.206859797207	38.016382151704	1.644430155865e-11	1.3009197477661e-09	1.3173640493248e-09	0.18880997654756
33	-2.6298685256325e-38	6.3986128676702e-64	2.7511398211898e-07	45.969921413674	65.652671378003	3.044228091478e-06	1.5641233225708	0.38663020664666	1.9507535292174	107.16414019148	3.9715581708184e-08	64.712501965702	9.0866815489271e-07	234.92419885036	0.30307330118126	1.8770972585118	2.1801705596931	34.203225854766	38.012343616759	1.0661981338182e-11	8.280907812929e-10	8.3875276263108e-10	0.18881146947414
33.2	-6.518547945855e-39	3.7105021021965e-64	9.0737310437102e-06	45.962291051505	65.641774705397	3.6531675273087e-05	1.5661797010674	0.38698771546172	1.9531674165292	107.14635591057	1.5129351099353e-06	64.705736684868	8.6504755697208e-07	234.88520468451	0.30914478480397	1.9864848305174	2.2956296153214	34.197548592576	38.006035162649	1.3882074865182e-10	1.1589099253195e-08	1.1727920001847e-08	0.1888798444169
33.48	5.1924353842734e-37	1.7608541129152e-64	2.5764077811894e-06	45.951610671501	65.626522199686	1.4933856800976e-05	1.558399426332	0.38179155876991	1.9401909851019	107.12146268697	4.0899462531774e-07	64.696265977249	8.1218337635583e-07	234.83062372615	0.30643408566791	1.8911018651472	2.1975359508151	34.189602008658	37.997205059145	5.4192589803707e-11	4.4439035862533e-09	4.498096176057e-09	0.18883701484262
33.872	1.1723252610332e-37	6.3601433660634e-65	4.6327284607972e-07	45.936662307668	65.605173714143	4.3396882211227e-06	1.5610294311918	0.38539488714355	1.9464243183353	107.08661749266	6.8743628854761e-08	64.68300557633	7.4391863506777e-07	234.75423169227	0.30358843512154	1.8780647661639	2.1816532012855	34.178479893436	37.984845015931	1.5169960019937e-11	1.2044275347932e-09	1.2195974948132e-09	0.18882843069809
34	4.8640616753556e-38	4.4854726085626e-65	2.5325502646353e-07	45.931782262113	65.598204220539	2.8200883206916e-06	1.5628919643194	0.38632705459964	1.9492190189191	107.07524151829	3.6671651941623e-08	64.678675764639	7.2291153247777e-07	234.72929273667	0.3030536144738	1.8771997498645	2.1802533643384	34.174848965922	37.980809823113	9.8250549193958e-12	7.6706799366365e-10	7.7689304858305e-10	0.18883081055252
34.2	2.4195471256715e-37	2.6027885642372e-65	8.9490303361418e-06	45.924158228531	65.587316576784	3.6081770613467e-05	1.5649427930641	0.3866813203627	1.9516241134268	107.05747193401	1.4959016556926e-06	64.671912801168	6.8835417987667e-07	234.69033092261	0.30912030224187	1.9865021298063	2.2956224320482	34.169176413914	37.974506585367	1.3701434261703e-10	1.1444443269342e-08	1.1581457611959e-08	0.18889410384643
34.48	-1.4961375252878e-37	1.2363436706693e-65	2.5442994499402e-06	45.913486706947	65.572076713705	1.4764220418685e-05	1.5571761638969	0.38149560942725	1.9386717733241	107.03259930118	4.0493522723531e-07	64.662445352329	6.4657361504158e-07	234.63579524774	0.30641147212764	1.8911914572266	2.1976029293542	34.161236422939	37.965683789254	5.3508651689744e-11	4.3930297708579e-09	4.4465384225477e-09	0.18885475282353
34.872	-5.8680274280267e-38	4.4714113457947e-66	4.5831470058548e-07	45.898550741735	65.550745936223	4.2960203767668e-06	1.5598071822463	0.38509555027377	1.9449027325201	106.99778298621	6.8187887386496e-08	64.649189642983	5.9258839167704e-07	234.55946659308	0.30356803272339	1.8781655902856	2.181733623009	34.150123535261	37.95333399171	1.4958971059735e-11	1.1922698146761e-09	1.2072287857359e-09	0.1888480819064
35	-2.7328088789198e-38	3.1549241132427e-66	2.5070684037279e-07	45.893674743902	65.543782224426	2.7930535211506e-06	1.5616685575469	0.38602685851327	1.9476954160602	106.98641644499	3.6399650907624e-08	64.644861376652	5.7596703740957e-07	234.53454832827	0.30303364667666	1.8773014343974	2.1803350810741	34.146495620173	37.949302145346	9.6743560156401e-12	7.5969304629373e-10	7.6936740230937e-10	0.18885077295217
35.2	-4.8144888859548e-38	1.8329297738672e-66	7.1821303180239e-06	45.886057034086	65.532903467374	2.9175493884137e-05	1.5637043000756	0.38636781230703	1.9500721123827	106.96866096864	1.2024609612177e-06	64.638100107582	5.487721279591e-07	234.49561883915	0.3090959525062	1.9865166420512	2.2956125945574	34.140827774436	37.943003944449	1.1065298233868e-10	9.2462089984759e-09	9.3568619808145e-09	0.18887501169258
35.48	-2.9770267191674e-38	8.7166621729437e-67	2.0445703564018e-06	45.875394364144	65.517676079851	1.1947184052201e-05	1.555939628853	0.38119090437744	1.9371305332305	106.94380808076	3.2593674516822e-07	64.628634962856	5.1568313605189e-07	234.44112841018	0.30638950516186	1.8912809307564	2.1976704359182	34.13289437093	37.934188190185	4.3259117940766e-11	3.5545607464341e-09	3.5978198643749e-09	0.1888589383106
35.872	5.3325629589538e-38	3.1566194419436e-67	3.6894429775717e-07	45.860470788003	65.496362945163	3.480269725674e-06	1.5585654430923	0.38478831694537	1.9433537600377	106.90902023999	5.4985952631701e-08	64.615383464706	4.728928637609e-07	234.36486308213	0.30354838898342	1.8782682815873	2.1818166705707	34.121790703141	37.921848503803	1.2109666448063e-11	9.6613703950375e-10	9.7824670595182e-10	0.18886450312743
36	1.6450140374027e-38	2.2282836567367e-67	2.0194877713898e-07	45.855598834761	65.489405005401	2.2636839700629e-06	1.5604251373429	0.38571922719675	1.9461443645397	106.89766307173	2.9371788777971e-08	64.611056676938	4.5971201474171e-07	234.33996549094	0.30301441918609	1.8774052104416	2.1804196296277	34.118165797978	37.917819983163	7.8347288268926e-12	6.1591919456864e-10	6.2375392339553e-10	0.18886896093202
36.2	1.1181994583223e-37	1.295469700207e-67	6.921734725279e-06	45.847987443808	65.47853524994	2.7917331689894e-05	1.5624549424274	0.38605669116697	1.9485116335944	106.87992218469	1.161103981204e-06	64.604297620791	4.3809769167777e-07	234.30106829995	0.30907184222165	1.9865338187944	2.2956056610161	34.112502654611	37.911526962505	1.0597915565574e-10	8.8621065790705e-09	8.9680857347262e-09	0.18888481516195
36.48	5.6937745315487e-38	6.1666178244782e-68	1.9729888773975e-06	45.837333618611	65.463320471194	1.1445422697897e-05	1.5547039798763	0.38089068471192	1.9355946645882	106.85508975741	3.1514914682224e-07	64.594835610086	4.1183882872632e-07	234.24662307937	0.30636725791763	1.89137158035	2.1977388382677	34.10457583311	37.902718471532	4.1449491526661e-11	3.410015739124e-09	3.4514652306507e-09	0.18887495826372
36.872	2.9239554408321e-38	2.23604370188e-68	3.566588952648e-07	45.822422421837	65.442025011037	3.3390438284584e-06	1.5573320337158	0.38448544848854	1.9418174822043	106.82033070406	5.3264477384149e-08	64.58158874533	3.7786262187635e-07	234.17042102541	0.30352831515407	1.878370324985	2.1818986401391	34.093481377561	37.890388998367	1.1595211577503e-11	9.27920348361e-10	9.395155599385e-10	0.188883775479
37	1.1168291389129e-38	1.579178232589e-68	1.9535004647037e-07	45.817554510005	65.435072843104	2.1729595140864e-06	1.5591911063937	0.38541573678397	1.9446068431777	106.80898294747	2.8471289066592e-08	64.577263495692	3.6739217570696e-07	234.14554409069	0.3029947633076	1.8775080815305	2.1805028448381	34.089859479828	37.886363816454	7.49510875355e-12	5.9180803835321e-10	5.9930314710676e-10	0.18888872428768
37.2	-3.3120607991265e-40	9.19201725555e-69	5.4413031209583e-06	45.809949432932	65.424211983234	2.2021598897774e-05	1.5612090952171	0.38574232697571	1.9469514221928	106.79125623757	9.1356490221169e-07	64.570506267045	3.5032638118777e-07	234.10667917102	0.30904775342787	1.9865490643018	2.2955968177296	34.084201034926	37.880075851606	8.3557344285483e-11	6.9896804287714e-09	7.0732377730569e-09	0.18887427831471
37.48	-1.5897201341418e-38	4.380588773423e-69	1.5529894565188e-06	45.799304445485	65.409009686525	9.0359055699982e-06	1.5534638845614	0.38058577595242	1.9340496605138	106.76644365589	2.4829229144099e-07	64.561046772739	3.2944970074479e-07	234.05227912129	0.30634551557054	1.8914617160845	2.1978072316551	34.076280789969	37.871274431674	3.2713445262971e-11	2.6932928052865e-09	2.7260062505495e-09	0.18888307438736
37.872	2.0620417348377e-38	1.5904902807668e-69	2.8122818333235e-07	45.784405618251	65.387731848569	2.6392817794744e-06	1.5560893494959	0.38417825351925	1.9402676030152	106.73171309053	4.2041675758365e-08	64.547804235066	3.0241693069328e-07	233.97614028893	0.30350882175522	1.8784732420473	2.1819820638025	34.065195539015	37.858955072531	9.1650738457513e-12	7.3389610050623e-10	7.4306117435198e-10	0.18890155172994
38	5.3594207170128e-39	1.1237905000675e-69	1.5413344377905e-07	45.779541744613	65.380785443962	1.718355106396e-06	1.5579472310522	0.38510817717111	1.9430554082233	106.72037469987	2.2487318402704e-08	64.543480482319	2.940828166384e-07	233.95128399354	0.30297566538881	1.8776120013851	2.1805876667739	34.061576646216	37.854933213619	5.9276325734765e-12	4.6828924243519e-10	4.7421687500867e-10	0.18890786329002
38.2	-1.9647417859741e-39	6.5474290927007e-70	4.713843108321e-06	45.771942976389	65.369933532854	1.8936015439689e-05	1.5599577095738	0.38542889775774	1.9453866073315	106.70266239484	7.9239706467236e-07	64.536725335129	2.8052737897181e-07	233.91245131842	0.30902392962357	1.9865656154695	2.2955895450931	34.055922895884	37.848650371735	7.1936472342484e-11	6.0220910186319e-09	6.0940274909744e-09	0.18887838600703
38.48	-1.9567022390851e-38	3.1235511019273e-70	1.3470950266926e-06	45.761306819631	65.354743779588	7.7788001946947e-06	1.5522239823705	0.38028291865308	1.9325069010236	106.67787000673	2.1564847270501e-07	64.527268771072	2.6389853863608e-07	233.85809640209	0.30632373270669	1.8915524949697	2.1978762276764	34.048009222014	37.839856130029	2.8182672835781e-11	2.3229304825928e-09	2.3511131554285e-09	0.18889733571133
38.872	-2.035841133376e-38	1.1355593461613e-70	2.4437285657244e-07	45.746420352024	65.333483572436	2.2754196595015e-06	1.5548505904778	0.38387311584781	1.9387237063256	106.64316807364	3.658144486422e-08	64.514030774149	2.4235337352579e-07	233.78202073886	0.3034891763858	1.8785758873182	2.182065063704	34.03693316802	37.827546931521	7.8994582470169e-12	6.3369225642381e-10	6.4159171467083e-10	0.18892092878903
39	-1.0368291526729e-38	8.0272531258659e-71	1.3401991344462e-07	45.741560513336	65.326542928678	1.4822218174544e-06	1.5567078338025	0.38480258019592	1.9415104139985	106.63183906437	1.9579767716846e-08	64.509708549077	2.3570853652081e-07	233.75718506567	0.30295640806069	1.877715516039	2.1806719240996	34.033317277662	37.82352840072	5.1087707644011e-12	4.0451954055781e-10	4.0962831132221e-10	0.18892794474502
39.2	-3.2492914759522e-39	4.6812059509266e-71	4.0683142819889e-06	45.733968048885	65.3156999667	1.6262573480009e-05	1.5587117396834	0.38511774405612	1.9438294837395	106.61414120027	6.8444408783397e-07	64.502955552573	2.2492591338561e-07	233.71838460837	0.30899999417236	1.9865823264834	2.2955823206557	34.027668218003	37.817250693019	6.1829519265021e-11	5.1786580745601e-09	5.2404875938251e-09	0.18888554411845
39.48	3.9627216040734e-38	2.235583528715e-71	1.1641138460404e-06	45.723340715702	65.300522754265	6.6877763003966e-06	1.5509900904834	0.37998214980411	1.9309722402876	106.58936904033	1.8651827696332e-07	64.493501999547	2.1165887966552e-07	233.66407478797	0.30630185109618	1.8916428172791	2.1979446683753	34.01976110977	37.808463640164	2.424039697789e-11	1.9997308029199e-09	2.0239711998978e-09	0.18891288067841
39.872	4.2078228614969e-38	8.1379288616575e-72	2.115508550432e-07	45.708466597739	65.279280165796	1.9590184019165e-06	1.5536177162734	0.38356977858958	1.9371874948629	106.55469573956	3.1698129192456e-08	64.48026858382	1.9445972858879e-07	233.58806224147	0.30346944203027	1.8786779430868	2.182147385117	34.008694245105	37.796164601831	6.7985258674504e-12	5.4617054197636e-10	5.5296906784381e-10	0.18894070840622
40	1.1258547739321e-38	5.7553732724484e-72	1.1609393281347e-07	45.703610790737	65.272345278362	1.2767566887668e-06	1.5554741685708	0.38449868947472	1.9399728580455	106.54337610725	1.6977328853206e-08	64.475947892282	1.8915338691667e-07	233.56324717339	0.30293706617874	1.8778184445001	2.1807555106788	34.005081354697	37.792149397515	4.3967989309679e-12	3.4880149638429e-10	3.5319829531526e-10	0.18894830583504
