# Time [h]	MS [1]	Lignin [1]	Butyric [1]	Initial_Substrate [1]	Carbohydrates [1]	Substrate [1]	MO_AcidoLCFA [1]	MO_hydroM [1]	Proteins [1]	AA [1]	MO_acetoM [1]	Propionic [1]	Carbondioxide [1]	Carbondioxide_gas [1]	MO_Propionic [1]	MO_ButyricValeric [1]	Valeric [1]	LCFA [1]	MO_AcidoMS [1]	Methane [1]	Methane_gas [1]	Hydrogen [1]	Hydrogen_gas [1]	Lipids [1]	MO_AcidoAA [1]	Acetic [1]	Phi [1]
0.2	5.9064700696289e-05	1.3104332630416	1.1461327564698e-05	0	0.028798688909984	0.0056239902103908	0.015423160843163	0.036095930339322	0.010344410491803	3.8698619653462e-05	0.020930148474999	2.7156705785543e-05	0.69952591442635	0.58237272274971	0.012763172550596	0.022047113870772	3.4276093711826e-06	6.3436733149785e-05	0.079005527774273	0.065781686330542	0.94553660471515	4.6503584662485e-07	2.6118648431225e-05	0.0085311111642435	0.011517221930144	0.0015277461200653	0.90925685620919
0.48	5.2997626944434e-05	1.3059961986914	1.7408930563478e-05	0	0.025556718732163	0.013414008478808	0.015379732601049	0.036280786549723	0.0091717434803293	4.4222813246644e-05	0.020937627899567	5.2895582743511e-05	0.58708207955621	1.025174711697	0.012744399870113	0.022016034720278	5.7637495088992e-06	0.00013571336758881	0.078988160020756	0.073907544004775	0.60627525174444	5.1639700112536e-07	2.9410803321253e-05	0.007562351763369	0.01155943753915	0.001578988742687	0.90898547950344
0.872	4.4248315565982e-05	1.2986315850243	1.6772449878741e-05	0	0.021658940476792	0.024135278165818	0.01531226186084	0.036510750083641	0.0077510074403578	3.8085025879471e-05	0.020929234720047	6.5969831561287e-05	0.45684475130718	0.93776158878476	0.012716327716742	0.021960367270472	5.7332485095291e-06	0.00021976962432278	0.078842197864674	0.078224206662837	0.50067956902839	4.8049051647692e-07	2.7310288957789e-05	0.0063864760181674	0.011602540569992	0.0016488184077917	0.90851641960784
1	4.1734155042849e-05	1.2960069119715	1.6021160051744e-05	0	0.020526605300539	0.027587084227229	0.015288922798357	0.036572647716261	0.007335579357889	3.5727808317525e-05	0.02092280472586	6.6913572032536e-05	0.42259590927709	0.8523175765239	0.012705431576307	0.021936908414505	5.4970201128057e-06	0.00024359025081347	0.078769657945867	0.078788009588675	0.48702524457856	4.6134055533152e-07	2.6189742953735e-05	0.0060421085384248	0.011611134264989	0.0016655326240371	0.90834533985681
1.2	3.8151009362255e-05	1.2989291286446	1.4348151855707e-05	0	0.018986426959628	0.027538375404035	0.015336407182653	0.036859247034202	0.0067684687988642	3.2251621983237e-05	0.021026271547178	6.471888020029e-05	0.40805333807929	0.97446740559424	0.012757175487578	0.022016656268234	5.0347079769371e-06	0.00027671842047262	0.07907323770969	0.080206396953044	0.66115257160774	4.2347079269743e-07	2.3618221001485e-05	0.0055715972500511	0.011683967571482	0.001665041570004	0.90856187540444
1.48	3.3766441678579e-05	1.302635540938	1.2518402078192e-05	0	0.017027367014683	0.027461992960047	0.015400552689812	0.037232646749257	0.0060472406184207	2.8074750779645e-05	0.021165518276225	5.8828920651595e-05	0.35707335529737	0.71561890355527	0.012824883842235	0.022117153840849	4.4509773914277e-06	0.00031793577141931	0.079457437859031	0.07975511282374	0.52874831645854	3.7458473605064e-07	2.1020892858344e-05	0.0049732436409356	0.011776179241816	0.0016528186809158	0.90883512691866
1.872	2.8549341743533e-05	1.3071565276816	1.0442639463866e-05	0	0.014631329940203	0.027341087463135	0.015486393438004	0.037701997797249	0.0051653663157892	2.3234710638741e-05	0.02135060725142	4.8090040236663e-05	0.31152603601774	0.61580967694749	0.012909540425076	0.022238722596582	3.7433395194807e-06	0.00036468519891375	0.079924046157725	0.078594058868723	0.53113145432341	3.1356767058706e-07	1.769074747588e-05	0.0042416578099669	0.011888205446065	0.0016071938893968	0.90916625227695
2	2.7016775688775e-05	1.3084879581562	9.8494217691295e-06	0	0.013924704772928	0.027298624951692	0.015513578931924	0.037842915962013	0.0049053453555871	2.1836356178481e-05	0.021408885588241	4.4463011943373e-05	0.30125866456822	0.59406171562883	0.012934699680558	0.022274291018201	3.5389511809134e-06	0.0003775893697797	0.080060927238163	0.078190004923984	0.53567720215047	2.9450704293964e-07	1.6634944542764e-05	0.0040259605711865	0.011921095206501	0.0015858958600873	0.90926327193008
2.2	2.4826083237228e-05	1.310434090691	8.9888419634586e-06	0	0.012891691175508	0.027229567364489	0.015555301544019	0.038050750256904	0.0045252790303622	1.9851660401645e-05	0.021497897504569	3.9012167045248e-05	0.30962251536722	0.72536023853253	0.012971414081618	0.022325992666945	3.2369865225471e-06	0.00039489702843154	0.080260305516301	0.078296497813327	0.6692473513095	2.6815222422431e-07	1.499516907012e-05	0.0037106925539666	0.011968983215642	0.0015441532859887	0.90940467450725
2.48	2.2125925118534e-05	1.3129054741216	7.952003335619e-06	0	0.011579942972457	0.027127854849329	0.015612303994731	0.038317818768439	0.0040427765135374	1.7461841381152e-05	0.021618577929034	3.2398716919443e-05	0.29336340159629	0.58033243982956	0.013017664511981	0.02239110711502	2.8692977505933e-06	0.00041593564217981	0.080512190925291	0.076965249642225	0.55524851786902	2.3622994066862e-07	1.3276470180518e-05	0.0033104758059021	0.01202949217015	0.0014770236674732	0.90958351725855
2.872	1.8884812747278e-05	1.3159233513141	6.7240038694908e-06	0	0.0099788358206426	0.026976886525591	0.015689634160674	0.038649310301572	0.0034540601742625	1.4646915886588e-05	0.021780419357599	2.5170191905565e-05	0.27860790751829	0.54237420985113	0.01307315025239	0.022469640931407	2.4291837965772e-06	0.00043819445892491	0.080817220423482	0.075192878427629	0.54654456226197	1.9971643972482e-07	1.1273232320626e-05	0.0028222027039534	0.012102838881444	0.0013631881264601	0.90980075601301
3	1.793286073702e-05	1.3168122720633	6.3682191917984e-06	0	0.0095073221867322	0.026925765043721	0.015714323908447	0.038748386785406	0.0032807428206067	1.3828323879858e-05	0.021831665863787	2.3203621095161e-05	0.27546781588552	0.5352954076403	0.013089279389119	0.022492538636917	2.3015129448651e-06	0.00044391524688411	0.080906441782035	0.074668860607969	0.54706743852208	1.8927826869872e-07	1.0691272321644e-05	0.0026784666011355	0.012124321730614	0.0013218466280379	0.90986448444348
3.2	1.6563143535574e-05	1.3181114811992	5.8503618660299e-06	0	0.0088185278381263	0.026844232668806	0.015752375957917	0.038894463767175	0.0030276147893204	1.2654838214541e-05	0.021910163686906	2.0539422972116e-05	0.29149985466035	0.67728474241115	0.013112575583342	0.022525744028534	2.1137935248469e-06	0.00045092979151431	0.081036145531656	0.07458844839765	0.66655615019896	1.7480729025739e-07	9.8129395482073e-06	0.0024685528544129	0.012155564670297	0.0012521906407673	0.90995740666946
3.48	1.4860877939854e-05	1.3197606184632	5.2161244062328e-06	0	0.0079447221837335	0.026727026291987	0.015804612681075	0.039082696357886	0.0027066099416923	1.1217094288608e-05	0.022016926175629	1.7549363497712e-05	0.28440255239725	0.55976699842757	0.0131416711967	0.022567390034033	1.8824247443201e-06	0.00045876027113187	0.081199447991541	0.073154721127746	0.55340297417537	1.5765718198904e-07	8.8750114622932e-06	0.0022023728143601	0.012194949061949	0.0011497958659199	0.91007496395649
3.872	1.281070807947e-05	1.321772885468	4.4577385936705e-06	0	0.0068793736161022	0.026557780628908	0.015875828805294	0.039318225716092	0.002315456760012	9.504337032453e-06	0.022160379453383	1.4350254804646e-05	0.27659763428561	0.53838943791034	0.013176431832994	0.022617268380004	1.6039887452861e-06	0.00046510360731153	0.081396142510572	0.071246569595528	0.54046512933811	1.3811311004231e-07	7.7880620583707e-06	0.0018780682527457	0.012242503048919	0.0009965912245868	0.9102177647287
4	1.2208797912759e-05	1.3223653627319	4.2370011288708e-06	0	0.0065658883416133	0.026501439343623	0.015898643310686	0.039389117218447	0.0022004115915336	9.0045882035487e-06	0.022205808045551	1.3468603637807e-05	0.27474157017188	0.53472029331854	0.013186516849954	0.022631723682683	1.5228831486804e-06	0.00046618276713378	0.081453419016932	0.070663253595358	0.53980839171607	1.3248242931216e-07	7.4707674656234e-06	0.001782695165141	0.012256384163572	0.00094469724929004	0.91025966192099
4.2	1.1339943001567e-05	1.3232312836726	3.9153920754457e-06	0	0.0061081265015873	0.026412443014378	0.015933862000573	0.039494230636422	0.0020324742870482	8.2841671705633e-06	0.022275273405458	1.2239523023063e-05	0.29150222165039	0.67730944107648	0.013201090647481	0.022652602433288	1.4039589440515e-06	0.00046659987094188	0.081536442309268	0.070451688755186	0.65942455661749	1.2456464545496e-07	6.9924192292612e-06	0.0016434852117337	0.012276531589246	0.00086171397468609	0.91032076177126
4.48	1.0256318579439e-05	1.3243311050571	3.5182735042331e-06	0	0.0055277013037007	0.026286103687078	0.015982317796802	0.03963079124626	0.0018196474420364	7.3934895731845e-06	0.022369279921957	1.0791700633892e-05	0.28432908286836	0.56328429266741	0.013219296881926	0.0226786284587	1.2564644527206e-06	0.0004659841810574	0.081640522594361	0.068690712828488	0.54379770949299	1.1494148383485e-07	6.4561555763742e-06	0.0014670866243656	0.012301849833395	0.00074493711366794	0.91039811360615
4.872	8.9512566347445e-06	1.3256766223364	3.0417008131627e-06	0	0.0048204332340239	0.02610639789415	0.016048561173102	0.039803601439112	0.0015605233961007	6.3270435502989e-06	0.022493822137471	9.144659683144e-06	0.27400584250218	0.54097052772351	0.013241024143726	0.022709523156111	1.0786930136209e-06	0.00046222617312376	0.081765161818469	0.065945143671032	0.52863029416314	1.036527486221e-07	5.8209587946743e-06	0.0012523574498257	0.012332286643086	0.00058263095554837	0.91049229182682
5	8.5685626387016e-06	1.3260740414456	2.9028010456367e-06	0	0.0046123905851285	0.026047154452257	0.016069824335308	0.039856047485063	0.0014843548831527	6.0155609393496e-06	0.022532699241354	8.6759439433905e-06	0.27083500296222	0.53596766111884	0.01324731312908	0.022718412815492	1.026843704637e-06	0.00046038019540091	0.081801297300365	0.065010584589126	0.52741865197703	1.0035843458892e-07	5.6335805767142e-06	0.0011892491063333	0.012341140799372	0.00053051066051727	0.9105199980703
5.2	8.0184629089227e-06	1.3266568843394	2.7018831513414e-06	0	0.0043086444974188	0.025954107245438	0.016102676030118	0.039934263713439	0.0013732015727063	5.5675763749701e-06	0.022591195011273	8.0122908725034e-06	0.28305511650624	0.66148038437755	0.013256394496486	0.022731200501674	9.5150075952403e-07	0.00045693667316195	0.081853561309593	0.06408378286264	0.64810506789377	9.5693060297531e-08	5.3740350979215e-06	0.0010971653547458	0.012353970699581	0.00045132371956478	0.91056051833843
5.48	7.3300232935731e-06	1.3274026203826	2.4509203104428e-06	0	0.0039235640343368	0.025823028713251	0.016147918025809	0.040036736465666	0.0012323929907773	5.008385282141e-06	0.022667743411319	7.2029533804026e-06	0.27019120845248	0.54827465669704	0.013267728045375	0.02274705556962	8.5704976763642e-07	0.00045109038617654	0.081918927140039	0.060890479959935	0.53100853897868	8.989879621467e-08	5.032691285888e-06	0.0009805355519085	0.012370058851006	0.00034746640694816	0.91061213063903
5.872	6.5080709314579e-06	1.3283299436755	2.1513623643644e-06	0	0.0034543700143181	0.025638372690809	0.01620979799104	0.040167981082424	0.0010610335174322	4.3409701163491e-06	0.022761739494196	6.2623256832808e-06	0.24849244468734	0.51241887546055	0.013281258633805	0.022765786332689	7.4379140745241e-07	0.00044120852494271	0.081997196621786	0.055106192438185	0.51215923468735	8.3037634925546e-08	4.6366174005023e-06	0.00083864185959992	0.012389375304793	0.00022387634642342	0.91067583589037
6	6.2679397267806e-06	1.3286080309457	2.0643664100582e-06	0	0.0033163563159512	0.025577884519946	0.016229660916191	0.040208181880545	0.0010106790115081	4.1464161860581e-06	0.022789104257207	5.9925021670585e-06	0.24091475978474	0.50142256622603	0.013285178907493	0.022771161669589	7.108511018755e-07	0.00043762688715881	0.082019917172011	0.053033703296144	0.50986997841552	8.1030476290928e-08	4.520239657086e-06	0.00079695611702665	0.012394993303698	0.00018941297134953	0.91069482005393
6.2	5.9262422810315e-06	1.3290214930956	1.9391046806789e-06	0	0.0031148400498517	0.025483253398299	0.01626032869212	0.040268509619418	0.0009372076371549	3.8674512950477e-06	0.022827493402564	5.6085801680147e-06	0.23902944110101	0.5681876061087	0.013290857446907	0.022778902530383	6.631892753443e-07	0.00043172843758386	0.082052893027564	0.050011417707529	0.62468170457096	7.817820310439e-08	4.3589564347236e-06	0.00073614357671688	0.012403145674968	0.00014419971862012	0.91072291218305
6.48	5.5036581629833e-06	1.3295619353974	1.783892388849e-06	0	0.0028593183882961	0.025350625221743	0.016302476034729	0.040348229464115	0.00084415067852941	3.5209217703794e-06	0.022872266055268	5.1393061556938e-06	0.21417227917525	0.46678950205072	0.013297981017375	0.022788523074638	6.0380215396531e-07	0.00042294414590227	0.082094386269336	0.043884683999509	0.51439697743945	7.4633559532786e-08	4.1440305190196e-06	0.00065914079789821	0.012413395029198	9.8974000271837e-05	0.91075936077213
6.872	5.0108311864409e-06	1.3302513496067	1.6013821038544e-06	0	0.0025478477483205	0.025164834190625	0.016359761411589	0.040451296217766	0.00073091726827692	3.1114522497336e-06	0.02292015757066	4.5962638712155e-06	0.18040108671086	0.41250915752033	0.013306515032845	0.022799869120499	5.3333708595387e-07	0.00040986334139183	0.082144318012342	0.03575946091763	0.49740871287086	7.0456397603243e-08	3.8946163211219e-06	0.00056548220705859	0.012425716404541	6.4797782313825e-05	0.91080536246676
7	4.8685388587688e-06	1.3304609517844	1.5489719731328e-06	0	0.0024561875762807	0.025104169059901	0.016378034842305	0.040483032240002	0.00069764421174581	2.9928535477445e-06	0.022933298060188	4.4415504176696e-06	0.17050738414763	0.39597250670464	0.013308981637763	0.022803098256676	5.1299343727746e-07	0.0004054404819861	0.082158794321138	0.033547511549272	0.49679986014557	6.9240772633746e-08	3.8211688327298e-06	0.00053797101130605	0.012429291723606	5.8132538012124e-05	0.9108192378338
7.2	4.6735359565753e-06	1.3307740217456	1.4745894622751e-06	0	0.0023223020279816	0.025009401718353	0.016406065871149	0.040530714295852	0.00064909400453215	2.8251188627845e-06	0.022951767099973	4.2233520225943e-06	0.15933607610682	0.39320368502847	0.013312534275699	0.022807697846891	4.8382355704472e-07	0.00039839637221529	0.082179703977555	0.031160625493235	0.59651743732824	6.75312805377e-08	3.7162988339356e-06	0.00049783838200675	0.012434458334962	5.1159065176556e-05	0.91083985436865
7.48	4.4446178739563e-06	1.3311843513854	1.3855560483699e-06	0	0.0021524258481493	0.024876806768375	0.016444148185877	0.040593708889961	0.0005875947535384	2.6217883846395e-06	0.022974595653018	3.9642703050604e-06	0.13943190170342	0.33123399774007	0.013316933351462	0.02281328512491	4.4829297718849e-07	0.00038847156893951	0.082205716783012	0.027794438052642	0.51700645840764	6.5461689616164e-08	3.5819015022209e-06	0.00044702226698271	0.01244089616269	4.5645425692025e-05	0.91086666946624
7.872	4.2060361438273e-06	1.3317097225435	1.2873593288736e-06	0	0.0019451338833391	0.024691447182684	0.01649490696831	0.040674880596711	0.00051274472834008	2.3922336378066e-06	0.023002523327754	3.6817482745246e-06	0.11906221913224	0.29118923654047	0.013322086085405	0.022819615647184	4.0774814106982e-07	0.00037457623074658	0.082236425945654	0.024640033151424	0.51224839439448	6.3152801941792e-08	3.4273568876674e-06	0.00038521366628238	0.012448520412514	4.189456549164e-05	0.91090062673649
8	4.1419469646603e-06	1.3318705135236	1.260615092462e-06	0	0.0018840771288488	0.024631021755669	0.016510859924482	0.040699807271534	0.00049074620123204	2.3277957455965e-06	0.023010911967445	3.6053828096827e-06	0.11366332737974	0.27966169633275	0.013323550619343	0.022821358442852	3.9639684441472e-07	0.00037006359369913	0.082245209465551	0.023890911024706	0.51408836090832	6.2508068629402e-08	3.3823325281501e-06	0.00036705773138806	0.012450708577005	4.1132620701944e-05	0.91091093125027
8.2	4.071763262446e-06	1.3321122820738	1.2253261435241e-06	0	0.0017948356976113	0.024536729475392	0.016535033473731	0.040737116882784	0.00045864218702515	2.2421699502457e-06	0.023023339859484	3.5048150103109e-06	0.10682458666654	0.2674691581705	0.013325635926869	0.022823783636172	3.807347147714e-07	0.00036308024055906	0.082257794608614	0.023349056010035	0.59004748027642	6.1673091320624e-08	3.3195244092593e-06	0.00034057144725617	0.012453847786203	4.0257970156576e-05	0.91092633654358
8.48	4.0183350897748e-06	1.3324334572674	1.1894439513312e-06	0	0.0016814886692362	0.024405011520841	0.016567229448658	0.040786078154308	0.00041796511374019	2.1485031668867e-06	0.023039468698575	3.4031529482005e-06	0.096389527232989	0.23468188750901	0.013328177967391	0.022826627577628	3.6311323142776e-07	0.0003535969819156	0.082273311777909	0.022091525325449	0.53439544204209	6.080454634761e-08	3.2427489445269e-06	0.00030703223240538	0.012457723315495	3.9497649502234e-05	0.91094662682205
8.872	4.0310570339406e-06	1.3328547860717	1.1636715352127e-06	0	0.0015429519432033	0.024221283292787	0.016608778706912	0.04084837597868	0.00036843600797742	2.0641395541217e-06	0.023059755275147	3.3320380905596e-06	0.085868903685446	0.21187773032355	0.013331093343397	0.022829677312091	3.4603998754997e-07	0.0003410299851642	0.082291476006866	0.020617218835437	0.53178508835735	6.0163637557696e-08	3.163957092097e-06	0.00026623237647711	0.012462260840922	3.9073959077123e-05	0.91097292016433
9	4.0468354539185e-06	1.3329862883706	1.1597204792883e-06	0	0.0015020904590883	0.024161480313727	0.0166215186282	0.040867321210136	0.00035387373507441	2.0442912205898e-06	0.023065883858824	3.3219517503893e-06	0.083057440744129	0.20535395891967	0.013331908870522	0.022830474646476	3.4189172286282e-07	0.00033710410302741	0.082296643686266	0.020202203083171	0.53298100847655	6.0048503487933e-08	3.142823519418e-06	0.00025424606145132	0.012463552288455	3.9040498508064e-05	0.91098105164927
9.2	4.1108170209269e-06	1.3331868663752	1.1599787890296e-06	0	0.0014423081440781	0.024068246338706	0.016640451089136	0.040895416855966	0.00033261584432294	2.0279690429251e-06	0.023074931744242	3.3240550046842e-06	0.079449062648994	0.19830424153021	0.013333055623946	0.022831540785975	3.3717944355815e-07	0.00033121531979769	0.082304029203006	0.019905488052566	0.58944181797586	6.0068837823394e-08	3.1192133164201e-06	0.00023675821022724	0.012465393998468	3.911962848998e-05	0.91099338028277
9.48	4.250031160008e-06	1.3334589323537	1.1734084062779e-06	0	0.0013662590402184	0.023938168168863	0.016664926549556	0.040931767444229	0.00030566847394052	2.0275222358934e-06	0.023086561430207	3.3639726364611e-06	0.073843675629276	0.18007306012459	0.013334426497675	0.022832705426714	3.3414588132591e-07	0.00032350911570832	0.082313121211252	0.018953463157423	0.54567194151656	6.0409900282513e-08	3.0969315231303e-06	0.00021460928637596	0.012467649638119	3.9490889721267e-05	0.91100995958964
9.872	4.5246370100497e-06	1.3338257053379	1.213391051834e-06	0	0.0012730800706655	0.023756992217516	0.016695230257204	0.040977132067136	0.00027283135702648	2.0599553623127e-06	0.023100944041719	3.4822639097968e-06	0.068237626706106	0.16785168482504	0.013335950783599	0.022833788898769	3.355505310137e-07	0.00031382307451954	0.082323748507757	0.017708561663522	0.54199230075385	6.1408087091246e-08	3.0943153125305e-06	0.00018765635074323	0.012470261298861	4.0473684127519e-05	0.91103205265522
10	4.6160689164806e-06	1.333942231567	1.2291580947893e-06	0	0.001245539737994	0.023698072873914	0.016704271302966	0.04099077433624	0.00026317025861271	2.0729990941309e-06	0.023105247227644	3.5295822839532e-06	0.066754399428631	0.16439385244288	0.013336366621948	0.022834026490571	3.3677646389864e-07	0.00031089656097131	0.082326763976729	0.017348870637945	0.54231879973682	6.1778523030323e-08	3.0966219593195e-06	0.00017973560990382	0.012470997812112	4.0863595211923e-05	0.91103901403729
10.2	4.7893400674772e-06	1.3341217355735	1.2575626473587e-06	0	0.0012051877195475	0.0236062594619	0.016717498310994	0.041010881090363	0.00024906015699921	2.1010307366284e-06	0.0231115614409	3.6146820337518e-06	0.064939770602571	0.16131461972872	0.013336938474218	0.022834291418666	3.3956798004295e-07	0.00030658521092987	0.082331054057502	0.017078923434252	0.58744666064775	6.2502015712962e-08	3.1091775504665e-06	0.00016817670755039	0.012472040052173	4.156913752803e-05	0.91104968278417
10.48	5.0429010431917e-06	1.3343679223301	1.303305701335e-06	0	0.0011537364760164	0.023478230202455	0.016734336296865	0.04103681159809	0.00023115948857092	2.1441451625507e-06	0.02311965222094	3.7529024816375e-06	0.061887651868352	0.15066807846469	0.013337597294371	0.02283446626702	3.4481394510853e-07	0.00030103480037682	0.082336288655806	0.016300088608554	0.55002414811	6.3625459745129e-08	3.1314349955777e-06	0.00015353143373969	0.012473301171616	4.271995271798e-05	0.91106421022979
10.872	5.3654775765787e-06	1.3347027181896	1.3692989620182e-06	0	0.0010904665931608	0.023299987490747	0.016755136892388	0.041069471456556	0.00020931880736873	2.1924387013716e-06	0.023129768322528	3.9601162861367e-06	0.058987361828721	0.1445860495554	0.013338284894135	0.022834376252632	3.5250334404883e-07	0.00029404825724018	0.082342257123249	0.015398553785497	0.54582887928221	6.514254549288e-08	3.1698208932224e-06	0.00013569860332101	0.012474729304363	4.4515024876788e-05	0.91108378160071
11	5.4493591685863e-06	1.3348095277031	1.3889973885482e-06	0	0.0010717095719752	0.023242035893386	0.016761398679807	0.041079428044703	0.00020288612054672	2.2017967202024e-06	0.023132846088376	4.0246377011256e-06	0.058249132461362	0.14289020252904	0.013338461009327	0.022834273468508	3.5458282859349e-07	0.00029190858595432	0.082343899117244	0.015163676011496	0.54579395272952	6.5555164764676e-08	3.1798713866955e-06	0.00013045523385055	0.012475122034587	4.5098565163002e-05	0.91108998397344
11.2	5.5693904968713e-06	1.3349740583801	1.4171930889059e-06	0	0.0010441684102153	0.023151735135536	0.016770702173516	0.041094330569455	0.00019348396746926	2.2102203453037e-06	0.023137445469506	4.1202620626562e-06	0.057473608116336	0.14221061301196	0.013338690616534	0.022834044111121	3.5718653213868e-07	0.00028865543318201	0.082346168280358	0.015081443322731	0.58524073030021	6.6137825361458e-08	3.1926877996158e-06	0.00012280054024466	0.012475666781888	4.6001157676994e-05	0.91109949896123
11.48	5.6954991379949e-06	1.3351995027751	1.4509374930952e-06	0	0.0010089348287555	0.023025820994362	0.016782911929791	0.041114065418842	0.00018154158364558	2.2071545078427e-06	0.023143533368862	4.2422677194875e-06	0.055855325891623	0.13557266983523	0.013338928806208	0.022833592345549	3.5940338919922e-07	0.00028435574412351	0.082348780105555	0.014643304330814	0.55157103863253	6.6762558578603e-08	3.205896360683e-06	0.0001130960268572	0.012476299648832	4.7233808130294e-05	0.91111246146532
11.872	5.7824375074901e-06	1.3355056725058	1.4819985033098e-06	0	0.00096538585337135	0.022850533842714	0.016798791389279	0.041139936222888	0.00016694309258297	2.1719150083347e-06	0.023151538352654	4.374499264177e-06	0.054497241091485	0.1329607049175	0.013339120651169	0.022832726536971	3.5866644035e-07	0.00027860995173981	0.08235140352848	0.014201974957763	0.54758782683085	6.7186733501624e-08	3.2092222185979e-06	0.00010126797655382	0.012476954186146	4.8775895253163e-05	0.91112993122026
12	5.7922783878943e-06	1.3356034138498	1.4880520179769e-06	0	0.00095242090744931	0.022793548941569	0.016803753221955	0.04114803464946	0.00016263663852889	2.1545221158577e-06	0.023154056629752	4.4069384013906e-06	0.05417825839075	0.1322501049153	0.013339152010662	0.022832390397438	3.5749549371987e-07	0.00027677729116648	0.08235202226645	0.01409868051427	0.54748587473261	6.7224369963906e-08	3.2061295268523e-06	9.7787387559925e-05	0.012477115103182	4.9217016616357e-05	0.91113547801135
12.2	5.7918057955346e-06	1.33575400274	1.4931763381221e-06	0	0.00093332878968169	0.022704759259484	0.016811314071467	0.041160374355771	0.00015633524015203	2.1215599425478e-06	0.023157906586192	4.4457910821907e-06	0.054018435822454	0.13318715965822	0.01333917139928	0.022831814393524	3.5467712622028e-07	0.00027390876427502	0.082352761215635	0.014190106579192	0.58424702021035	6.7182113040076e-08	3.1950196095508e-06	9.2703249098832e-05	0.012477316665725	4.983342227542e-05	0.9111439952007
12.48	5.7669171975137e-06	1.335960656429	1.4934593554293e-06	0	0.00090879352790719	0.022580966243331	0.016821572985489	0.041177081837891	0.00014831736688093	2.0677793480169e-06	0.023163150136109	4.4806494968493e-06	0.053170330253323	0.12854538303438	0.013339141607936	0.022830909151677	3.4919411711208e-07	0.00026999866960985	0.082353355140316	0.013977481549495	0.55247962323517	6.6969739217862e-08	3.1756415719625e-06	8.6251852112326e-05	0.012477502240703	5.0577301516126e-05	0.91115562853617
12.872	5.6957341195515e-06	1.3362424150694	1.4815417952169e-06	0	0.00087825887243315	0.022408667088877	0.016835434591194	0.041199519491107	0.00013848960667286	1.9824035737251e-06	0.023170256558922	4.4916809649263e-06	0.052594222176833	0.12775102107632	0.013338996137414	0.022829460977238	3.3888770120449e-07	0.0002645877205707	0.082353388095136	0.01376249502695	0.54857222498097	6.6419697534788e-08	3.1403678077521e-06	7.8377701762569e-05	0.012477586837063	5.1352313655164e-05	0.9111713925623
13	5.6672194809288e-06	1.336332717083	1.475397320101e-06	0	0.00086911746886591	0.022352663271362	0.016839863257947	0.041206640108949	0.00013558391680628	1.9536200637225e-06	0.023172527481409	4.4876364337722e-06	0.052478386771329	0.12754409750408	0.01333892441896	0.022828946369509	3.350885169693e-07	0.00026283016344262	0.082353217792936	0.013713486563108	0.54841038856543	6.6197959685075e-08	3.1271128936795e-06	7.6057872917059e-05	0.012477574596075	5.1544115019127e-05	0.91117642317328
13.2	5.6174976055589e-06	1.336472213468	1.4635131095306e-06	0	0.00085560414157972	0.022265411799369	0.016846696367273	0.041217574676685	0.00013132544023737	1.9076850975116e-06	0.0231760295009	4.4733082285788e-06	0.052622934959349	0.12940513736655	0.013338789077506	0.022828102516989	3.2871805189965e-07	0.00026005104722704	0.08235278038322	0.01386658525931	0.58392614385449	6.5803990781829e-08	3.1020613325443e-06	7.2666451187928e-05	0.012477517810332	5.177446425543e-05	0.91118417391753
13.48	5.544457441776e-06	1.3366644372837	1.4445178676665e-06	0	0.00083813534686869	0.022143782972896	0.016856108217434	0.041232519896888	0.00012589348489415	1.8444391334479e-06	0.023180845281921	4.443466075074e-06	0.052117143201311	0.12564576054678	0.013338553970282	0.022826843864452	3.1947054315004e-07	0.0002562259508376	0.082351839424249	0.013724220876977	0.5528902291206	6.5209665017994e-08	3.0681626977347e-06	6.8357330610438e-05	0.012477365869934	5.2006452013242e-05	0.91119481553263
13.872	5.4364229012563e-06	1.3369280691555	1.4140373823824e-06	0	0.00081620153999554	0.021974532532681	0.016869031001198	0.041252804589838	0.00011920971229925	1.7587372240007e-06	0.023187432578493	4.3841475136055e-06	0.051861182700036	0.12565313831395	0.013338140707779	0.022824941522536	3.0613120346158e-07	0.00025088280616868	0.082349933273322	0.013569337429882	0.54892586388845	6.4305952290685e-08	3.0201196798214e-06	6.3087102848175e-05	0.012477023407671	5.2143416268302e-05	0.91120934208765
14	5.4008870417516e-06	1.3370129249288	1.4035620151125e-06	0	0.00080958812705211	0.021919527974238	0.016873197927544	0.041259285093223	0.00011722726162485	1.7318998996692e-06	0.023189547877451	4.3617401560167e-06	0.051824177841316	0.12565944834066	0.013337986164057	0.022824288355109	3.0179250806383e-07	0.00024913967895967	0.082349178173002	0.013533506322112	0.54871679930141	6.4002411773464e-08	3.0041152067563e-06	6.1531752271273e-05	0.012476882445594	5.2149165576048e-05	0.91121400270657
14.2	5.3443115881956e-06	1.3371443599675	1.3864613658012e-06	0	0.00079976443761468	0.021833841104316	0.016879659891727	0.041269275517342	0.00011431538853811	1.6907836969804e-06	0.023192818553588	4.3230177546472e-06	0.052081314489544	0.12788097981966	0.013337725864217	0.022823237413994	2.9498631855136e-07	0.00024637860668216	0.082347873050742	0.013699638201399	0.58371075333462	6.3509959880428e-08	2.975952511715e-06	5.9255196373621e-05	0.012476634736741	5.2109974235432e-05	0.91122120752094
14.48	5.2677696420317e-06	1.3373261558103	1.3628196483615e-06	0	0.00078697144841441	0.021714408183149	0.01688861619482	0.04128300125029	0.00011058819670378	1.6366944828702e-06	0.023197330594927	4.2669619645942e-06	0.051697302865398	0.12447238991243	0.013337324733223	0.022821707508709	2.8580570838981e-07	0.00024256911616302	0.08234580611594	0.013573180781233	0.55294236088294	6.2825920381434e-08	2.9396376071614e-06	5.6357114859132e-05	0.012476235481264	5.2009900211141e-05	0.911231146208
14.872	5.1624133801037e-06	1.3375767014805	1.3297825087045e-06	0	0.00077073303692355	0.021548239407329	0.016900998775425	0.041301752042132	0.00010597756066823	1.5664908624694e-06	0.023203524965427	4.1837597425171e-06	0.051547241396938	0.1247740421368	0.013336696050274	0.022819460120612	2.7354448449337e-07	0.00023723919720057	0.082342482199049	0.013432578802517	0.5489423904782	6.1864396491436e-08	2.890653417988e-06	5.2802159263028e-05	0.01247558311341	5.1762949668915e-05	0.91124479657513
15	5.1287584808619e-06	1.3376576148901	1.3191478799964e-06	0	0.00076579469844075	0.021494242044084	0.016905008082391	0.04130776911022	0.0001046040076979	1.5449414505574e-06	0.023205518877833	4.1559890977485e-06	0.051534920080542	0.12485490371122	0.013336475254254	0.022818702314417	2.6971509211917e-07	0.00023549942390534	0.082341299325206	0.013400225296315	0.5487143185998	6.1553213533073e-08	2.874747101957e-06	5.1750432129885e-05	0.012475349173941	5.1660940341974e-05	0.91124919464738
15.2	5.0770002687742e-06	1.3377831956026	1.3027372797381e-06	0	0.00075841690304477	0.021410129408021	0.016911240259076	0.041317070626971	0.00010258037346104	1.5126282684989e-06	0.023208606724198	4.1122414393479e-06	0.051820088016589	0.12715005305858	0.013336115469813	0.022817495579361	2.6391377229094e-07	0.00023278187929113	0.082339358986099	0.013569899953166	0.58349440783379	6.1067604864657e-08	2.850898654088e-06	5.020837346547e-05	0.012474963965912	5.1482184581761e-05	0.91125601100528
15.48	5.0062753300644e-06	1.3379573778116	1.2802862465631e-06	0	0.0007487257599928	0.021292900583493	0.016919903427902	0.041329896687468	9.9977917139481e-05	1.4700886821658e-06	0.023212875278293	4.0507661342886e-06	0.051471428617135	0.1238833011958	0.01333558295769	0.022815762432903	2.5617996304676e-07	0.00022897924114163	0.082336464894132	0.013449293631464	0.55285965244148	6.0390926352786e-08	2.8145695008568e-06	4.824000799574e-05	0.012474386997446	5.1197248623616e-05	0.91126544724246
15.872	4.9107223837446e-06	1.3381982870146	1.250057442622e-06	0	0.00073626981445508	0.021129815637071	0.016931920000418	0.041347498660452	9.6735538394096e-05	1.4155275185373e-06	0.023218750021615	3.9653054768548e-06	0.051350597581313	0.1242807256722	0.013334784765177	0.022813257138668	2.4612563685354e-07	0.00022366034365388	0.082332092249155	0.013315553187484	0.54885776355091	5.9459603975784e-08	2.7668001234345e-06	4.5815409265286e-05	0.012473511982051	5.0742040252738e-05	0.91127846669191
16	4.8803197985182e-06	1.3382762759461	1.2405046752077e-06	0	0.00073244499095012	0.021076824131546	0.016935818549295	0.041353164861053	9.5763975099013e-05	1.3988376291207e-06	0.023220644481185	3.9377379312341e-06	0.051344801122087	0.12438463126967	0.013334511967084	0.022812421108862	2.4302953309785e-07	0.00022192489879809	0.082330590979628	0.013285249708769	0.54862605269374	5.9161059248572e-08	2.7514207877021e-06	4.5095614607921e-05	0.012473211139983	5.0582316730002e-05	0.91128267449666
16.2	4.8327514673504e-06	1.3383974982187	1.2255484687212e-06	0	0.00072669420663387	0.020994281867048	0.016941884941395	0.041361939544762	9.4326875983886e-05	1.3735234024072e-06	0.023223581065813	3.8939120849194e-06	0.05162957910908	0.12664584782297	0.013334074043087	0.022811097745423	2.3830330070953e-07	0.00021917888352322	0.082328175273749	0.013457185743567	0.58328955178983	5.8687240479658e-08	2.7245604077618e-06	4.4037704457588e-05	0.012472726768092	5.0309504064675e-05	0.911289208457
16.48	4.7696331488323e-06	1.3385659711333	1.2058605184957e-06	0	0.00071906859770779	0.020879248232269	0.016950328965507	0.041374069727639	9.2467376549666e-05	1.3407886420479e-06	0.023227646453791	3.8354338575234e-06	0.051289188721928	0.12345024532294	0.013333438285725	0.022809212096693	2.3216437204083e-07	0.00021538892993889	0.082324658387202	0.013340838944879	0.55275652228219	5.8045025368524e-08	2.6904980863272e-06	4.2682268054463e-05	0.012472021276142	4.992959945924e-05	0.91129827708303
16.872	4.6835861680399e-06	1.3387995671695	1.179540024012e-06	0	0.00070913558219118	0.020719228436746	0.016962059417988	0.041390771119236	9.0129305382028e-05	1.2985912944139e-06	0.023233253541123	3.7557714800512e-06	0.05117692955499	0.12388278603136	0.013332506931619	0.022806512624112	2.2424117293376e-07	0.00021009265038618	0.082319488511947	0.01321279033515	0.54876700727557	5.7160211169039e-08	2.6446793441358e-06	4.100306923378e-05	0.012470984522918	4.9367759763611e-05	0.91131082993528
17	4.6560698062604e-06	1.3388753169407	1.1712330064675e-06	0	0.00070605451373322	0.02066723537056	0.016965868518699	0.041396159143471	8.9423546779191e-05	1.2856147165961e-06	0.023235064416792	3.7303179348765e-06	0.051173481375628	0.12399572636788	0.013332193228	0.022805617474755	2.2180550755514e-07	0.00020836574541001	0.082317743211786	0.013184246654569	0.54853634246828	5.6876447393889e-08	2.6298285981361e-06	4.050221227994e-05	0.01247063485491	4.9178408261386e-05	0.91131489588494
17.2	4.6137368155862e-06	1.3389931768721	1.158508374653e-06	0	0.00070139152611986	0.020586250575961	0.016971798667977	0.041404514440709	8.8374403843176e-05	1.2661081832845e-06	0.023237874374768	3.6910357605969e-06	0.051453863792424	0.12620952416459	0.013331693892455	0.022804205802478	2.1813943499292e-07	0.00020566745719423	0.082314961631484	0.013358331675396	0.58310916341564	5.6433195692146e-08	2.6068583278122e-06	3.9763690043919e-05	0.012470077954012	4.8875967812398e-05	0.91132121783474
17.48	4.5558662740316e-06	1.3391572055623	1.141308494996e-06	0	0.00069514903469054	0.020473391802467	0.016980057581513	0.041416084856088	8.7006577654537e-05	1.2403418735117e-06	0.023241769621317	3.6374213205497e-06	0.051119191158078	0.12307039446891	0.013330976899536	0.02280220421313	2.1329881940272e-07	0.00020190061435928	0.082310961023664	0.013245752939883	0.55266751522187	5.5817667805794e-08	2.5727669627811e-06	3.8812699638315e-05	0.012469277958983	4.844445295453e-05	0.91133000815775
17.872	4.477023583323e-06	1.3393850477834	1.1182580479985e-06	0	0.00068690948625938	0.020316405028651	0.016991536210731	0.041432047916047	8.5267445430763e-05	1.2068870729807e-06	0.023247150200337	3.5647236497233e-06	0.051015487893805	0.12353098717741	0.013329940123015	0.022799355889103	2.0703015391813e-07	0.00019664161614921	0.08230516409653	0.013122239180863	0.54868802849651	5.4967682062125e-08	2.52719403813e-06	3.7625556948626e-05	0.012468121185892	4.7823862343549e-05	0.9113422041849
18	4.4517017662204e-06	1.3394590212617	1.1109612488606e-06	0	0.00068432865443559	0.020265399119236	0.016995264305883	0.041437204684626	8.4737854954657e-05	1.1965207885932e-06	0.023248889752492	3.5415364902409e-06	0.051014885286342	0.12365224751478	0.013329593862576	0.022798415115947	2.0509568303824e-07	0.00019492818169668	0.082303225137182	0.013095027066174	0.5484574619708	5.4694538585754e-08	2.5124380551912e-06	3.7269275299137e-05	0.012467735028591	4.7617994425068e-05	0.91134616079068
18.2	4.411908428867e-06	1.3395742050956	1.0994837320821e-06	0	0.00068039833460644	0.020185953536433	0.017001068359512	0.041445206789733	8.3945963886546e-05	1.1806121251018e-06	0.023251590307054	3.504857271926e-06	0.051292390143311	0.12582288260799	0.0133290453629	0.022796934925483	2.021232343781e-07	0.00019222418975882	0.082300151144365	0.013270446956196	0.58294662333748	5.4258597302564e-08	2.4865844078791e-06	3.6741711765792e-05	0.01246712360921	4.7281175498406e-05	0.91135231879052
18.48	4.3587270575453e-06	1.3397346717011	1.0843460848184e-06	0	0.00067508948745301	0.020075242758189	0.01700915126175	0.041456298941531	8.2904414488907e-05	1.1598618939068e-06	0.023255336717554	3.4562075409238e-06	0.050964503711972	0.12273575615237	0.013328262883941	0.022794842728548	1.9825801002245e-07	0.00018849145611527	0.08229576112374	0.013160447025764	0.55258253493128	5.3663624083758e-08	2.4532910765234e-06	3.605796449704e-05	0.012466252085874	4.6822259906616e-05	0.91136089241299
18.872	4.2853086689506e-06	1.3399578484477	1.0638959277921e-06	0	0.00066799700977926	0.019921249022517	0.017020383272207	0.041471620941856	8.156321964805e-05	1.1325070837007e-06	0.023260517438756	3.3900977447218e-06	0.050872033847082	0.12322853511853	0.013327140571922	0.022791877083471	1.932083099714e-07	0.00018328601481933	0.082289454118469	0.013040084794468	0.54860760266373	5.283550021907e-08	2.4077920523309e-06	3.5196151201876e-05	0.012465003644082	4.6169310667571e-05	0.91137280739385
19	4.2615718962761e-06	1.340030370014	1.0573766421882e-06	0	0.00066575598304532	0.019871216722786	0.017024030427247	0.041476574349103	8.1150794645238e-05	1.123936932992e-06	0.023262193584345	3.3689447516773e-06	0.050875291759832	0.12336012488425	0.013326767754265	0.02279090010907	1.9163707827108e-07	0.00018159139006367	0.082287356303214	0.01301377154489	0.5483754741583	5.2568421336026e-08	2.3929813598487e-06	3.4935506298855e-05	0.012464589407371	4.595400247489e-05	0.91137667717761
19.2	4.2242098580908e-06	1.3401433529553	1.0470798977805e-06	0	0.00066232434771696	0.019793288694426	0.017029707222373	0.041484263958314	8.0530118019044e-05	1.1106885580597e-06	0.02326479676664	3.3354381843916e-06	0.051153044466264	0.12550160246853	0.013326179061199	0.022789365343552	1.8920629892898e-07	0.00017892164638564	0.082284041348371	0.013190036139742	0.58279352807691	5.2140915102994e-08	2.3671535113574e-06	3.4547542568115e-05	0.012463935854131	4.5604511050422e-05	0.91138270418687
19.48	4.1739835870096e-06	1.3403008685447	1.0334100268951e-06	0	0.00065765296233693	0.01968469476763	0.017037609794862	0.041494928071204	7.9705967671387e-05	1.0932608065859e-06	0.023268409972368	3.2908067210323e-06	0.050834707992365	0.12246714458494	0.013325342800891	0.022787200531169	1.8602335102463e-07	0.00017523489539376	0.082279327754507	0.013081711955187	0.5524893237938	5.1554144025734e-08	2.3334144405235e-06	3.4040742016505e-05	0.012463008635916	4.512784441964e-05	0.91139110336847
19.872	4.1042642952608e-06	1.3405201478337	1.0147808013304e-06	0	0.00065134743671244	0.019533649183797	0.017048583734493	0.041509665874552	7.863038728654e-05	1.0699683844073e-06	0.023273409388762	3.2298421661365e-06	0.050756715647268	0.12299929542602	0.013324149628835	0.02278413994608	1.8181328196504e-07	0.00017009950040341	0.082272592239625	0.01296309454012	0.54851096752382	5.0732983333284e-08	2.2870000146303e-06	3.3394529192439e-05	0.012461688016827	4.4452630723898e-05	0.91140279011656
20	4.0816186468767e-06	1.3405914491795	1.0088033352796e-06	0	0.0006493404604523	0.019484575566634	0.017052145029342	0.041514431593576	7.8296283434377e-05	1.062594686328e-06	0.023275027431687	3.2102536925741e-06	0.050764767164786	0.12314341778145	0.013323754667392	0.022783133467009	1.8049059855117e-07	0.0001684291312771	0.08227035997141	0.012937223301723	0.54827522649905	5.0467469744468e-08	2.2718821048124e-06	3.3197312195727e-05	0.012461251490619	4.4230550658837e-05	0.91140658893902
