# Time [h]	All Liquid [L/h]	MS [g/L]	Butyric [g/L]	AA [g/L]	Propionic [g/L]	Valeric [g/L]	LCFA [g/L]	Acetic [g/L]
0.2	0.26176390790104004	0.01643030328284233	0.00316675397021319	0.010743242074177775	0.007503099491319863	9.43827806188211E-4	0.017342445864540177	0.4239811884978382	
0.48	0.36028448245187994	0.020379187111701332	0.0066538857521329835	0.01695987482128518	0.02014553952960496	0.0022014425641986263	0.051406040539163804	0.5991130861558494	
0.872	0.4949555504271728	0.0233983182232767	0.008821539925914891	0.02009534435394727	0.034460636541639375	0.003014067016146655	0.11415942864465159	0.8520948742164106	
1.0	0.1605142269474944	0.007158990306618268	0.0027337990197268463	0.006116105220211212	0.011328811155479125	9.375653719270441E-4	0.04098797845794508	0.27837675055663264	
1.2	0.17683595697525997	0.007218500052330526	0.002704672711959325	0.0060950023415150285	0.012096425411490197	9.486932531447777E-4	0.0513571076783803	0.3060216696388321	
1.48	0.35535322958332405	0.012833743948684407	0.00473472266027529	0.010651155412563045	0.022036415125623838	0.001682620200249851	0.11788117996723305	0.6054283417829178	
1.872	0.46905461221583455	0.014343048840995305	0.005216208876350247	0.011648998712050137	0.02374209490480154	0.0018685338252842365	0.17713602673531983	0.7678768437269071	
2.0	0.14976778201374707	0.004335989381974827	0.0015716948918586928	0.003497566297320269	0.007010658181313586	5.642972790458556E-4	0.05841679062117921	0.24096405046503175	
2.2	0.16985991063476616	0.004521171908777905	0.0016307696547202995	0.003611086664693173	0.007002467199162548	5.869117944343872E-4	0.06926441412919668	0.2653581549683231	
2.48	0.2973811284837118	0.00706678419483318	0.002526695871782944	0.00556734817982519	0.010202969227358442	9.10976011855148E-4	0.12698675909389473	0.4403333847765304	
2.872	0.3767661341006908	0.007661520614694026	0.0027130834167803358	0.005931787524956903	0.010085812043347173	9.792206288381827E-4	0.16814654830593448	0.5077818647786873	
3.0	0.11859294135833354	0.0022921355826869155	8.095733994093486E-4	0.001764489796349641	0.002931813939208133	2.922946862317559E-4	0.05347759586202226	0.15423697652633261	
3.2	0.13613712816211013	0.002433875540331548	8.561838577265522E-4	0.0018574406936689124	0.002992837723201666	3.090791630797146E-4	0.0622789677188642	0.1669365970025688	
3.48	0.22208350977558464	0.0035725807621946343	0.001247532991843577	0.002692295340717503	0.00418545341899699	4.497539037136815E-4	0.10275294654414004	0.2472150039933444	
3.872	0.26631180276786337	0.003711232077205575	0.001284269247588326	0.002748802901542784	0.004126657752818834	4.6155649693592384E-4	0.12389405981921957	0.25238044972707574	
4.0	0.08217142230020873	0.0010932461512609926	3.773117320124333E-4	8.050147808258998E-4	0.001197583080939372	1.3544863258117346E-4	0.03821356766472555	0.07334533883828147	
4.2	0.08851815128906207	0.0010973354372535151	3.771265484445058E-4	8.006371354919012E-4	0.0011780452424765772	1.350735897410719E-4	0.04112738965201773	0.07151752164043956	
4.48	0.14126778901666773	0.0015924329563010938	5.431787749386159E-4	0.0011460367201918116	0.0016658012738967002	1.9373214735296122E-4	0.06516614616094321	0.09717921672763861	
4.872	0.15560492334041515	0.0015454127505026966	5.218343316796332E-4	0.0010903531658576421	0.0015689976528621254	1.8478578141680767E-4	0.07062998533522077	0.08183709215791901	
5.0	0.046513716145417	4.4372259041525365E-4	1.4936628901073739E-4	3.109599721173387E-4	4.4653994317167366E-4	5.2756584218894156E-5	0.02097440850842799	0.022103019002656068	
5.2	0.06267197061849006	5.630270863971734E-4	1.8843525239404285E-4	3.9018988519799107E-4	5.5904538274461E-4	6.625383655449827E-5	0.027939066636809777	0.025051330943276967	
5.48	0.06993188458365766	5.803021626080722E-4	1.9260725802841335E-4	3.956767004209013E-4	5.664361908823281E-4	6.723621569946452E-5	0.030614999249778133	0.021276257861777694	
5.872	0.0694545279292451	5.210030535185992E-4	1.707821091893385E-4	3.466800982551156E-4	4.97612541013009E-4	5.893210794778556E-5	0.029541627780025222	0.013698384700358465	
6.0	0.02017825880958338	1.4672151849296812E-4	4.791022116507171E-5	9.683244422208304E-5	1.392322180128183E-4	1.6465507385511704E-5	0.008495878747508373	0.0034051127474417145	
6.2	0.026386923480794022	1.835655005430526E-4	5.949722229832926E-5	1.1947901739554273E-4	1.7230325441633585E-4	2.030707953047153E-5	0.010928927633540458	0.0034958332591331904	
6.48	0.029633769052344824	1.951338336389853E-4	6.256990271382038E-5	1.244572406222729E-4	1.805027336355219E-4	2.1131565464199676E-5	0.01198341705060808	0.0028787977725411025	
6.872	0.03317724658372399	2.0534042349074958E-4	6.477514614515509E-5	1.2703085608644743E-4	1.861756167475778E-4	2.1519976076205493E-5	0.012958434268297918	0.0023282484425266575	
7.0	0.010273312992708361	6.246514630151012E-5	1.960835090056013E-5	3.825870234403415E-5	5.630634421735341E-5	6.47773773890463E-6	0.0039663394602804875	6.654609617858245E-4	
7.2	0.01091285837337241	6.498346236947798E-5	2.019379723697411E-5	3.9116374640470376E-5	5.791777524400388E-5	6.608583559391052E-6	0.004139010090734171	6.428756958035693E-4	
7.48	0.0199021577512369	1.1630891782328555E-4	3.559821059782175E-5	6.825031736580835E-5	1.0196321099995952E-4	1.148474824534326E-5	0.007359933017487275	0.0010760845590095573	
7.872	0.026850678838138138	1.561990448762285E-4	4.669661642580734E-5	8.823347888941447E-5	1.3360131004033586E-4	1.4741192396343672E-5	0.00959222049847034	0.0013676534038159559	
8.0	0.008716425206041736	5.078515565574922E-5	1.507754404401613E-5	2.8343478718836856E-5	4.3129561627771037E-5	4.725142689733151E-6	0.0030796894059635705	4.392910447825915E-4	
8.2	0.010775219328124962	6.356292740220101E-5	1.858761048864169E-5	3.471747715511611E-5	5.314908428592132E-5	5.755417105381941E-6	0.003744746239380839	5.382769705786452E-4	
8.48	0.01930233500872412	1.174114820420625E-4	3.356539673480665E-5	6.21484478550551E-5	9.59052463062718E-5	1.0207327784499536E-5	0.0065600113038016645	9.644150093516321E-4	
8.872	0.028116133767057072	1.8276717560881289E-4	5.049801035606152E-5	9.240488617741393E-5	1.4415069413412223E-4	1.4951005831860002E-5	0.009285325628134467	0.0014328816411289655	
9.0	0.009323620366458375	6.203314585806028E-5	1.6974343528199885E-5	3.092932049800363E-5	4.844812778576407E-5	4.982316595593975E-6	0.0030522175047280223	4.7967523384738394E-4	
9.2	0.01468761404589835	1.0233916706236952E-4	2.7432617126432263E-5	4.976296757250964E-5	7.826579942231724E-5	7.94013238055133E-6	0.004746540387792074	7.696867743864446E-4	
9.48	0.02216058310247413	1.661509313375574E-4	4.3253032483039764E-5	7.797414613201696E-5	1.232910063373159E-4	1.226578033936393E-5	0.007042461319504651	0.0011992386092123462	
9.872	0.03365986064911457	2.8140817475580203E-4	7.05746635657836E-5	1.2583263435689694E-4	2.009997940921052E-4	1.9443310879515185E-5	0.010474852327754866	0.001923643232830576	
10.0	0.01127535421791668	9.736758535184653E-5	2.4200333904790728E-5	4.294118087068585E-5	6.8930280817386E-5	6.607533868563991E-6	0.0034865940810802636	6.565177030538982E-4	
10.2	0.018366913122395735	1.6717573102160323E-4	4.08937506880294E-5	7.204641632399002E-5	1.1651797244789242E-4	1.1011503157384977E-5	0.00562586256241886	0.0011022229749224823	
10.48	0.02720805202864599	2.6530022778349925E-4	6.373968433743928E-5	1.1088220318753657E-4	1.8179293239274264E-4	1.6837254763030182E-5	0.008230390605934286	0.0017053720378791249	
10.872	0.04080341606687298	4.3020143810789605E-4	1.0208292011417779E-4	1.7317352487748494E-4	2.9209098712460596E-4	2.628709366883589E-5	0.012141704517114644	0.002717158659810287	
11.0	0.013576677240208652	1.4600061100991578E-4	3.461719114990267E-5	5.815595419853831E-5	9.920849218556058E-5	8.845058221307444E-6	0.00401897607710349	9.213053471786058E-4	
11.2	0.017484028563801938	1.930637525493074E-4	4.5799368390796065E-5	7.568054109752163E-5	1.3165007910178578E-4	1.156585478603648E-5	0.005135542483381423	0.001220779545325247	
11.48	0.03144365457734493	3.569681052719892E-4	8.510314304317355E-5	1.370406798948375E-4	2.459193612252145E-4	2.1157597020890496E-5	0.00913423353351863	0.002280293165960633	
11.872	0.04538981815511578	5.262333474785794E-4	1.2713573049835775E-4	1.966922673534104E-4	3.7085456121667805E-4	3.096225629997336E-5	0.012984199020636604	0.0034532674942413925	
12.0	0.014931919551458573	1.7370187006179757E-4	4.2175669195803645E-5	6.438776326069009E-5	1.2345153372828009E-4	1.0205255896339086E-5	0.004249986090019381	0.001152240319656477	
12.2	0.018837331583333332	2.1958653630939267E-4	5.375066856646227E-5	8.035024315502602E-5	1.5823918578601216E-4	1.2877893383357939E-5	0.005320812273394033	0.0014839043505108836	
12.48	0.033279250041405334	3.873371615877258E-4	9.586627944039E-5	1.391767350405405E-4	2.8466129917378337E-4	2.265728190788209E-5	0.009296353080711917	0.0026914216531516294	
12.872	0.046935440382759534	5.412179133861421E-4	1.35792233047798E-4	1.8950964269970062E-4	4.083650905273525E-4	3.1491844428662974E-5	0.012906815693017206	0.003917157831351638	
13.0	0.015346367639375373	1.762237471035727E-4	4.438050367253262E-5	6.118220161391148E-5	1.3402105994505113E-4	1.0229092137394436E-5	0.004198323064858213	0.0012923493814272816	
13.2	0.019052600951822932	2.1709146946795202E-4	5.495295648895868E-5	7.436486853598218E-5	1.6702932921778817E-4	1.2543881053239695E-5	0.005171357764427473	0.0016249238276884422	
13.48	0.03360747139166773	3.7850728274895564E-4	9.633282223382372E-5	1.2721512772346708E-4	2.9542561793600476E-4	2.1691325203830414E-5	0.009017635549758015	0.0029116889809656637	
13.872	0.04694981274374993	5.193255292651192E-4	1.327944547274138E-4	1.6997632220659855E-4	4.120984802609572E-4	2.9329584974543994E-5	0.012393901393119591	0.004140943799619485	
14.0	0.015312849466250254	1.683483377988567E-4	4.308616343550246E-5	5.463147988892705E-5	1.3419718995233656E-4	9.456257918970116E-6	0.004020635398280624	0.0013572035787001162	
14.2	0.018875431779622334	2.0544371013223083E-4	5.262284113125452E-5	6.579305200329043E-5	1.6479861066672567E-4	1.1435543405071078E-5	0.004915637038959256	0.001683948080131027	
14.48	0.033289431897330135	3.574338206228489E-4	9.154917468462735E-5	1.124073671543618E-4	2.8874832483520547E-4	1.9621465539117754E-5	0.00856647982861883	0.0029931568192023785	
14.872	0.04630413871270762	4.87701958218354E-4	1.2471698092653157E-4	1.4970019302693415E-4	3.968377351080515E-4	2.6223220669986122E-5	0.01171557568472689	0.00419651343478951	
15.0	0.015083859837082892	1.5787913267568257E-4	4.0340993396338066E-5	4.809410921839093E-5	1.286937063017844E-4	8.430104992497981E-6	0.0037951887602193516	0.001369672192410673	
15.2	0.023475697065755915	2.433279330608154E-4	6.208115534010135E-5	7.327453589299997E-5	1.9879295583784864E-4	1.2850478367246266E-5	0.005855064236122777	0.0021367614834445644	
15.48	0.032670504471354535	3.340738714361801E-4	8.501931548912728E-5	9.906573051216908E-5	2.7351953248540994E-4	1.737116168408279E-5	0.008048104414136377	0.0029800234878195405	
15.872	0.04532347602343841	4.5486826957769213E-4	1.1529211517249317E-4	1.3221937385744271E-4	3.729342556527606E-4	2.3148298787017767E-5	0.01097106049890826	0.004137680962165281	
16.0	0.014752986829999372	1.4716988035376664E-4	3.725014288186551E-5	4.2517064871661706E-5	1.2067637744605841E-4	7.438008367137146E-6	0.0035505689402837823	0.0013465710706637892	
16.2	0.017862139444661338	1.764654958057232E-4	4.456517881206994E-5	5.051336318535653E-5	1.4468150232308004E-4	8.824314425073765E-6	0.004261195406987708	0.001628698576403147	
16.48	0.03186500301295653	3.1080444918566075E-4	7.823313372983072E-5	8.78955841273098E-5	2.5462261305857583E-4	1.5317569759842085E-5	0.007505038660722972	0.002900013397010958	
16.872	0.04412864764583458	4.228457889453521E-4	1.0596879913564649E-4	1.1776323884690854E-4	3.4581240577459E-4	2.0444843396221784E-5	0.010206797429894847	0.00399940493856579	
17.0	0.014356337196249612	1.3677406636386472E-4	3.422973033121787E-5	3.7915782384162514E-5	1.1178023616225832E-4	6.574055934082654E-6	0.0033008128053881487	0.001298915498992969	
17.2	0.021600321583333925	2.0396025522102047E-4	5.093790301745151E-5	5.615379474059541E-5	1.664929569943565E-4	9.716294020084704E-6	0.004920466437065867	0.001948602875619701	
17.48	0.030957775549349725	2.8870979596708494E-4	7.190188040907191E-5	7.878218735369532E-5	2.352388906874957E-4	1.3592020286829557E-5	0.006959407203017018	0.0027794471690296835	
17.872	0.042811921671549465	3.9246366067601895E-4	9.738364776832945E-5	1.0590624418948299E-4	3.1885981091481485E-4	1.819780213047565E-5	0.009445780914658496	0.0038139376099266755	
18.0	0.013922051431041292	1.2691608762439803E-4	3.145711385593038E-5	3.413395964402274E-5	1.03014039423307E-4	5.85768605832315E-6	0.0030528076382088606	0.0012368109200758635	
18.2	0.01680993730143214	1.5187207489543537E-4	3.757922197732053E-5	4.0644375914483914E-5	1.2307614066798113E-4	6.961147895136655E-6	0.0036515032401649153	0.0014861383736613637	
18.48	0.029970617853842522	2.675722239956727E-4	6.605459964267636E-5	7.115083720944868E-5	2.163319232226673E-4	1.2152733471447585E-5	0.006421970870883153	0.0026315914831735406	
18.872	0.04140448860333458	3.635361509291295E-4	8.949719183500762E-5	9.591295535067053E-5	2.930091790143054E-4	1.632502553275212E-5	0.008702028152254373	0.0035980596897966823	
19.0	0.013459990746041612	1.175370598108478E-4	2.891273916148677E-5	3.09381784043613E-5	9.464280404411156E-5	5.26033354354866E-6	0.0028109390208223175	0.0011655175271025231	
19.2	0.01638751284765614	1.418464944866835E-4	3.4851182922419124E-5	3.7209419556689875E-5	1.140440216319682E-4	6.316635019428622E-6	0.0033890786213385234	0.0014105416292185457	
19.48	0.02894262403867252	2.4759471297670124E-4	6.073454481615709E-5	6.46631701219143E-5	1.9863489692174453E-4	1.095392282372561E-5	0.005901649264248415	0.002470519637724018	
19.872	0.03994862138941291	3.3613315889278864E-4	8.23017246675932E-5	8.731852934593471E-5	2.689294166894033E-4	1.4753556874498665E-5	0.007984565037009202	0.0033684147261333498	
20.0	0.01298303982749953	1.0864822051556767E-4	2.6588829549610445E-5	2.817971559650243E-5	8.685408365305613E-5	4.75772952647435E-6	0.0025778887600082442	0.0010901907053910823	
