# Time [h]	All Liquid [L/h]	MS [g/L]	Butyric [g/L]	AA [g/L]	Propionic [g/L]	Valeric [g/L]	LCFA [g/L]	Acetic [g/L]
0.2	-1.3088195395052	0.062767642088587	0.012097748675919	0.041041724049441	0.028663613526722	0.0036056453074693	0.066252242349226	1.6197083543623
0.48	-1.286730294471	0.056564154450985	0.01846842169513	0.047073564495108	0.055915645859923	0.0061102897055597	0.14268180574785	1.6628889539695
0.872	-1.2626417102734	0.04727357477471	0.017822893224051	0.040600301050476	0.069623699566351	0.0060895711009713	0.23064581970265	1.7215583772745
1	-1.2540173980273	0.044600347537792	0.0170315060024	0.03810319705936	0.070578237025587	0.0058410110415554	0.25535417786582	1.7342808537943
1.2	-0.8841797848763	0.0408203183097	0.015294811972758	0.034466985367505	0.068404783836935	0.0053648209864779	0.29042231318128	1.7305398453644
1.48	-1.2691186770833	0.036115456059687	0.013323989388888	0.029973430732717	0.062012705362107	0.0047350637623945	0.33172958665792	1.7037367086626
1.872	-1.1965678883057	0.030578632993796	0.011120685609952	0.024835058453044	0.050616909601726	0.0039836167828245	0.37764478191254	1.6370734318109
2	-1.1700607969824	0.028951416143539	0.010494212244623	0.023353262299092	0.046810188994253	0.0037678148895472	0.39004911360587	1.6089178007785
2.2	-0.84929955317383	0.026617062801236	0.0096006741592299	0.021259205018998	0.041224955158603	0.0034552696527456	0.40777375821261	1.5622176767707
2.48	-1.0620754588704	0.023763391546953	0.0084964902940078	0.018721255811396	0.03430940382593	0.0030633282498457	0.42701687138446	1.4807038597967
2.872	-0.96113809719564	0.020334950308051	0.0072009747459289	0.015743950923603	0.026769423073072	0.0025990144554141	0.44628891263618	1.3477375454424
3	-0.92650735436198	0.019327757254634	0.0068264889135618	0.014878539786092	0.024721656328175	0.0024646887317566	0.45093405433328	1.3005578136417
3.2	-0.68068564081055	0.017878117257133	0.0062891282435973	0.013643895083912	0.02198399337202	0.0022703517200074	0.45747231897461	1.2262385673641
3.48	-0.79315539205566	0.016086654816491	0.0056174048811828	0.012122896217905	0.018846304361933	0.0020251566816832	0.46267706525339	1.1131623606055
3.872	-0.67936684379557	0.013935665031116	0.0048224270732296	0.010321746437723	0.015495587164854	0.0017331432258684	0.46522181342152	0.9476878121961
4	-0.64196423672038	0.013304456959098	0.0045917634312565	0.0097967731151692	0.014574204113981	0.0016483666558225	0.46504692988171	0.89258937943557
4.2	-0.44259075644531	0.012396727917081	0.0042604431176265	0.0090448921925331	0.013308516110211	0.0015259422816003	0.46462097381263	0.80794188083407
4.48	-0.50452781791667	0.011272441986851	0.0038450292081412	0.008112512612883	0.011791798296639	0.0013713823137	0.46129515167293	0.68790781963872
4.872	-0.39695133505208	0.0099316443035791	0.0033535849668331	0.0070071893771143	0.010083213430398	0.0011875317146139	0.45390585219919	0.5259286814395
5	-0.36338840738607	0.0095396073929684	0.0032112310386848	0.0066853392480011	0.0096001777577961	0.0011342156376833	0.45092953749073	0.47519357373113
5.2	-0.31335985309245	0.0089837144235427	0.003006691038026	0.0062259073928477	0.008920181976529	0.0010571525978944	0.44579843845802	0.39972144957392
5.48	-0.24975673065592	0.0082981055932201	0.0027542123192462	0.0056580299927076	0.0080998273427726	0.00096145293523488	0.43778312899825	0.30424259246618
5.872	-0.17717991818685	0.0075013547575956	0.0024589053339088	0.0049914686427397	0.0071645802779041	0.00084849915052077	0.4253376800735	0.19722810173461
6	-0.15764264694987	0.0072712675497692	0.0023743486302355	0.004798850343623	0.0069001106253376	0.00081600238855553	0.42104122202424	0.16875156471997
6.2	-0.13193461740397	0.0069566844606444	0.0022547995161935	0.0045279631588164	0.0065298728190783	0.00076958875274915	0.41417968417179	0.13248354859094
6.48	-0.10583488947266	0.0065848469458712	0.002111439236882	0.0041998451294681	0.0060911162976496	0.00071309071171045	0.40438383080602	0.097145853011678
6.872	-0.084635833121745	0.0061891942410762	0.0019523966819155	0.0038288546870784	0.005611545137652	0.00064863658959459	0.39058196814485	0.070176059868357
7	-0.080260257755534	0.0060803312763707	0.0019086686947509	0.0037240861220902	0.0054808360513612	0.00063054028856147	0.38608182804278	0.064775692345609
7.2	-0.054564291866862	0.0059547609018769	0.0018504590223811	0.0035844297893497	0.005307296517778	0.00060557768948199	0.3792782742268	0.058909927519283
7.48	-0.071079134825846	0.0058440355702666	0.0017886608599316	0.00342929235206	0.0051232239375463	0.00057706045690596	0.36980578234186	0.054068738297619
7.872	-0.068496629689128	0.0058173220058171	0.0017391223777732	0.0032860800064425	0.0049757144259076	0.00054900632066723	0.35724312805253	0.050935524277076
8	-0.068097071922201	0.0058263742824923	0.0017297852832564	0.0032517319943491	0.0049480791274244	0.00054209639594658	0.35332023543653	0.050398074256187
8.2	-0.053876096640625	0.0058989915162369	0.0017250331452767	0.0032219740589872	0.0049325292290983	0.00053413456655675	0.34753318010024	0.049955082508034
8.48	-0.068936910745443	0.0060827605566371	0.0017389293429855	0.0032197372922481	0.0049685826229275	0.00052881310887445	0.33985584131851	0.049963644756748
8.872	-0.071724831038411	0.0065004376890167	0.0017960510066725	0.0032865431265547	0.0051269742607008	0.0005317589521991	0.33024902019117	0.050962968557499
9	-0.072840784112956	0.0066533324416794	0.0018205742899255	0.0033173080072277	0.0051962784714032	0.00053437574673437	0.32736398359894	0.051447314990753
9.2	-0.073438070229492	0.0069677189734536	0.0018677381527528	0.003388090633169	0.0053286939034304	0.00054060056015488	0.32316619792427	0.052403799009233
9.48	-0.079144939651693	0.007497588423971	0.0019518002880624	0.0035185963190342	0.0055635271764826	0.00055349537882848	0.3177922389018	0.05411584179292
9.872	-0.085866991451823	0.0083603487753359	0.0020967010024636	0.0037383587433303	0.0059714981053373	0.00057764086079265	0.31119713883992	0.057149471083184
10	-0.088088704827474	0.0086354347251573	0.0021463036492757	0.0038084108082788	0.0061133583464593	0.00058601563559436	0.30922257639942	0.058225904957441
10.2	-0.091834565611979	0.009102004779331	0.0022264901246887	0.0039226197589044	0.0063439061137506	0.00059952933212049	0.30630419629736	0.060011334924783
10.48	-0.097171614388021	0.009750798311624	0.0023426772438663	0.0040753451614542	0.0066815857379772	0.00061883352565274	0.30249834119947	0.062678946514937
10.872	-0.10409034710937	0.01054327013706	0.0025018228852916	0.0042440937933645	0.0071584934615743	0.00064423757132868	0.29756588265099	0.066591450464763
11	-0.10606779093913	0.010753780798259	0.0025497542983036	0.0042835189472063	0.0073072733799508	0.00065148917255777	0.29602059517191	0.067859412938688
11.2	-0.08742014281901	0.011042292217997	0.0026194974587045	0.0043285528172956	0.0075297337007529	0.00066150971692999	0.29372764203862	0.069822554960399
11.48	-0.11229876634766	0.011352627742234	0.0027065283659645	0.0043582936441992	0.0078209535288051	0.00067287334456773	0.29049528931347	0.07251997888323
11.872	-0.11579035243652	0.01159364299897	0.0028009746605259	0.0043334006468418	0.0081704350510794	0.00068214100779524	0.28605972767426	0.076080223155778
12	-0.11665562149577	0.011632922978401	0.0028245309687383	0.0043120888134172	0.0082676264965693	0.00068345237604379	0.28462422901309	0.07716625552968
12.2	-0.094186657916667	0.011656987367769	0.0028534120307156	0.0042654790461998	0.0084002973078213	0.00068363681588277	0.28246104018797	0.07877465786204
12.48	-0.11885446443359	0.011638999109229	0.0028806622541408	0.0041820874829625	0.0085537173710229	0.00068082309185731	0.27934382743438	0.080873867343856
12.872	-0.11973326628255	0.011531113993445	0.002893170532553	0.0040376662316204	0.0087005701277569	0.00067096088098559	0.27499082969632	0.083458422876341
13	-0.11989349718262	0.011483091715555	0.0028919223568359	0.0039867545892053	0.0087330802372532	0.00066654809644654	0.27357112533172	0.084212069709017
13.2	-0.095263004759115	0.011394321962492	0.0028842758334106	0.0039031347333639	0.0087667468415543	0.0006583815556185	0.27142529135544	0.085286194352009
13.48	-0.12002668354167	0.011262593318544	0.00286641089748	0.0037853228004237	0.0087904744303152	0.00064543163485987	0.26832234548874	0.086638145043175
13.872	-0.11976993046875	0.011061290746772	0.002828434171872	0.0036203833896915	0.0087774254289399	0.00062470078708564	0.26398191321369	0.088199367742329
14	-0.11963163645508	0.010993926255848	0.0028137260495158	0.0035676886923845	0.0087636981117139	0.0006175374439494	0.26256611528391	0.08863168032125
14.2	-0.094377158898112	0.010884185990067	0.0027879013177365	0.0034856448727345	0.0087308524960282	0.0006058427451401	0.26042514398352	0.089213751494098
14.48	-0.11889082820475	0.010737155915584	0.0027500972370745	0.0033766682321598	0.0086738736102722	0.00058942025804566	0.25733331391894	0.08991312403389
14.872	-0.11812280283854	0.010532578118865	0.002693430531131	0.0032329765154632	0.0085702433117311	0.00056632563306462	0.2530135752533	0.0906293379265
15	-0.11784265497721	0.01046675946216	0.0026744476435111	0.003188448430166	0.0085318816066825	0.0005588824799189	0.25160594179542	0.090803826553957
15.2	-0.11737848532878	0.010365099378274	0.0026444861324548	0.0031212932969682	0.0084680320793468	0.00054739496472679	0.2494096009044	0.091020150645983
15.48	-0.11668037311198	0.010225549829789	0.0026023263755744	0.0030322681609961	0.0083720633308626	0.00053170778857467	0.24634160213819	0.09121449258405
15.872	-0.11562111230469	0.010036041131145	0.0025437615401094	0.0029172381612802	0.008228280096167	0.00051073529256774	0.24206132144928	0.091292224806975
16	-0.11525770960937	0.0099755989786763	0.0025249221266923	0.0028819292907661	0.0081797929352631	0.00050416966088605	0.2406678038283	0.09127447114137
16.2	-0.089310697223307	0.0098793034480797	0.0024949519037256	0.0028279570508254	0.0080998977066167	0.0004940233756663	0.23856019152629	0.091181606853368
16.48	-0.11380358218913	0.0097537869071999	0.0024551428317148	0.0027583736330284	0.0079906665301442	0.00048070197117552	0.2355260615438	0.091009355807429
16.872	-0.11257308072917	0.0095821152811889	0.0024013606758613	0.0026686346654456	0.0078364605357951	0.00046330092778521	0.23129640209716	0.090630580176941
17	-0.1121588843457	0.0095270865050171	0.0023842941178729	0.0026410484698052	0.0077861250146353	0.00045792013967184	0.22992026171205	0.09047680346574
17.2	-0.10800160791667	0.0094424638278714	0.0023582011416327	0.0025996740152203	0.0077078925122493	0.00044982172985709	0.2277959806331	0.090211753010343
17.48	-0.11056348410482	0.0093259218675726	0.0023225790333176	0.0025448271381162	0.0075987013444329	0.00043905028851839	0.22480320628732	0.089781876110542
17.872	-0.10921408589681	0.0091671582436074	0.0022746852737761	0.0024737559085058	0.0074479210104393	0.00042506389388657	0.22063435944609	0.089085877508302
18	-0.10876602680501	0.0091161915507236	0.0022595171416902	0.0024517909456875	0.0073993434037761	0.00042074877307683	0.21927857782526	0.088838266846092
18.2	-0.084049686507161	0.009034660401886	0.0022355361179199	0.0024178779007713	0.0073216299657165	0.00041410909334823	0.21722289468943	0.088408323422762
18.48	-0.10703792090658	0.0089278180817139	0.0022039785754436	0.0023740197001086	0.0072181335826192	0.0004054882528853	0.21427555822176	0.087805713449319
18.872	-0.10562369541667	0.0087801145042968	0.0021615335644503	0.0023164868975811	0.007076749137549	0.00039428154008011	0.21017112988937	0.08690023258751
19	-0.10515617770345	0.008732328426408	0.0021480504486966	0.0022985289505834	0.0070314167245579	0.00039081256761604	0.20883662358007	0.086591257683092
19.2	-0.081937564238281	0.0086557670956744	0.0021266914172033	0.0022705959044915	0.0069592025765081	0.00038545416123546	0.2068086019425	0.086074173813404
19.48	-0.10336651442383	0.0085546739869153	0.0020984463860293	0.0022341847800501	0.0068630576362507	0.00037847027308544	0.20390857637382	0.08535921395458
19.872	-0.10190974844238	0.0084141366385642	0.0020601893583593	0.0021857707802922	0.0067318822861976	0.00036931329195777	0.19987085309345	0.0843186725594
20	-0.10142999865234	0.0083684731741667	0.0020479664164083	0.002170502129772	0.0066898110771477	0.00036645728501864	0.19855818007644	0.083970373647159
