# Time [h]	Carbondioxide [NL]	Methane [NL]	Hydrogen [NL]	Sum [NL]
0.2	9.7459684563127	-9.3613307493638	0.0097153489752415	0.39435305592412
0.48	9.7096085732673	5.4055941021543	0.0047822926967537	15.119984968118
0.872	4.3716409545496	5.6794724407031	0.0028172949720597	10.053930690225
1	2.5880697992372	5.38217823675	0.0021826944295146	7.9724307304168
1.2	8.0233427610951	17.135564644472	0.0031779568209149	25.162085362388
1.48	1.4412256979335	3.9349914485165	0.0016067655337471	5.3778239119838
1.872	1.841248549786	5.4452258417795	0.0011072243107764	7.2875816158763
2	1.8741039122149	5.5465028130614	0.0010097382707425	7.4216164635471
2.2	5.6842189276321	14.689241035425	0.0017268159084386	20.375186778966
2.48	1.3576859935262	3.9904512200229	0.00089533607977303	5.3490325496289
2.872	1.7364705930919	5.1644520088732	0.00066777633979575	6.9015903783049
3	1.7647509996196	5.2407031080055	0.00063616842988062	7.006090276055
3.2	5.3151207936911	13.864305224632	0.0011159476514719	19.180541965974
3.48	1.3601595228945	3.7416709003785	0.00059633991061594	5.1024267631837
3.872	1.7232421020603	4.851203893782	0.00046715476394474	6.5749131506062
4	1.7367697543488	4.9254001584568	0.00044910685841141	6.6626190196641
4.2	5.2614726165747	13.592072185435	0.00081014282401073	18.854354944834
4.48	1.3130591128789	3.3826012529136	0.00043324838619848	4.6960936141787
4.872	1.6185623457056	4.4212758638004	0.00034086481018133	6.0401790743162
5	1.6033463832114	4.4688152059507	0.00032686450535565	6.0724884536674
5.2	4.8761029228275	13.053200118202	0.0006182487978013	17.929921289828
5.48	1.082886275608	2.7492527207604	0.00031195878328335	3.8324509551517
5.872	1.1992188098827	3.4976252170602	0.00022941970251891	4.6970734466455
6	1.1156100916269	3.4474397548799	0.00021395586429323	4.5632638023711
6.2	3.3842472940749	11.206918135424	0.00043675464846196	14.591602184148
6.48	0.4644392079188	1.4293269050156	0.00018351456047588	1.8939496274948
6.872	0.39445239387758	1.9010237567196	0.00010682651293313	2.2955829771101
7	0.32346792577384	1.8719633247485	9.37668592592e-05	2.1955250173817
7.2	1.3263809713479	8.0258249123931	0.00025806189786193	9.3524639456389
7.48	0.044845062097324	0.48842973246607	8.380606672976e-05	0.53335860063012
7.872	0.062830522338097	1.1110644747487	4.7047074195775e-05	1.173942044161
8	0.057667366955866	1.158224722214	4.3424535860648e-05	1.2159355137057
8.2	0.5403347340904	5.7497614158293	0.00016304578830211	6.290259195708
8.48	-0.0012305215527166	0.3195687944738	5.1069515842482e-05	0.31838934243692
8.872	0.022985362848063	0.830050326123	3.3037465407654e-05	0.85306872643647
9	0.0254426359933	0.86390944632096	3.2021965511917e-05	0.88938410427978
9.2	0.3077494114954	4.3758619976987	0.00012217008859194	4.6837335792827
9.48	0.0027572549137085	0.22049964831241	4.0851889619751e-05	0.22329775511574
9.872	0.018574931982536	0.60461614449694	2.9205631764281e-05	0.62322028211124
10	0.020289758573266	0.62555546729875	2.8495299039148e-05	0.64587372117105
10.2	0.21662861072711	3.5225189493559	0.00010473004297916	3.739252290126
10.48	0.0061063392464509	0.086013914554453	3.6058566892212e-05	0.092156312367797
10.872	0.017946596656009	0.41665847298612	2.5341245461909e-05	0.43463041088759
11	0.018879061717158	0.44049912395849	2.344532642192e-05	0.45940163100207
11.2	0.17797833160735	3.027847062082	9.2427716495355e-05	3.2059178214058
11.48	0.0096900282957105	-0.0065557604260493	2.8257360652551e-05	0.0031625252303138
11.872	0.020942209883461	0.31995037970315	1.749390938067e-05	0.34091008349599
12	0.021422101696922	0.35027513433211	1.5541761652431e-05	0.37171277779068
12.2	0.16673322259818	2.793788794062	8.0714393368838e-05	2.9606027310535
12.48	0.013851459000172	-0.040112690398481	2.0483217473387e-05	-0.026240748180836
12.872	0.024627158885162	0.28405151152743	1.1651874082131e-05	0.30869032228668
13	0.024475791127048	0.31616814252033	1.0627593720938e-05	0.3406545612411
13.2	0.16498892995612	2.6963551625521	7.2836150994205e-05	2.8614169286593
13.48	0.016228861433351	-0.053584428030616	1.6550006483541e-05	-0.037339016590782
13.872	0.026345471813288	0.26663747452868	9.0873537983662e-06	0.29299203369577
14	0.025690292485586	0.29888894000396	8.5497130971353e-06	0.32458778220264
14.2	0.16399097140704	2.6528652462532	6.7860763270792e-05	2.8169240784235
14.48	0.016793559909293	-0.064346795796284	1.4681581387699e-05	-0.047538554305603
14.872	0.026441145172183	0.25366485198279	7.8802529001881e-06	0.28011387740788
15	0.025537012664389	0.2859606484914	7.4967780738928e-06	0.31150515793386
15.2	0.16230486279095	2.6280641233713	6.487218231474e-05	2.7904338583445
15.48	0.016504389061759	-0.074341749548853	1.3349534330228e-05	-0.057824010952764
15.872	0.025869388527523	0.24266704249332	7.0188798671655e-06	0.26854344990071
16	0.024874395902097	0.27504273125533	6.7012550242906e-06	0.29992382841245
16.2	0.16023249690111	2.6093271186918	6.0651179011138e-05	2.769620266772
16.48	0.015947287336943	-0.083414820593448	1.2436925636392e-05	-0.067455096330868
16.872	0.025147110934596	0.23301675247615	6.3203958206017e-06	0.25817018380657
17	0.024136080925025	0.26545870022304	5.9953430795069e-06	0.28960077649115
17.2	0.15827732076133	2.5932188728427	5.8078714134709e-05	2.7515542723181
17.48	0.015430451872207	-0.091282206790615	1.1338628910289e-05	-0.075840416289498
17.872	0.024502953235714	0.22452006402907	5.5510880499072e-06	0.24902856835284
18	0.023493237034239	0.25697118772894	5.2503793575981e-06	0.28046967514253
18.2	0.15653120812388	2.578741710835	5.4238962895782e-05	2.7353271579217
18.48	0.014970460578643	-0.09854675389366	1.0403911355958e-05	-0.08356588940366
18.872	0.023945360476547	0.21663385309095	4.8103791074236e-06	0.24058402394661
19	0.022942915823471	0.2490600790247	4.5038559389003e-06	0.27200749870411
19.2	0.15508677654008	2.5659007641465	5.1057057831351e-05	2.7210385977444
19.48	0.014588600781172	-0.1054744524659	9.3476855077181e-06	-0.090876503999216
19.872	0.02347058033767	0.20907126928832	4.0093326896675e-06	0.23254585895867
20	0.022469148255988	0.24144138537907	3.7152598568696e-06	0.26391424889492
