# Time [h]	MS [g]	Lignin [g]	Butyric [g]	Initial_Substrate [g]	Carbohydrates [g]	Substrate [g]	MO_AcidoLCFA [g]	MO_hydroM [g]	Proteins [g]	AA [g]	MO_acetoM [g]	Propionic [g]	Carbondioxide [g]	Carbondioxide_gas [g]	Carbondioxide_sum [g]	MO_Propionic [g]	MO_ButyricValeric [g]	Valeric [g]	LCFA [g]	MO_AcidoMS [g]	Methane [g]	Methane_gas [g]	Methane_sum [g]	Hydrogen [g]	Hydrogen_gas [g]	Hydrogen_sum [g]	Lipids [g]	MO_AcidoAA [g]	Acetic [g]
0.2	1.8530203198467	4012.1177819224	0.35957302685656	0	88.172160410602	17.218817436276	47.2206710291	110.51393194514	31.671199480202	1.2140809665687	64.081267266084	0.85197974182609	24.133644047709	2.0091858934865	26.142829941195	39.076657692999	67.501047972886	0.10753343182984	1.9901829515033	241.88907645235	2.2694681784037	3.2621012862673	5.531569464671	1.6043736708557e-05	9.0109337087727e-05	0.00010615307379628	26.119470383029	35.261965900747	47.9295516004
0.48	1.6621777058262	4012.1592150555	0.54600060186332	0	78.512957912838	41.209260603109	47.24817606543	111.45849261844	28.176571390305	1.3869710483906	64.322637216227	1.6589772631835	20.254331744689	3.5368527553547	23.791184500044	39.152156303428	67.635608252309	0.18076990362303	4.2564119542643	242.66008092838	2.5498102681647	2.0916496185183	4.641459886683	1.7815696538825e-05	0.00010146727145832	0.00011928296799715	23.232348876326	35.511836586149	49.52221498029
0.872	1.3870489297697	4012.2731730649	0.52576483100149	0	66.917813220516	74.568746221461	47.309021581623	112.80441991004	23.947638099787	1.1938486980196	64.663363434189	2.0679517097738	15.761143920098	3.2352774813074	18.996421401405	39.288592047152	67.849139850865	0.17971974578031	6.889102936281	243.59230849024	2.6987351298679	1.727344513148	4.4260796430158	1.6576922818454e-05	9.4220496904371e-05	0.00011079741972283	19.731759721916	35.847452365138	51.68539348279
1	1.3079895478083	4012.3210819488	0.50211893124789	0	63.548527747166	85.407136799767	47.333146112342	113.22591940152	22.710295323529	1.1197447104371	64.775205795944	2.0971371503209	14.579558870059	2.9404956390075	17.520054509067	39.334903213043	67.914744399319	0.17228202257179	7.6343577690319	243.86402041871	2.7181863308093	1.680237093796	4.3984234246053	1.5916249158937e-05	9.0354613190385e-05	0.00010627086234932	18.705825755502	35.94710178271	52.199426942704
1.2	1.1959714045241	4012.3994792564	0.44979095443862	0	58.649181067819	85.066198517956	47.374270241731	113.85883244701	20.907838688051	1.0110353042204	64.950387975779	2.0288302987807	14.077840163735	3.3619125493001	17.439752713036	39.407028763062	68.009641336706	0.15782981133651	8.6746662896034	244.25800095006	2.76712069488	2.2809763720467	5.0480970669267	1.4609742348061e-05	8.1482862455122e-05	9.6092604803183e-05	17.210695653683	36.09194447305	52.196304812454
1.48	1.0588358433047	4012.5081694499	0.39254749915037	0	52.449397475997	84.591175061567	47.438356656337	114.68832494177	18.627314872068	0.88035784798763	65.196318126948	1.8447357363958	12.319030757759	2.4688852172657	14.787915975025	39.504552352323	68.127563195001	0.13957212949429	9.9697124874352	244.75319863759	2.751551392419	1.824181691782	4.575733084201	1.2923173393747e-05	7.2522080361286e-05	8.5445253755033e-05	15.319082054178	36.274312502452	51.828472113495
1.872	0.89555959147616	4012.6584514425	0.32757341172506	0	44.914689609634	83.930610706098	47.539592110721	115.73704622843	15.856441330612	0.72884578679676	65.541537585763	1.5085282218526	10.747648242612	2.1245433854689	12.872191628081	39.629306655852	68.267711841018	0.11742419064663	11.439745219807	245.34840763442	2.7114950309709	1.8324035174158	4.5438985483867	1.0818084635254e-05	6.1033078791785e-05	7.1851163427038e-05	13.020876757974	36.49417086643	50.415769886803
2	0.84757304989683	4012.7083101842	0.30899704376373	0	42.702554640385	83.716031540218	47.575188531704	116.05297427671	15.043103712772	0.68505238122972	65.654416808333	1.3948978371822	10.393423927604	2.0495129189195	12.442936846523	39.666642410637	68.308187557358	0.11102432892964	11.845766726201	245.52164426405	2.6975551698775	1.8480863474191	4.5456415172966	1.0160492981418e-05	5.7390558672535e-05	6.7551051653953e-05	12.346315707686	36.558375949266	49.752852344537
2.2	0.77896420255097	4012.7857900763	0.28204149912904	0	39.476686002235	83.381851661634	47.633231605888	116.51945770483	13.857221439275	0.62288249080955	65.830808250674	1.2240785238729	10.681976780169	2.5024928229372	13.184469603106	39.720944350601	68.366404941166	0.10156642284055	12.390616828945	245.77239710197	2.7012291745598	2.3089033620178	5.0101325365776	9.2512517357387e-06	5.1733333291916e-05	6.0984585027654e-05	11.362810573178	36.651466995785	48.450621032521
2.48	0.69437401246908	4012.8934919761	0.24955629962945	0	35.394077231453	82.916245144966	47.719100067432	117.11978223063	12.356739966754	0.54800187801504	66.077601140658	1.0167629974033	10.121037355072	2.002146917412	12.123184272484	39.7886314312	68.438602944783	0.09004665738759	13.053225606214	246.08638939824	2.6553011126568	1.9156073866481	4.5709084993049	8.1499329530674e-06	4.5803822122788e-05	5.3953755075855e-05	10.118464021476	36.768454916002	46.353123171329
2.872	0.59279484503468	4013.0428492083	0.21106666374939	0	30.431480400442	82.268774559731	47.847307278188	117.86679076051	10.533509757374	0.45976711875076	66.422201357851	0.79009290440049	9.6119728093809	1.8711910239864	11.483163833367	39.868108099374	68.523736491414	0.076252143858246	13.75492330385	246.46159956688	2.5941543057532	1.8855787398038	4.479733045557	6.8902171705063e-06	3.889265150616e-05	4.5782868676666e-05	8.6065957796827	36.909247462318	42.790450586324
3	0.56295071086963	4013.0918091116	0.19991194891589	0	28.974332594429	82.058444779054	47.89085150661	118.09071510825	9.9983288420536	0.43410053816967	66.534396512378	0.72841094578267	9.5036396480504	1.846769156359	11.350408804409	39.89084838584	68.548113014514	0.072249386440038	13.935429773991	246.57020801547	2.5760756909749	1.8873826629012	4.4634583538761	6.5301002701058e-06	3.6884889509672e-05	4.3414989779778e-05	8.1628433968122	36.95027544291	41.495511313234
3.2	0.52000283828093	4013.1679776706	0.18367313626034	0	26.849195971293	81.730882726168	47.960437196513	118.42147862536	9.2179810832034	0.39730088802295	66.70914909912	0.64483872688799	10.056744985782	2.3366323613185	12.393377347101	39.923233517273	68.582970125125	0.066362917032262	14.157003325219	246.72685608833	2.5733014697189	2.2996187181864	4.8729201879053	6.0308515138798e-06	3.3854641441315e-05	3.9885492955195e-05	7.5158417095757	37.00971427936	39.312672086728
3.48	0.46661684778582	4013.2739801028	0.16378112099783	0	24.159189410526	81.274496024216	48.060660299039	118.84925983319	8.230558692823	0.35220563762795	66.952313760793	0.55103253385285	9.811888057705	1.9311961445751	11.74308420228	39.962902787169	68.625754583484	0.059106264291519	14.404596035511	246.92179483059	2.5238378789072	1.909240260905	4.4330781398123	5.4391727786219e-06	3.0618789544911e-05	3.6057962323533e-05	6.6972186985986	37.084256554238	36.102365801746
3.872	0.40230255442142	4013.421184823	0.13998909096794	0	20.888477928065	80.639844045441	48.205555277369	119.38815668843	7.0306353620872	0.29847053616319	67.288575501108	0.450649806655	9.5426183828534	1.8574435607907	11.400061943644	40.00910828538	68.675286206764	0.050371037932481	14.605905995805	247.15236017749	2.4580066510457	1.8646046962165	4.3226113472622	4.7649022964598e-06	2.6868814101379e-05	3.1633716397839e-05	5.7025522123476	37.173614039556	31.296470905898
4	0.38341675622817	4013.4691900618	0.13306281361897	0	19.927919502132	80.433678349583	48.253798608418	119.55135638257	6.6783994451433	0.28278868096509	67.397163688579	0.42298082378566	9.47858417093	1.844785011949	11.323369182879	40.022280388093	68.689224435317	0.047826069457626	14.640417684938	247.21847950073	2.4378822490398	1.8623389514204	4.3002212004603	4.5706438112694e-06	2.5774147756401e-05	3.034479156767e-05	5.4106015650929	37.199553305855	29.668075207152
4.2	0.35615242758681	4013.5439120158	0.12297030259215	0	18.526794351915	80.112600961606	48.32997726494	119.79432831836	6.1647762406771	0.26017998074357	67.565095222837	0.38440539108728	10.056826646939	2.3367175717139	12.393544218652	40.041055359685	68.708901504501	0.044093987946771	14.654419767418	247.31321428658	2.4305832620539	2.2750147203303	4.7055979823843	4.297480268196e-06	2.4123846340951e-05	2.8421326609147e-05	4.9849184558253	37.237042555312	27.063660707857
4.48	0.32214416905565	4013.6479566493	0.11050662152942	0	16.752794598083	79.665248285252	48.437998474697	120.11203621086	5.514802293643	0.23222459657974	67.795759732443	0.3389601095545	9.8093533589583	1.9433308097026	11.752684168661	40.064039310597	68.732525705892	0.039464708064946	14.636213592908	247.42979529669	2.3698295925828	1.8761020977508	4.2459316903337	3.9654811923024e-06	2.2273736738491e-05	2.6239217930793e-05	4.4462968449015	37.283855738109	23.397876513272
4.872	0.28117934249306	4013.7925287402	0.095546726773627	0	14.594976267985	79.043156524314	48.591221709477	120.51796612111	4.7248454272418	0.19874682626983	68.106640452823	0.28725451871116	9.4532015663253	1.8663483206461	11.319549886971	40.090631049764	68.758816164903	0.033884194526147	14.51952567202	247.56510742979	2.2751074566506	1.8237745148629	4.0988819715135	3.5760198274625e-06	2.0082307841626e-05	2.3658327669089e-05	3.7918017661504	37.339564231353	18.301661550864
5	0.26916540145918	4013.8395661526	0.091186058648885	0	13.961057369664	78.841072065236	48.641614869783	120.64210029697	4.492933391024	0.18896760802415	68.204759101663	0.27253853345967	9.3438076021966	1.84908843086	11.192896033057	40.098130830382	68.765934484729	0.032256370452911	14.461930772689	247.60324314456	2.2428651683248	1.8195943493208	4.0624595176456	3.4623659933178e-06	1.9435852989664e-05	2.2898218982982e-05	3.5996897238888	37.355628420372	16.664901791751
5.2	0.25189507224903	4013.9127957387	0.084877976243371	0	13.036168907802	78.526350213192	48.720569098102	120.82809315847	4.1547376789145	0.17490197105985	68.353110535148	0.25170113083942	9.7654015194653	2.2821073261026	12.047508845568	40.108736134559	68.775685538325	0.029890802165832	14.354324640599	247.65718767654	2.2108905087611	2.2359624842335	4.4468529929946	3.3014105802648e-06	1.8540421087829e-05	2.1841831668094e-05	3.3195667186808	37.378741800937	14.177961728541
5.48	0.23027982070449	4014.0147791553	0.076998029508523	0	11.864707608989	78.087851599629	48.831304940789	121.07335177772	3.7267092775229	0.15734329042589	68.548047088918	0.22628774496125	9.3215966916106	1.8915475656048	11.213144257215	40.121512495959	68.786762781813	0.026925044940764	14.171375677845	247.7221136776	2.1007215586178	1.8319794594764	3.9327010180942	3.1015084694061e-06	1.7362784936314e-05	2.046429340572e-05	2.9651020129613	37.407375903309	10.915912633152
5.872	0.20447024603231	4014.1565045332	0.067591374403873	0	10.438958995808	77.478070057044	48.986023803796	121.38998345321	3.2063980781347	0.13638436953401	68.786827036198	0.19674938181574	8.5729893417131	1.7678451203389	10.340834462052	40.135832242732	68.797803772279	0.023368392469099	13.861785532271	247.79458433378	1.9011636391174	1.7669493596714	3.6681129987888	2.8647984049314e-06	1.5996330031733e-05	1.8861128436664e-05	2.5343399640136	37.440999551271	7.0336764148831
6	0.19692953966245	4014.2025648748	0.064859366349101	0	10.019904798153	77.27998565749	49.03637484979	121.4875139988	3.0536246728996	0.13027434785805	68.855948172331	0.18827564137592	8.3115592125734	1.7299078534798	10.041467066053	40.139744147699	68.800443663566	0.022333897964068	13.749513162696	247.81425261688	1.829662763717	1.7590514255336	3.5887141892505	2.795551432037e-06	1.5594826816947e-05	1.8390378248984e-05	2.4078909663733	37.450580254829	5.9510292561046
6.2	0.18619918862881	4014.274274802	0.060925553079384	0	9.4082919683231	76.971492949734	49.114672556085	121.63423602337	2.8308108725598	0.12151312535446	68.951784576095	0.17621836961814	8.2465157179848	1.960247241075	10.20676295906	40.145136730329	68.803663931077	0.020837023753778	13.56456951549	247.84125107315	1.7253939109098	2.1551518807698	3.8805457916796	2.6971480071014e-06	1.5038399699796e-05	1.7735547706898e-05	2.2235021970509	37.464242854254	4.530636607881
6.48	0.17292835554531	4014.3741428944	0.056050982167757	0	8.6331997468987	76.54167257365	49.223251633277	121.82869273799	2.5487617778583	0.11062953410464	69.060747741388	0.16148012913878	7.388943631546	1.610423782075	8.999367413621	40.151340222294	68.806474129381	0.018971828700015	13.289061202995	247.87203971273	1.514021597983	1.7746695721661	3.2886911701492	2.5748578038811e-06	1.4296905290618e-05	1.6871763094499e-05	1.9901575799754	37.480919255148	3.1098024916601
6.872	0.15745117310786	4014.512940506	0.050318867930432	0	7.6890489324263	75.943957854757	49.37241494854	122.08103692301	2.2058063085691	0.097768556033519	69.171982367753	0.14442449930989	6.2238374915246	1.4231565934452	7.6469940849698	40.157692799276	68.807457586967	0.016758595936165	12.878669383868	247.90294243913	1.2337014016582	1.7160600594045	2.9497614610627	2.4307457173119e-06	1.343642630787e-05	1.5867172025182e-05	1.7065463815126	37.500008555166	2.0360762094857
7	0.15298235253983	4014.558032013	0.048672763316424	0	7.4113468074329	75.749794330828	49.420360783666	122.15900945694	2.1050848260884	0.094043350043403	69.201544397274	0.13956517589688	5.8825047530932	1.366105148131	7.2486099012242	40.159266062285	68.807141515983	0.016119597983391	12.73987997925	247.91038724439	1.1573891484499	1.7139595175022	2.8713486659521	2.3888066558642e-06	1.3183032472918e-05	1.5571839128782e-05	1.623283893674	37.505320795426	1.8266694962328
7.2	0.14685819533429	4014.6282406532	0.046336521844888	0	7.0058320342393	75.447407828438	49.494210235721	122.27636496606	1.9581619923351	0.088774705802893	69.242238602925	0.13271182297052	5.4970946256852	1.3565527133482	6.8536473390335	40.16124708729	68.806044642711	0.015203349025344	12.518810220815	247.91953158235	1.0750415795166	2.0579851587824	3.133026738299	2.3298291785506e-06	1.2821230977078e-05	1.5151060155628e-05	1.5018598089863	37.512755748025	1.6075827800126
7.48	0.13966903440521	4014.7260322914	0.043540100709518	0	6.4915126487297	75.026095036509	49.59508096297	122.43179146187	1.7721301638989	0.082387861625036	69.291492620828	0.12457434514986	4.8104006087681	1.1427572922032	5.9531579009713	40.16312489485	68.803377001292	0.01408728201223	12.207291034432	247.92767125871	0.95890811281614	1.7836722815064	2.7425803943225	2.2584282917577e-06	1.2357560182662e-05	1.461598847442e-05	1.3481768484203	37.521543407089	1.4343691902823
7.872	0.13217693512434	4014.8619684386	0.040455907672511	0	5.8642239314722	74.440210569025	49.730320490643	122.63256267141	1.5458318468795	0.075177195391319	69.350781840286	0.11570077457768	4.1076465600624	1.0046028660646	5.112249426127	40.164190133773	68.797667627381	0.01281368617801	11.771072854679	247.93092849505	0.85008114372412	1.767256960661	2.6173381043851	2.1787716669918e-06	1.1824381262452e-05	1.4003152929444e-05	1.1613489520917	37.531024641184	1.3165510455799
8	0.13016446233958	4014.9061245775	0.03961592895327	0	5.6795256754029	74.249890676747	49.772985970713	122.69431474801	1.4793479545672	0.073153078776294	69.368485958978	0.11330230115311	3.9213847946011	0.964832852348	4.8862176469491	40.164202819823	68.795378467671	0.012457114503937	11.62939162205	247.93023038786	0.82423643035235	1.7736048451337	2.5978412754861	2.1565283677144e-06	1.1669047222118e-05	1.3825575589832e-05	1.1064906922181	37.533511396202	1.2926214549659
8.2	0.12796121383877	4014.9748798446	0.038507636757031	0	5.4096192280528	73.953490051757	49.837714275478	122.78670192508	1.3823435727683	0.070463493059336	69.394582024037	0.11014385196384	3.6854482399956	0.92276859568822	4.6082168356839	40.163893776115	68.791389609609	0.011965133926012	11.410126238423	247.92745405176	0.80554243234621	2.0356638069537	2.8412062392999	2.1277216505615e-06	1.1452359211944e-05	1.3580080862506e-05	1.0264793869516	37.536816895169	1.2651566979943
8.48	0.12628525340463	4015.0706512743	0.037380888294207	0	5.0668915188014	73.540517081201	49.923977834237	122.90771190877	1.2594696152568	0.06752152437677	69.428166960787	0.10695154729638	3.3254386895381	0.80965251190608	4.1350912014442	40.162840709839	68.785031021015	0.011411628285736	11.112349583635	247.92042385303	0.76215762372798	1.8436642750452	2.6058218987732	2.0977568489925e-06	1.1187483858618e-05	1.328524070761e-05	0.92519149257444	37.540360242851	1.2412910295719
8.872	0.12668919889608	4015.2037852709	0.036572099342419	0	4.6481181054277	72.966229554164	50.035115493655	123.06079648875	1.109907592791	0.064872309521282	69.469709306159	0.10471993368149	2.9624771771479	0.73097816961623	3.6934553467641	40.16027240894	68.774771780689	0.010875410382021	10.717717415529	247.90507124538	0.71129404982259	1.8346585548329	2.5459526046555	2.0756454957405e-06	1.0915651967735e-05	1.2991297463475e-05	0.80202078389059	37.543430549797	1.228012617727
9	0.12718638110334	4015.2470277068	0.036448287553228	0	4.5246258606109	72.779677317419	50.069125141341	123.10710939065	1.0659452906021	0.064249161644651	69.482088428285	0.104403973735	2.8654817056725	0.70847115827286	3.5739528639453	40.159203820995	68.771134660575	0.010745144819807	10.594430592014	247.89887568391	0.69697600636941	1.8387844792441	2.5357604856135	2.0716733703337e-06	1.0842741141992e-05	1.2914414512326e-05	0.76584488996406	37.544028555719	1.2269725223662
9.2	0.12919925003144	4015.3143618185	0.036456958773965	0	4.3439676262184	72.489144280016	50.119501154727	123.17536357276	1.0017779235431	0.063737166285654	69.500086611853	0.10447165408854	2.7409926613903	0.68414963327923	3.4251422946695	40.157295548619	68.765160195491	0.010597205633498	10.409499537437	247.88801771217	0.68673933781352	2.0335742720167	2.7203136098302	2.0723749049071e-06	1.0761285941649e-05	1.2833660846556e-05	0.71307230886408	37.544567527335	1.229477027952
9.48	0.13357745036845	4015.4081575548	0.036879792979279	0	4.1141782067025	72.084346454923	50.184213368173	123.262694579	0.92045105293	0.063724459697944	69.52259839624	0.10572837807991	2.54760680921	0.62125205742984	3.1688588666399	40.154176877375	68.756253769304	0.010502078784057	10.16749246275	247.87065980297	0.65389447893109	1.8825681982321	2.5364626771632	2.0841415597467e-06	1.06844137548e-05	1.2768555314546e-05	0.64624703010598	37.544591169121	1.2411693279069
9.872	0.14221223632286	4015.538555747	0.038137470570666	0	3.8326612489416	71.521427242526	50.263359358411	123.36953626085	0.82137030662769	0.064745628147869	69.549101328606	0.1094491891802	2.3541981213607	0.57908831264638	2.933286434007	40.149039219419	68.742855212498	0.010546513524188	9.8633125431889	247.84260834471	0.6109453773915	1.8698734376008	2.4808188149923	2.118579004648e-06	1.067538782823e-05	1.2793966832878e-05	0.56494735765158	37.543367556345	1.2720909193217
10	0.14508726739735	4015.5809102129	0.038633365370633	0	3.7494619050139	71.338568275221	50.286741736254	123.40117831579	0.79222430855663	0.065156167714737	69.556733081622	0.11093736779652	2.3030267802878	0.56715879092793	2.8701855712157	40.147210753899	68.738294710077	0.010585135487916	9.7714088110916	247.83267012984	0.59853603700911	1.870999859092	2.4695358961011	2.1313590445461e-06	1.0683345759652e-05	1.2814704804198e-05	0.54106007237053	37.542706864659	1.2843564000111
10.2	0.15053532603214	4015.6468654114	0.039526653420549	0	3.6275612232068	71.05378707589	50.320654228854	123.44719745034	0.7496599506832	0.066038098417742	69.567551812399	0.11361357931994	2.2404220857887	0.55653543806409	2.7969575238528	40.144194836301	68.730978769623	0.010673013565614	9.6360180104538	247.81633862791	0.58922285848169	2.0266909792347	2.6159138377164	2.1563195420972e-06	1.0726662549109e-05	1.2882982091207e-05	0.50620437932428	37.541417871021	1.3065482707186
10.48	0.15850789257729	4015.738748583	0.040965123844075	0	3.4721340214081	70.657003300781	50.363247384074	123.50538275056	0.6956672863245	0.06739443508773	69.58069651949	0.11796005042687	2.1351239894581	0.51980487070319	2.6549288601613	40.139696387451	68.720405125309	0.010838089947714	9.4617204037123	247.79208107601	0.56235305699512	1.8975833109795	2.4599363679746	2.1950783612069e-06	1.0803450734743e-05	1.299852909595e-05	0.46204807099082	37.539157117407	1.3427421872261
10.872	0.16865101625269	4015.8665049553	0.043040402870415	0	3.2810064710614	70.105228658705	50.414868894606	123.57672746913	0.6298004585726	0.068914007806334	69.595944483054	0.12447600339512	2.0350639830909	0.49882187096615	2.533885854057	40.132982357798	68.705093162742	0.011080039422296	9.2423296678115	247.755818005	0.53125010559964	1.8831096335236	2.4143597391233	2.2474178195044e-06	1.0935882081617e-05	1.3183299901122e-05	0.40829127394904	37.53524640623	1.3991956860166
11	0.17128888831394	4015.9080038844	0.043659891610743	0	3.2243454576045	69.925990153512	50.430215897224	123.59811150582	0.61040318878894	0.069208664776291	69.600370334363	0.12650498846141	2.009595069917	0.49297119872518	2.5025662686422	40.130718347053	68.699999564054	0.011145484738291	9.175140065585	247.74350983967	0.52314682239663	1.8829891369168	2.4061359593135	2.2616531843813e-06	1.0970556284099e-05	1.3232209468481e-05	0.39248762038919	37.533816826407	1.4175478035789
11.2	0.17506375299638	4015.9726307787	0.044546656213852	0	3.1411484898116	69.646847439414	50.452831201899	123.62975901047	0.58205349380913	0.069474222945251	69.606772639809	0.1295121592285	1.9828394800136	0.49062661489125	2.4734660949048	40.127113117849	68.691953139887	0.011227452739367	9.0729842941563	247.72381442472	0.52030979463421	2.0190805195357	2.5393903141699	2.2817549749703e-06	1.1014772908675e-05	1.3296527883645e-05	0.36941811953966	37.531440431019	1.4459343682571
11.48	0.17903043125178	4016.062670552	0.045608038752777	0	3.0347116555832	69.257919795752	50.48221087642	123.67109687623	0.54604751796834	0.069378909418247	69.614924138861	0.13334918583481	1.927008743261	0.46772571093153	2.3947344541925	40.121959502691	68.680542619207	0.011297308821826	8.9379652509424	247.69543037786	0.50519399941307	1.9029200832822	2.4081140826953	2.3033082709618e-06	1.1060342444356e-05	1.3363650715318e-05	0.34017442977561	37.527857354836	1.4847021909896
11.872	0.18176686169394	4016.1878749782	0.046585352036793	0	2.9031482460459	68.717070069729	50.520021385364	123.72450875683	0.50203816849256	0.068272596659219	69.625251345778	0.13750850419994	1.8801548176562	0.45871443196536	2.3388692496216	40.114596625111	68.664343550454	0.011274378184793	8.7575305713811	247.6543008472	0.48996813604281	1.8891780025664	2.3791461386093	2.317942305806e-06	1.1071816654163e-05	1.3389758959969e-05	0.30453724462646	37.522404059738	1.5332059472133
12	0.18207735546316	4016.228546289	0.046775944483811	0	2.8639789243807	68.541380548582	50.53177444785	123.74109449141	0.48905678231754	0.067726300730172	69.628447741965	0.13852910521524	1.8691499144809	0.45626286195777	2.3254127764387	40.112163955024	68.659006028311	0.011237644744211	8.6999778775634	247.64056010685	0.4864044777423	1.8888262678275	2.3752307455698	2.3192407637548e-06	1.106114686764e-05	1.3380387631395e-05	0.29405173087173	37.52052575899	1.5470820455364
12.2	0.18206426066884	4016.29188604	0.046937495038027	0	2.806295792297	68.267764963988	50.549636093797	123.76625172694	0.47006256622562	0.066690810953726	69.633293599782	0.13975181873626	1.8636360358747	0.45949570082087	2.3231317366955	40.108336461024	68.650620885535	0.011149164486474	8.6098920453147	247.61879122581	0.48955867698213	2.0156522197257	2.5052108967078	2.3177828998826e-06	1.102281765295e-05	1.3340600552833e-05	0.27873643256406	37.517499337786	1.5664736876053
12.48	0.18128428183732	4016.3801352024	0.046947035145741	0	2.7321614958277	67.886538228106	50.573807841786	123.80012830114	0.44589555929072	0.065001104121324	69.639846050601	0.14084952170944	1.8343763937396	0.44348157146861	2.2778579652082	40.102929087841	68.638794478658	0.010976960494566	8.4870930412567	247.58774454038	0.48222311345759	1.9060547001613	2.3882778136189	2.3104560030162e-06	1.0955963423271e-05	1.3266419426287e-05	0.25930421100622	37.513085978334	1.5898786187444
12.872	0.1790498095101	4016.5028533081	0.046573269273323	0	2.6398872097469	67.356397467188	50.606407339608	123.84535013373	0.41627469115121	0.062318428070102	69.648691015794	0.14119894158383	1.8145006651007	0.44074102271329	2.255241687814	40.09526794448	68.622073507574	0.01065317772347	8.3171503503458	247.54324275791	0.47480607842978	1.8925741761844	2.3673802546141	2.2914795649502e-06	1.0834268936745e-05	1.3125748501695e-05	0.23558918495276	37.50658693064	1.6142707554886
13	0.17815443732126	4016.5427171643	0.046380387183816	0	2.612259199444	67.184186725967	50.616818048504	123.85964496178	0.40751721858126	0.061413949242187	69.651514651831	0.14107264250048	1.8105043436108	0.44002713638907	2.2505314799999	40.092743167719	68.616573362106	0.010533810788023	8.2619483254835	247.52847344677	0.47311528642724	1.8920158405507	2.365131126978	2.2838296091351e-06	1.0788539483194e-05	1.307236909233e-05	0.22860301959385	37.504391287728	1.620309668674
13.2	0.17659291670011	4016.6047998976	0.046007213749616	0	2.5714142511267	66.915988918177	50.632879916709	123.88154403467	0.39468264790383	0.059970468533559	69.655866694256	0.14062351771102	1.8154912560975	0.44644772391461	2.2619389800121	40.088774838005	68.60793987946	0.010333644592305	8.1746578577615	247.50516909731	0.47839719144619	2.014545196298	2.4929423877442	2.2702376819731e-06	1.0702111597278e-05	1.2972349279251e-05	0.2183901861458	37.500890932665	1.6275656581391
13.48	0.17429888754124	4016.6912984541	0.04541063920222	0	2.5186059082701	66.542310711755	50.655008615301	123.91137651205	0.37831130221516	0.057982952776887	69.661849586018	0.139687158752	1.7980414404452	0.4334778738864	2.2315193143316	40.083171287832	68.595774115677	0.010043064429963	8.0545108652901	247.47210619408	0.47348562025572	1.9074712904661	2.3809569107218	2.2497334431208e-06	1.0585161307185e-05	1.2834894750305e-05	0.20541452764375	37.495856084904	1.6348788718683
13.872	0.17090542292122	4016.8115833338	0.044453184814944	0	2.4522843604621	66.022667017937	50.685414880727	123.95169398925	0.35816657829745	0.055289678593252	69.670029851588	0.13782475423078	1.7892108031512	0.43350332718311	2.2227141303344	40.075232321943	68.578593451424	0.009623884769365	7.8866740982298	247.42502849315	0.46814214133092	1.8937942304151	2.3619363717461	2.2185553540286e-06	1.0419412895384e-05	1.2637968249412e-05	0.18954572831197	37.488565747377	1.6392125877437
14	0.16978916086043	4016.8506567622	0.04412410641131	0	2.4322835884506	65.853866195939	50.69522682176	123.96453373334	0.35219136095545	0.054446274299056	69.672653780299	0.13712108452355	1.7879341355254	0.43352509677527	2.2214592323007	40.072616530974	68.572948187537	0.0094875400385178	7.8319178556172	247.40947608538	0.46690596811287	1.8930729575899	2.3599789257027	2.2080832061845e-06	1.0364197463309e-05	1.2572280669494e-05	0.18486272947931	37.486130780703	1.6394023366156
14.2	0.16801192960334	4016.9115087051	0.043586868688702	0	2.4025700328803	65.590978923701	50.710450328805	123.98428709124	0.34341452759767	0.053154119133148	69.676706147594	0.13590490711901	1.7968053498893	0.44118938037783	2.2379947302671	40.068505947715	68.564093215708	0.009273649010224	7.7451827864959	247.38500363556	0.47263751794826	2.0138020990044	2.4864396169527	2.1910936158748e-06	1.0267036165417e-05	1.2458129781292e-05	0.17800836362669	37.482274643906	1.6381841999693
14.48	0.16560747325072	4016.9962927845	0.0428441171869	0	2.3638671632209	65.224699834313	50.73156626811	124.01134540582	0.33217953093269	0.051454255557783	69.682285726841	0.13414420912787	1.7835569488562	0.4294297451979	2.2129866940541	40.062704347764	68.551629442416	0.0089851353949191	7.6255107492877	247.35041381819	0.46827473695253	1.9076511450462	2.3759258819987	2.1674942531595e-06	1.0141749744707e-05	1.2309243997866e-05	0.16928280340438	37.476777816413	1.6350572969394
14.872	0.16229776044869	4017.1141941529	0.041806145852355	0	2.3147252900189	64.71534545135	50.760792095833	124.0481630842	0.31828003718745	0.049247945621029	69.689920349358	0.1315305895508	1.7783798281943	0.43047044537197	2.2088502735663	40.054493952171	68.534058246687	0.008599801134855	7.4580693291479	247.30139561979	0.46342396868684	1.8938512471498	2.3572752158366	2.1343216789545e-06	9.9727542920586e-06	1.2107075971013e-05	0.15857954356871	37.468907718832	1.627319897686
15	0.16124049392851	4017.1524933162	0.041472016143049	0	2.299776896407	64.54988704141	50.770262807365	124.05994258213	0.31413886838851	0.04857070302651	69.692369832027	0.13065818839367	1.7779547427787	0.4307494178037	2.2087041605824	40.051791926399	68.528292631951	0.0084794531189224	7.4034121692781	247.28525421284	0.46230777272286	1.8930643991693	2.3553721718922	2.123585866891e-06	9.9178775017517e-06	1.2041463368643e-05	0.15541299546662	37.46629891532	1.6241213066471
15.2	0.15961450142389	4017.2121395728	0.040956404987075	0	2.2774404669835	64.292205173828	50.784991424156	124.07811744131	0.30803729785927	0.047555181504309	69.696154413569	0.12928383901203	1.7877930365723	0.4386676830521	2.2264607196244	40.047549588666	68.51925709859	0.0082971313262501	7.3180356426087	247.25990475438	0.46816154838423	2.0130557070266	2.4812172554108	2.1068323678307e-06	9.8356003566037e-06	1.1942432724434e-05	0.15077008552175	37.462186014764	1.6185144763435
15.48	0.15739264663984	4017.2952440432	0.040250997675156	0	2.2480928620791	63.933178729587	50.805478850477	124.10310782512	0.30018954033945	0.046218269278584	69.701366554954	0.12735250468419	1.7757642872912	0.4273973891255	2.2031616764167	40.041569858699	68.506555382166	0.0080540742281413	7.1985660765265	247.22416641422	0.46400063028552	1.9073658009231	2.3713664312086	2.0834869591711e-06	9.7102647779558e-06	1.1793751737127e-05	0.14484344372558	37.456357919439	1.6095742922277
15.872	0.15439077997191	4017.4108101837	0.039301201934901	0	2.2103587613459	63.43390998461	50.833920327671	124.13727050328	0.29041017368184	0.044503551952643	69.70849795351	0.12466754057933	1.7715956165553	0.42876850356908	2.2003641201244	40.033122884486	68.488678723391	0.0077380862132727	7.0314539535886	247.17368011859	0.45938658496819	1.8935592842506	2.3529458692188	2.0513563371645e-06	9.545460425849e-06	1.1596816763014e-05	0.13754263607191	37.448074139025	1.5952872952052
16	0.15343565289609	4017.4483507817	0.039001049697893	0	2.1987686475485	63.271727812502	50.843153030296	124.14823585783	0.28747937181709	0.043979032441682	69.710786457781	0.12380141746749	1.771395638712	0.42912697788038	2.2005226165924	40.030347039656	68.482819997033	0.00764078134439	6.9769274600862	247.15709064931	0.45834111495252	1.8927598817934	2.3511009967459	2.0410565440757e-06	9.4924017175723e-06	1.1533458261648e-05	0.1353751129985	37.445341494085	1.5902734815051
16.2	0.15194121815767	4017.5068157568	0.03853111033087	0	2.1813391974161	63.019148293227	50.857523816515	124.16518380547	0.28314373495997	0.043183469840763	69.714321071446	0.12242444563557	1.7812204792633	0.43692817498923	2.2181486542525	40.025992420183	68.473644994588	0.0074922434936945	6.8906477506723	247.13106869732	0.46427290815307	2.0123489536749	2.476621861828	2.0247097965482e-06	9.3997334067783e-06	1.1424443203326e-05	0.13218926187134	37.441045354941	1.5817083989774
16.48	0.14995829198254	4017.5882745337	0.037912503422649	0	2.1582212797989	62.667230910528	50.877534708776	124.1885462809	0.27753271425315	0.042154710594224	69.719188924995	0.12058712003049	1.7694770109065	0.42590334636415	2.1953803572707	40.01986227476	68.460760335218	0.0072993081507068	6.7715657376504	247.09444495666	0.46025894359833	1.9070100018736	2.3672689454719	2.0025533752141e-06	9.2822183978289e-06	1.1284771773043e-05	0.12810708098715	37.434980768883	1.5697807984772
16.872	0.14725500441418	4017.7015524929	0.037085495400214	0	2.1280968384529	62.177848141949	50.905346110764	124.22058975593	0.27047562492612	0.040828577795379	69.725853827951	0.11808416879309	1.7656040696471	0.4273956118082	2.1929996814553	40.011218668831	68.442650885242	0.0070502969911768	6.6051495805924	247.04281842282	0.45584126656269	1.8932461751007	2.3490874416634	1.9720272853319e-06	9.1241437372684e-06	1.10961710226e-05	0.12304910951781	37.426401663119	1.5521390273642
17	0.14639053130908	4017.7383498155	0.036824482519632	0	2.118750161238	62.018877341019	50.914379551179	124.23089745006	0.26834493709932	0.040420765658966	69.727993837841	0.11728442227252	1.7654851074592	0.42778525596919	2.1932703634284	40.008381928462	68.436721423687	0.0069737487887927	6.5508867726752	247.02587821957	0.45485650958263	1.8924503815156	2.3473068910982	1.9622374350892e-06	9.0729086635694e-06	1.1035146098659e-05	0.1215402876787	37.423580426737	1.5461929612624
17.2	0.14506056419857	4017.7956573028	0.036424664075678	0	2.1046020795389	61.771299149496	50.928444553221	124.24685137798	0.26517707600688	0.039807740450049	69.731301384177	0.11605017335921	1.7751583008386	0.43542285836785	2.2105811592065	40.00393562687	68.427441155936	0.0068585315198182	6.4661000385126	246.99932954361	0.46086244280117	2.011726613784	2.4725890565851	1.946945251379e-06	8.993661230952e-06	1.0940606482331e-05	0.11931530616521	37.419153377806	1.5366952164058
17.48	0.14324244899086	4017.8755035019	0.035884229925682	0	2.0856567571473	61.426350079526	50.948034592815	124.26888076908	0.26104597356834	0.038997996847041	69.735859317455	0.11436559249606	1.7636120949537	0.42459286091774	2.1882049558714	39.997683551604	68.414418820557	0.0067064014173621	6.3477345352164	246.96200573586	0.45697847642597	1.9067029275154	2.3636814039414	1.9257095392999e-06	8.8760460215949e-06	1.0801755560895e-05	0.11644980451202	37.4129193572	1.5231433711252
17.872	0.14076543028632	4017.9865392165	0.0351599655894	0	2.0606419871652	60.946657564534	50.975261647161	124.29915202547	0.25579160231785	0.037946640738416	69.742101518398	0.11208138883163	1.7600343323363	0.42618190576206	2.1862162380983	39.988880303638	68.396133230042	0.00650939215548	6.1824768125731	246.9094639566	0.45271725173978	1.892973698313	2.3456909500527	1.8963850311433e-06	8.7188194315486e-06	1.0615204462692e-05	0.11287193426923	37.404126960643	1.5036522389512
18	0.1399698809707	4018.0226081824	0.034930693656286	0	2.05280486997	60.790834550693	50.984104203047	124.30890137424	0.25419114067757	0.037620869858049	69.744106199252	0.11135282907136	1.7600135423788	0.42660025392599	2.1866137963048	39.985994003912	68.390149991123	0.0064485966294356	6.128633145858	246.89223944799	0.451778433783	1.8921782437993	2.3439566775823	1.8869615812085e-06	8.6679112904098e-06	1.0554872871618e-05	0.11179796328067	37.401241351085	1.4971861779821
18.2	0.1387196464706	4018.078781385	0.034570053068629	0	2.0408679846451	60.548158662965	50.997868739928	124.32399843233	0.25179754472385	0.037120921783708	69.747203352001	0.1102003108936	1.7695874599442	0.43408894499756	2.2036764049418	39.98147244579	68.380788961123	0.006355179578362	6.0436604348572	246.8652589391	0.45783041998875	2.0111658505143	2.4689962705031	1.8719216069385e-06	8.5787162071828e-06	1.0450637814121e-05	0.11020747609237	37.39671846415	1.4866064303879
18.48	0.13704881295422	4018.1570472794	0.03409441535887	0	2.0247408953201	60.210039937698	51.017032969117	124.34486036467	0.2486484554942	0.036468834009619	69.751470345189	0.10867168443734	1.758275378063	0.42343835872567	2.1817137367887	39.975119595659	68.367660161585	0.0062337067002003	5.926358065803	246.82735681545	0.45403542238886	1.9064097455129	2.3604451679018	1.8513950308896e-06	8.4638542140056e-06	1.0315249244895e-05	0.10814571494921	37.390359576625	1.4721915745033
18.872	0.13474213921689	4018.2658855737	0.033451852280035	0	2.0031895752208	59.739845818711	51.043651599612	124.37355409863	0.244591800401	0.035609199159798	69.757314465967	0.10659442740084	1.7550851677243	0.42513844615893	2.1802236138832	39.966184219171	68.349237835647	0.0060750105443785	5.7627715341452	246.77405214583	0.44988292540915	1.8926962291899	2.342579154599	1.8228247575579e-06	8.3068825805416e-06	1.01297073381e-05	0.10554622566617	37.381408925414	1.4516809957192
19	0.13399636201988	4018.3012407429	0.033247009346243	0	1.996378701387	59.587108265428	51.052291663889	124.38279988633	0.24334399107495	0.035339879828154	69.7591911029	0.10592976739795	1.7551975657142	0.42559243085068	2.1807899965649	39.963256788211	68.343212655746	0.0060256319350959	5.7095151934275	246.75658862697	0.44897511829872	1.8918953858461	2.3408705041449	1.8136105360929e-06	8.255785691478e-06	1.0069396227571e-05	0.10475985562028	37.378475233416	1.4449174623483
19.2	0.13282247292645	4018.356302328	0.032923467826209	0	1.9859481511428	59.349237615918	51.065734991125	124.39711989393	0.24146574032978	0.034923542909113	69.762089865253	0.10487691454809	1.7647800340861	0.43298052851642	2.1977605626025	39.958672877228	68.333788640213	0.00594924002765	5.6256129512688	246.7292441123	0.4550562468211	2.0106376718653	2.4656939186864	1.7988615710533e-06	8.166679614183e-06	9.9655411852363e-06	0.10358916819833	37.373880576631	1.4339382475413
19.48	0.13124441985118	4018.4330194811	0.032493944600956	0	1.9717471192538	59.017813995474	51.08443832669	124.4169107918	0.2389710396151	0.034375876878412	69.766081885572	0.10347451270281	1.7537974257366	0.42251164881804	2.1763090745546	39.952236373753	68.320576456761	0.0058492115589262	5.5097476618317	246.69085006367	0.45131906245395	1.9060881670886	2.3574072295426	1.7786179688878e-06	8.0502798198062e-06	9.828897788694e-06	0.10205950375599	37.367427511214	1.4189638774185
19.872	0.12905387282061	4018.5397041905	0.031908588621443	0	1.9525745563769	58.55693020729	51.110386472578	124.44412958326	0.23571397520997	0.033643915496184	69.771544798706	0.10155887725011	1.7511066898307	0.42434756921977	2.1754542590505	39.943190317653	68.30204576564	0.005716905306536	5.3483515940144	246.63688777827	0.44722676163414	1.8923628379572	2.3395895995913	1.7502879249983e-06	7.8901500504745e-06	9.6404379754728e-06	0.10010833592648	37.358355977748	1.3977513592809
20	0.12834234545667	4018.5743597983	0.031720766964237	0	1.94647140565	58.40721702126	51.118800954684	124.4528983569	0.23470195703703	0.033412197767914	69.773297622837	0.10094336034079	1.7513844671851	0.42484479134599	2.1762292585311	39.940228193603	68.295987052196	0.0056753385814426	5.2958540636357	246.61921645385	0.44633420390944	1.8915495314217	2.3378837353312	1.7411277061842e-06	7.8379932616029e-06	9.579120967787e-06	0.099512694566428	37.355385213979	1.3907742934175
