Hions_Offset = 0.1155758345125# Time [h]	Butyric -	Propionic -	Carbondioxide -	Valeric -	Acetic -	Nitrogen -	Water -	Hions -
0.2	1.0610331167805E-4	2.985305442101E-4	0.011976239929422	2.7468391016969E-5	0.020896668364825	-0.12274509245683	2.3311840998868E-7	0.014393535249927	
0.48	9.4716095494337E-5	3.4023318387309E-4	0.0036771493022834	2.7424038032948E-5	0.013043243312685	-0.10022745797446	1.1879784097324E-8	0.0080544990662675	
0.872	2.6043956419604E-5	1.1886164176918E-4	1.1514786237431E-4	8.0888619892558E-6	0.0042772736800207	-0.076469803040963	1.9144991068919E-10	0.038446697523451	
1.0	1.5807231900468E-6	7.5308916700166E-6	3.8068244489321E-6	5.1087249210732E-7	3.0144159580756E-4	-0.070081783833271	6.8146208903925E-12	0.04525383609247	
1.2	4.4578060384037E-8	2.2843098801237E-7	1.0148099728985E-7	1.4796345246284E-8	9.5814002883073E-6	-0.061202172589623	2.1097408241599E-13	0.057329997644167	
1.48	3.2440539061275E-8	1.7301337027189E-7	7.2049674036827E-8	1.0910807608697E-8	7.9239053582068E-6	-0.050669905137267	1.7661346168962E-13	0.06491410258091	
1.872	2.0990072310809E-8	1.0974059456706E-7	4.7209524229817E-8	7.1177578209107E-9	5.9739859439672E-6	-0.038936937812541	1.3804153084235E-13	0.076645536864213	
2.0	1.8717602837518E-8	9.5941721701253E-8	4.2876561536572E-8	6.3620216128769E-9	5.5731395797386E-6	-0.03570464414546	1.3077668436031E-13	0.079876965589099	
2.2	1.5894394283478E-8	7.8327435010634E-8	4.0963131004897E-8	5.4144061822067E-9	5.0481070515434E-6	-0.031186755815868	1.2208441681346E-13	0.084394309407759	
2.48	1.3029465614878E-8	6.0276123683601E-8	3.542837274008E-8	4.4473005225257E-9	4.4728116154986E-6	-0.02581171104274	1.1344041692203E-13	0.089768749204903	
2.872	1.0206264180236E-8	4.3389042425402E-8	3.0844674011093E-8	3.4879871596351E-9	3.823495735123E-6	-0.019817197178189	1.0542067461348E-13	0.095762586138721	
3.0	9.4774136040402E-9	3.9219761367262E-8	2.9829536904543E-8	3.2401192408502E-9	3.6349600993115E-6	-0.018165189154536	1.0345045959462E-13	0.097414370632418	
3.2	8.4768043145364E-9	3.3801064683157E-8	3.0726665166645E-8	2.8972425823721E-9	3.3520433595897E-6	-0.015855720892509	1.0084427634031E-13	0.099723550821523	
3.48	7.3308957421126E-9	2.8014198392313E-8	2.8905729397149E-8	2.5026485494025E-9	2.9850488699804E-6	-0.013107177428898	9.7946496137273E-14	0.10247171857049	
3.872	6.0641366954297E-9	2.2173578510323E-8	2.7090822755059E-8	2.0640898667326E-9	2.5038248505357E-6	-0.010040167946768	9.4946007169743E-14	0.10553823830957	
4.0	5.7137385065943E-9	2.0630409544407E-8	2.6646693898636E-8	1.9426786409556E-9	2.3526285620087E-6	-0.0091945884956179	9.4158200657438E-14	0.10638365625899	
4.2	5.2167122699049E-9	1.8522853837741E-8	2.7930682264052E-8	1.7694857196258E-9	2.1198965522078E-6	-0.0080122135003885	9.3083290369667E-14	0.10756579732206	
4.48	4.6222314843878E-9	1.610399022921E-8	2.6789593651405E-8	1.561504107109E-9	1.8066251166594E-6	-0.0066047253087431	9.1842544093997E-14	0.10897296818813	
4.872	3.9351775915319E-9	1.3438146191248E-8	2.5369368644211E-8	1.3201291763076E-9	1.3909400333952E-6	-0.0050342708887051	9.050537935446E-14	0.11054300241225	
5.0	3.739819886445E-9	1.2696219730338E-8	2.495805183229E-8	1.2514349943831E-9	1.2610537158138E-6	-0.0046014358812701	9.0145238202411E-14	0.11097570311697	
5.2	3.4608472127848E-9	1.1657280702443E-8	2.5928125829915E-8	1.1529095894185E-9	1.0663672315575E-6	-0.0039966154313324	8.9647873940227E-14	0.11158032857469	
5.48	3.118031537012E-9	1.0408472917808E-8	2.4548087615368E-8	1.0314003259375E-9	8.1510090504898E-7	-0.003277882380148	8.9065565601599E-14	0.11229880741269	
5.872	2.7164877806662E-9	8.9816346924474E-9	2.238237697382E-8	8.8841289921743E-10	5.2102918026624E-7	-0.002479665009588	8.8429680426909E-14	0.11309672670698	
6.0	2.6013237528925E-9	8.5771188164338E-9	2.1648905060775E-8	8.4733591403376E-10	4.3987886740828E-7	-0.0022606773127907	8.8257177237275E-14	0.1133156309185	
6.2	2.4361332817994E-9	8.0033208519286E-9	2.1410494993306E-8	7.8813798526121E-10	3.338614584133E-7	-0.001956213294233	8.8018705649097E-14	0.11361998791627	
6.48	2.2340105941918E-9	7.3102748719243E-9	1.9106554413878E-8	7.1527897499557E-10	2.284540342733E-7	-0.0015973417387374	8.7739633815446E-14	0.11397875079443	
6.872	1.9982896996426E-9	6.5146276278465E-9	1.6026233922331E-8	6.2955423572639E-10	1.4915565611968E-7	-0.0012024225105569	8.7435009219951E-14	0.11437358648385	
7.0	1.930992917345E-9	6.2891957004855E-9	1.5130242513431E-8	6.0494686263032E-10	1.3372253727758E-7	-0.0010944479260669	8.7352170616556E-14	0.11448154428194	
7.2	1.8357679376739E-9	5.9721369343048E-9	1.4116910011098E-8	5.6977355976059E-10	1.1756674156681E-7	-9.442952642935E-4	8.7237289325868E-14	0.11463167932722	
7.48	1.7221450318343E-9	5.5967569083675E-9	1.2330676741498E-8	5.2707972542777E-10	1.0476193773177E-7	-7.6675023122738E-4	8.7101925411131E-14	0.11480920923481	
7.872	1.5972558964503E-9	5.1886827690106E-9	1.0508759218805E-8	4.7855882185064E-10	9.6001362587827E-8	-5.704240258216E-4	8.6952839310801E-14	0.11500552427199	
8.0	1.563318171723E-9	5.0786080403559E-9	1.0026957476776E-8	4.6501140641953E-10	9.4212514558241E-8	-5.1668584349182E-4	8.6912140713251E-14	0.11505926001693	
8.2	1.5185274980207E-9	4.9336072634434E-9	9.4169318737847E-9	4.4633591693989E-10	9.2149033041885E-8	-4.4208297321469E-4	8.6855717523132E-14	0.1151338600048	
8.48	1.4729052764846E-9	4.7867550226383E-9	8.489931898847E-9	4.2534504607468E-10	9.0338976351221E-8	-3.544560308355E-4	8.6789558808572E-14	0.115221483996	
8.872	1.4397557693372E-9	4.6827229827414E-9	7.5566215362278E-9	4.0499879100082E-10	8.9293795388937E-8	-2.5926239539674E-4	8.6717826975692E-14	0.11531667549443	
9.0	1.4345352837715E-9	4.6674717442778E-9	7.3075058518286E-9	4.0005122882417E-10	8.9196746890192E-8	-2.3364878805878E-4	8.6698551032358E-14	0.11534228872865	
9.2	1.4342477346342E-9	4.6684275430324E-9	6.9878807733451E-9	3.9436865359056E-10	8.9340759087218E-8	-1.9869219304174E-4	8.667226065628E-14	0.11537724514267	
9.48	1.4504062903466E-9	4.72301443721E-9	6.4926005926196E-9	3.9069900157605E-10	9.0158857570947E-8	-1.5886360668781E-4	8.6642329667463E-14	0.11541707411841	
9.872	1.4992701457604E-9	4.8873207497388E-9	5.997669793845E-9	3.921983687969E-10	9.2369160901542E-8	-1.1788189463121E-4	8.6611557660236E-14	0.1154580577598	
10.0	1.5185968716733E-9	4.9532395773313E-9	5.866816716711E-9	3.9359158451283E-10	9.325003070444E-8	-1.0733991981503E-4	8.6603646123208E-14	0.11546860057107	
10.2	1.5534733141011E-9	5.0719755155936E-9	5.7067843384234E-9	3.9679914856294E-10	9.4847743832067E-8	-9.3485183659874E-5	8.6593250778688E-14	0.11548245690143	
10.48	1.6097270883462E-9	5.2651121362571E-9	5.4380202914538E-9	4.0286608853513E-10	9.7459444912131E-8	-7.8588811402026E-5	8.6582076682666E-14	0.1154973558717	
10.872	1.6909789736362E-9	5.5549814918519E-9	5.1827359630357E-9	4.1178633109381E-10	1.0154019216836E-7	-6.4456831738356E-5	8.6571477990887E-14	0.11551149205638	
11.0	1.7152436021614E-9	5.6452823669519E-9	5.1177806698231E-9	4.1420010848339E-10	1.028676705814E-7	-6.1021582355619E-5	8.6568901847094E-14	0.11551492868522	
11.2	1.7499580606026E-9	5.7790579862927E-9	5.049566398276E-9	4.1721545234253E-10	1.0492036400147E-7	-5.6664132940823E-5	8.6565634102884E-14	0.11551928829041	
11.48	1.7915669931972E-9	5.9499579527002E-9	4.9073061510101E-9	4.1978866762371E-10	1.0772728977229E-7	-5.2167371720027E-5	8.6562261719325E-14	0.1155237879311	
11.872	1.8298889972294E-9	6.1352687601719E-9	4.7879440497535E-9	4.1891802554892E-10	1.1124042384348E-7	-4.8039331637276E-5	8.6559165423871E-14	0.11552791958738	
12.0	1.8373618895239E-9	6.1807447901693E-9	4.7599144554014E-9	4.1754923976141E-10	1.1224561143443E-7	-4.704685942343E-5	8.6558420928619E-14	0.11552891308824	
12.2	1.8436591134849E-9	6.2351100458084E-9	4.7458827858684E-9	4.1424941174804E-10	1.1364863346998E-7	-4.5784257765044E-5	8.655747371857E-14	0.1155301771361	
12.48	1.8440334178022E-9	6.2840468426481E-9	4.6713757465413E-9	4.0784932910602E-10	1.1534454647592E-7	-4.4462772448901E-5	8.6556482250154E-14	0.11553150028553	
12.872	1.8293578022728E-9	6.2996173287254E-9	4.6207836628815E-9	3.9581928322733E-10	1.1711176390897E-7	-4.3209737090544E-5	8.6555542070665E-14	0.11553275502614	
13.0	1.8217832492043E-9	6.293978910107E-9	4.6106160464602E-9	3.9138440487184E-10	1.175491698051E-7	-4.2901584949686E-5	8.6555310869294E-14	0.11553306358779	
13.2	1.8070893758864E-9	6.2738017229802E-9	4.6233311601505E-9	3.8393919183526E-10	1.180723995403E-7	-4.2503991828799E-5	8.6555012590801E-14	0.11553346167444	
13.48	1.783667103385E-9	6.2320427930124E-9	4.5789078252003E-9	3.7314460521657E-10	1.186018062942E-7	-4.2083976982413E-5	8.6554697579421E-14	0.11553388209817	
13.872	1.7460665426044E-9	6.1489624561637E-9	4.5564528815192E-9	3.575719324312E-10	1.1891451115443E-7	-4.1693279047058E-5	8.6554404729687E-14	0.11553427294995	
14.0	1.7331410598558E-9	6.117567325572E-9	4.5532135805858E-9	3.525063534275E-10	1.1892769963883E-7	-4.1602429613502E-5	8.655433669019E-14	0.1155343637599	
14.2	1.7119988358878E-9	6.0631599555217E-9	4.5758190536452E-9	3.445512519544E-10	1.1883604389575E-7	-4.1493386316874E-5	8.6554255104434E-14	0.11553447265058	
14.48	1.6828293590269E-9	5.9846159509634E-9	4.542095474698E-9	3.3383277788696E-10	1.1860811663043E-7	-4.1398082250425E-5	8.6554183984638E-14	0.11553456757449	
14.872	1.6420586895256E-9	5.8680059854155E-9	4.5289478732213E-9	3.1951655694701E-10	1.1804507219826E-7	-4.1353884711449E-5	8.6554151433918E-14	0.11553461102406	
15.0	1.6289325667316E-9	5.8290779740143E-9	4.5278784562614E-9	3.1504500482925E-10	1.1781241984284E-7	-4.1357290417583E-5	8.6554154204582E-14	0.1155346073281	
15.2	1.6086755936686E-9	5.7677481628424E-9	4.5529495982948E-9	3.0827053949582E-10	1.1740467504123E-7	-4.1379067121619E-5	8.6554170876177E-14	0.11553458508033	
15.48	1.5809598742626E-9	5.6815567043414E-9	4.5223365700907E-9	2.9923893213981E-10	1.1675463617435E-7	-4.144078517529E-5	8.6554217724454E-14	0.11553452255865	
15.872	1.5436390202984E-9	5.5617229269218E-9	4.5117628450445E-9	2.8749672740782E-10	1.1571599851564E-7	-4.1579252305668E-5	8.6554322389939E-14	0.11553438287339	
16.0	1.5318443519209E-9	5.5230646752415E-9	4.511268337653E-9	2.8388072194005E-10	1.1535153254186E-7	-4.1635125088043E-5	8.6554364568858E-14	0.11553432658158	
16.2	1.5133392479433E-9	5.4614603201275E-9	4.5363035897069E-9	2.7835342434568E-10	1.1472637090731E-7	-4.1733879741339E-5	8.6554439078518E-14	0.11553422714116	
16.48	1.4890381398064E-9	5.3794734091872E-9	4.5064142441119E-9	2.7118465432496E-10	1.1385969199411E-7	-4.1893244037429E-5	8.6554559245236E-14	0.11553406676684	
16.872	1.4565457398031E-9	5.267774815552E-9	4.4965951967907E-9	2.619319584E-10	1.1257774486851E-7	-4.2150920483702E-5	8.6554753402367E-14	0.11553380764519	
17.0	1.4462894029175E-9	5.2320810166936E-9	4.4963081637193E-9	2.5908738546252E-10	1.1214565261915E-7	-4.2242221902792E-5	8.6554822174223E-14	0.11553371586262	
17.2	1.4301917922086E-9	5.1755265933936E-9	4.5209254296185E-9	2.5473455870094E-10	1.1142774641796E-7	-4.2393484686238E-5	8.6554936091461E-14	0.11553356382956	
17.48	1.4090456345285E-9	5.1005888227464E-9	4.4914982454262E-9	2.490941074111E-10	1.1044624544623E-7	-4.2621415792127E-5	8.6555107712787E-14	0.11553333478582	
17.872	1.3806747580026E-9	4.9989294896283E-9	4.4824139873834E-9	2.4178906375115E-10	1.0903342584269E-7	-4.2967590817067E-5	8.6555368269558E-14	0.11553298705159	
18.0	1.3716834418867E-9	4.9664789668896E-9	4.4823768045542E-9	2.3953347424069E-10	1.0856444705537E-7	-4.3086203972729E-5	8.6555457530774E-14	0.11553286792575	
18.2	1.3575117294604E-9	4.9150446114581E-9	4.5067756286137E-9	2.3606265510845E-10	1.0779536568685E-7	-4.3279011980361E-5	8.6555602612392E-14	0.11553267430401	
18.48	1.3388419284742E-9	4.8469079802228E-9	4.4779985061099E-9	2.3155296528797E-10	1.0674928068465E-7	-4.3563155853654E-5	8.6555816397505E-14	0.115532388994	
18.872	1.3136058399311E-9	4.7542705620153E-9	4.4699455654602E-9	2.2565895123846E-10	1.0526020933703E-7	-4.3985270483891E-5	8.6556133908163E-14	0.11553196525853	
19.0	1.3055583990234E-9	4.7246207161943E-9	4.4702573898588E-9	2.2382456422403E-10	1.0476906451727E-7	-4.4128039867188E-5	8.6556241285184E-14	0.11553182195881	
19.2	1.2928138749177E-9	4.6775247108078E-9	4.4946909461001E-9	2.2098062955293E-10	1.0396927327996E-7	-4.4358316947065E-5	8.6556414464552E-14	0.11553159084372	
19.48	1.2759426266833E-9	4.6149673393975E-9	4.4667602182281E-9	2.1726469772273E-10	1.0288188736477E-7	-4.4694540915532E-5	8.655666730377E-14	0.11553125342134	
19.872	1.2529436502362E-9	4.5294954296045E-9	4.4599870196703E-9	2.1234874804677E-10	1.0134119160604E-7	-4.5189458246505E-5	8.6557039405693E-14	0.11553075684322	
20.0	1.2455624221622E-9	4.5020268849984E-9	4.4607220363132E-9	2.1080402195413E-10	1.0083437170299E-7	-4.5355896310863E-5	8.6557164530428E-14	0.11553058986271	
20.2	1.2341569033385E-9	4.4595498507626E-9	4.4854023636771E-9	2.084476851987E-10	1.0003837915468E-7	-4.5622388560186E-5	8.6557364844053E-14	0.11553032254295	
20.48	1.2184460796704E-9	4.4009717281716E-9	4.4584659938615E-9	2.0525913360035E-10	9.8916148456702E-8	-4.6009457947063E-5	8.655765581224E-14	0.11552993424697	
20.872	1.1969020115726E-9	4.3205598842424E-9	4.4531295356633E-9	2.0098843704124E-10	9.7330190613931E-8	-4.6578185548239E-5	8.6558083262612E-14	0.11552936382192	
21.0	1.1899591946572E-9	4.2946350395418E-9	4.4543287343787E-9	1.9963483958199E-10	9.6809339116181E-8	-4.6769106213192E-5	8.6558226745999E-14	0.11552917234743	
21.2	1.1788825325751E-9	4.2532513977298E-9	4.4792720537928E-9	1.9750379485209E-10	9.5967003465081E-8	-4.7075563715795E-5	8.6558457047784E-14	0.11552886501798	
21.48	1.1640934851555E-9	4.197930242611E-9	4.4532511088507E-9	1.9468386999706E-10	9.4819182103716E-8	-4.7520387969152E-5	8.6558791320335E-14	0.11552841894701	
21.872	1.1436596191575E-9	4.1215843012659E-9	4.4493485917702E-9	1.908626107695E-10	9.3197567927003E-8	-4.8171633334024E-5	8.6559280643804E-14	0.11552776597561	
22.0	1.1370369832893E-9	4.0968610330435E-9	4.4510220408271E-9	1.8964023832077E-10	9.2665053252069E-8	-4.8389794256509E-5	8.6559444552872E-14	0.11552754725132	
22.2	1.1264613728282E-9	4.0573851534164E-9	4.4762872441873E-9	1.8770653998823E-10	9.180723029463E-8	-4.8739443021569E-5	8.6559707239506E-14	0.11552719671806	
22.48	1.1122475943511E-9	4.0042973781308E-9	4.4512088318872E-9	1.851255385351E-10	9.0633477566436E-8	-4.9246169700999E-5	8.6560087930477E-14	0.11552668872272	
22.872	1.0925157556749E-9	3.9307258409482E-9	4.4487908787688E-9	1.8159345475852E-10	8.8975767821076E-8	-4.9987278270636E-5	8.6560644640272E-14	0.11552594585727	
23.0	1.0861006438209E-9	3.9068333849365E-9	4.4509525161487E-9	1.8045594352432E-10	8.8431601763051E-8	-5.0235320097983E-5	8.656083095667E-14	0.11552569724204	
23.2	1.0758522310794E-9	3.8686739208998E-9	4.4765397821582E-9	1.7864997827413E-10	8.7557325787461E-8	-5.0632548394535E-5	8.6561129321937E-14	0.11552529911489	
23.48	1.0620273088207E-9	3.8171765053294E-9	4.4523557540459E-9	1.7622553997231E-10	8.635845455114E-8	-5.1207689094375E-5	8.6561561316984E-14	0.11552472268345	
23.872	1.0427836268492E-9	3.745625941824E-9	4.4514125109219E-9	1.7288486395673E-10	8.4666548852616E-8	-5.2048190936759E-5	8.6562192563109E-14	0.11552388039471	
24.0	1.0886691158904E-9	3.7958757536594E-9	4.4320957490869E-9	1.7576402044218E-10	8.5422006701209E-8	-5.2559024290896E-5	8.6562574778165E-14	0.11552337039671	
24.2	1.6640685023467E-9	5.0018409393239E-9	4.5493413940463E-9	2.1675576446353E-10	1.1599474529562E-7	-5.2064894924539E-5	8.6562180117819E-14	0.11552389702888	
24.48	2.1332746648147E-9	6.1879597341707E-9	4.7680342812089E-9	2.491560042083E-10	1.5022614068945E-7	-5.0082214731806E-5	8.6560667203317E-14	0.11552591584062	
24.872	2.5384464841092E-9	7.4174290875349E-9	5.1744903148708E-9	2.7960648752487E-10	1.8861394735576E-7	-4.6751139614555E-5	8.6558140675582E-14	0.11552928736549	
25.0	2.6505951437245E-9	7.7833565185212E-9	5.3133022124866E-9	2.8936020909391E-10	1.9971159062833E-7	-4.5669727954329E-5	8.6557321534102E-14	0.11553038051858	
25.2	2.1940276419382E-9	7.0457704599982E-9	5.5746478404476E-9	2.5964049033732E-10	1.8297464346717E-7	-4.4678932544981E-5	8.6556592366012E-14	0.11553135361681	
25.48	1.8902092262848E-9	6.499608101222E-9	5.6739099178512E-9	2.4634011961951E-10	1.6419945670001E-7	-4.457698766644E-5	8.6556530622456E-14	0.11553143602272	
25.872	1.7697777252465E-9	6.2775208422617E-9	5.7097674924055E-9	2.5253363147793E-10	1.4530136454041E-7	-4.5444586630088E-5	8.6557195136103E-14	0.11553054922549	
26.0	1.764546145637E-9	6.2774681675317E-9	5.7067444107194E-9	2.5703520245068E-10	1.4051065097524E-7	-4.5801070585923E-5	8.6557465859692E-14	0.11553018794733	
26.2	1.7762913472453E-9	6.3264304702231E-9	5.7307576122869E-9	2.6526672005174E-10	1.3426203297946E-7	-4.637705833782E-5	8.6557902092613E-14	0.11552960580406	
26.48	1.8143314205758E-9	6.4565491466011E-9	5.6421198293949E-9	2.7755406162135E-10	1.2757752896741E-7	-4.7144457784216E-5	8.655848209707E-14	0.1155288318121	
26.872	1.8825798114353E-9	6.69404233366E-9	5.5541619957221E-9	2.9402887959889E-10	1.2119539937246E-7	-4.8049817827714E-5	8.655916516429E-14	0.11552792030441	
27.0	1.9054225555615E-9	6.77595206611E-9	5.5298665774841E-9	2.9902744659792E-10	1.1962837707134E-7	-4.8300883647172E-5	8.6559354421224E-14	0.11552766775715	
27.2	1.9405989069882E-9	6.9048892928717E-9	5.5197487027383E-9	3.0639682657745E-10	1.176095600278E-7	-4.865137807083E-5	8.6559618472898E-14	0.11552731540536	
27.48	1.9874134538275E-9	7.081847914002E-9	5.4266348294526E-9	3.1578165497424E-10	1.1547138893934E-7	-4.9067691833309E-5	8.6559931958216E-14	0.11552689709357	
27.872	2.046370105076E-9	7.313598450383E-9	5.3586807402705E-9	3.2714707063488E-10	1.1342504610471E-7	-4.9538857031947E-5	8.656028641482E-14	0.11552642411624	
28.0	2.0638066806354E-9	7.3839840033817E-9	5.3438198733176E-9	3.304470928788E-10	1.1291463045572E-7	-4.9673903540636E-5	8.6560387947035E-14	0.11552628863562	
28.2	2.088361616332E-9	7.4852019890466E-9	5.3504433771829E-9	3.3507521434282E-10	1.1219005965819E-7	-4.9873199068112E-5	8.6560537744606E-14	0.11552608875259	
28.48	2.1202760510191E-9	7.619466627541E-9	5.2852187735063E-9	3.4099544123186E-10	1.1144791081143E-7	-5.0135560004687E-5	8.656073484213E-14	0.11552582575641	
28.872	2.1572980123351E-9	7.7816999010476E-9	5.2517810371078E-9	3.4784290401939E-10	1.1064918555218E-7	-5.0488238342923E-5	8.6560999621207E-14	0.11552547245203	
29.0	2.1675522100804E-9	7.8281997607383E-9	5.2471845343134E-9	3.4974503833692E-10	1.1042162854092E-7	-5.0603874051592E-5	8.6561086413178E-14	0.11552535664283	
29.2	2.1809359167602E-9	7.891237851201E-9	5.2716902549325E-9	3.5225818571669E-10	1.1003786551111E-7	-5.0789653275152E-5	8.6561225853839E-14	0.11552517058329	
29.48	2.1975503724845E-9	7.9716082064654E-9	5.2277137707055E-9	3.553733344218E-10	1.0959843193232E-7	-5.1061684179942E-5	8.6561430013003E-14	0.11552489816907	
29.872	2.2140448826397E-9	8.0589026935335E-9	5.2169042846668E-9	3.5856954952161E-10	1.0897833864638E-7	-5.1469649786645E-5	8.6561736154364E-14	0.11552448967953	
30.0	2.2178708834934E-9	8.0814109924647E-9	5.2185129637399E-9	3.5934581164666E-10	1.0876587098888E-7	-5.1610380625333E-5	8.6561841762835E-14	0.11552434876495	
30.2	2.2223553909719E-9	8.1107587081375E-9	5.2538148299253E-9	3.6030292197545E-10	1.0841983165773E-7	-5.1839177554325E-5	8.6562013442009E-14	0.11552411969206	
30.48	2.2257351401468E-9	8.1403578939299E-9	5.2211073282244E-9	3.611481320789E-10	1.0789964067774E-7	-5.2179644437371E-5	8.6562268995902E-14	0.11552377870609	
30.872	2.2252147889169E-9	8.1605421395747E-9	5.2214979851359E-9	3.614384853258E-10	1.0708739333714E-7	-5.2695965393391E-5	8.6562656551745E-14	0.11552326159321	
31.0	2.2238639586762E-9	8.1622497157521E-9	5.2260017136511E-9	3.6133307431259E-10	1.0679941899258E-7	-5.2873483606341E-5	8.6562789807748E-14	0.11552308379179	
31.2	2.2197131270011E-9	8.1566659009403E-9	5.2660628919713E-9	3.6082699778423E-10	1.0627472628339E-7	-5.3162726195572E-5	8.6563006956778E-14	0.11552279405433	
31.48	2.2133183285586E-9	8.145526532812E-9	5.2375500055605E-9	3.6000325990772E-10	1.0556776826529E-7	-5.358884257905E-5	8.6563326884577E-14	0.11552236718411	
31.872	2.200440253516E-9	8.1133153356259E-9	5.2417872255304E-9	3.5819542546088E-10	1.0447909579101E-7	-5.4221184249076E-5	8.6563801660111E-14	0.11552173371111	
32.0	2.1953717357695E-9	8.0990543913069E-9	5.2471728104435E-9	3.574594733028E-10	1.0409970540223E-7	-5.4435230442876E-5	8.6563962380132E-14	0.11552151927086	
32.2	2.1857949581952E-9	8.0698749360726E-9	5.2883787835704E-9	3.5603154068198E-10	1.0343605486366E-7	-5.4780111507883E-5	8.6564221361683E-14	0.11552117372718	
32.48	2.1723729582738E-9	8.0278287572708E-9	5.2603045479182E-9	3.5401325746386E-10	1.0253289466374E-7	-5.5280962452184E-5	8.6564597488602E-14	0.11552067188753	
32.872	2.1509367639581E-9	7.9571260087637E-9	5.264579706898E-9	3.5074439892896E-10	1.0118277035679E-7	-5.6011314722756E-5	8.6565145971412E-14	0.11551994009403	
33.0	2.1433685926988E-9	7.9314310727223E-9	5.2698264548763E-9	3.4958032793558E-10	1.0072226836042E-7	-5.6255521832854E-5	8.6565329374583E-14	0.11551969539727	
33.2	2.1302112290472E-9	7.8856284882642E-9	5.3102198466702E-9	3.4753678150734E-10	9.9938813039666E-8	-5.6645719966562E-5	8.6565622437144E-14	0.1155193043951	
33.48	2.1122884748031E-9	7.8223964554264E-9	5.2807838523023E-9	3.4474252919866E-10	9.8876414847941E-8	-5.7206180802505E-5	8.656604339697E-14	0.11551874275852	
33.872	2.0855936773251E-9	7.7262706005021E-9	5.2833732138128E-9	3.4056005609943E-10	9.7327416795137E-8	-5.8012402388244E-5	8.6566648941186E-14	0.11551793486358	
34.0	2.0765407614119E-9	7.6932419146455E-9	5.2880440286093E-9	3.3913639803941E-10	9.680802335288E-8	-5.827945696502E-5	8.6566849528025E-14	0.11551766725082	
34.2	2.0621113477833E-9	7.6401887701549E-9	5.3267801655389E-9	3.3686113308499E-10	9.5984405348506E-8	-5.8701639025162E-5	8.6567166613557E-14	0.11551724421416	
34.48	2.04144787465E-9	7.5634089822928E-9	5.2954425867786E-9	3.3359068885901E-10	9.4809761543433E-8	-5.9302551542509E-5	8.6567618009242E-14	0.11551664199501	
34.872	2.011825808261E-9	7.4519560175769E-9	5.2958728820369E-9	3.2888302561531E-10	9.3130732325696E-8	-6.0159848108818E-5	8.6568261975702E-14	0.11551578287415	
35.0	2.0020145930316E-9	7.4147515795672E-9	5.2998631123124E-9	3.2732038364689E-10	9.257542242109E-8	-6.0442036017867E-5	8.656847394578E-14	0.1155155000864	
35.2	1.9858306770881E-9	7.3529654108299E-9	5.3365215269805E-9	3.2473317985485E-10	9.166054536091E-8	-6.0888045945079E-5	8.6568808983708E-14	0.11551505311776	
35.48	1.9643219912011E-9	7.2703019915247E-9	5.303125841583E-9	3.2128919291985E-10	9.0434844646097E-8	-6.1519327431187E-5	8.6569283208017E-14	0.11551442046964	
35.872	1.9339489465719E-9	7.1529653449756E-9	5.3014162796778E-9	3.1642262750856E-10	8.8706952920034E-8	-6.2410611151333E-5	8.6569952722703E-14	0.11551352730386	
36.0	1.9239856195395E-9	7.114333106623E-9	5.3047715652892E-9	3.1482465876352E-10	8.8140692444604E-8	-6.2702080161335E-5	8.6570171669234E-14	0.11551323522182	
36.2	1.908408005861E-9	7.0537891147356E-9	5.339490183919E-9	3.1232340503005E-10	8.7255372778029E-8	-6.3159048728497E-5	8.6570514914644E-14	0.11551277732409	
36.48	1.8866554514347E-9	6.96893997157E-9	5.3044952725762E-9	3.0882442617724E-10	8.6017148928837E-8	-6.3801778234576E-5	8.6570997754245E-14	0.11551213321136	
36.872	1.8564088746704E-9	6.8504614869731E-9	5.3011191892978E-9	3.0394997722014E-10	8.4291419494318E-8	-6.4704591689194E-5	8.6571675942418E-14	0.11551122851533	
37.0	1.8465871225053E-9	6.8118939374033E-9	5.303975774651E-9	3.0236586356584E-10	8.3730501682295E-8	-6.4998681362118E-5	8.6571896859571E-14	0.1155109338177	
37.2	1.8306862973501E-9	6.7493368965992E-9	5.3368242441134E-9	2.9979530452583E-10	8.2823054632141E-8	-6.5460053979364E-5	8.6572243441704E-14	0.11551047148953	
37.48	1.8097154633175E-9	6.6665014593515E-9	5.300461275822E-9	2.9640166249405E-10	8.1616115558455E-8	-6.6106680099948E-5	8.6572729199615E-14	0.11550982351301	
37.872	1.7806764780235E-9	6.5517927698113E-9	5.2957728849453E-9	2.9170447887033E-10	7.9947664996512E-8	-6.7008328003541E-5	8.6573406498838E-14	0.11550892004366	
38.0	1.7712732446061E-9	6.5146387659347E-9	5.2982540155217E-9	2.9018314012619E-10	7.940825535042E-8	-6.7300734907708E-5	8.6573626147175E-14	0.11550862705183	
38.2	1.7561348748312E-9	6.4547964135031E-9	5.3295009441422E-9	2.8772894861162E-10	7.8541820623473E-8	-6.7757983208357E-5	8.6573969620768E-14	0.11550816889098	
38.48	1.736150651754E-9	6.375564708441E-9	5.2922273852816E-9	2.8448613572406E-10	7.7390312716199E-8	-6.8396251678648E-5	8.6574449090442E-14	0.11550752933138	
38.872	1.7086031285647E-9	6.2664886625863E-9	5.2866946490583E-9	2.800185266298E-10	7.5808555707402E-8	-6.9281907269884E-5	8.6575114360623E-14	0.11550664194756	
39.0	1.6997115990211E-9	6.2313035212338E-9	5.2889320626912E-9	2.7857638806466E-10	7.5299475724571E-8	-6.9568217347812E-5	8.6575329423411E-14	0.11550635508519	
39.2	1.6854419905397E-9	6.1748513238022E-9	5.3188067911594E-9	2.7625766182834E-10	7.4485214679782E-8	-7.0014884679475E-5	8.6575664938137E-14	0.11550590756051	
39.48	1.6666275376549E-9	6.1002442632772E-9	5.2809446153322E-9	2.7319797386007E-10	7.340573902384E-8	-7.0636455350536E-5	8.6576131852168E-14	0.11550528477613	
39.872	1.6407707867291E-9	5.9979418995142E-9	5.2749050268914E-9	2.6899622568697E-10	7.1930326117448E-8	-7.1495540667101E-5	8.6576777144848E-14	0.11550442407714	
40.0	1.6324422955679E-9	5.9650301537082E-9	5.2769962143825E-9	2.6764287770965E-10	7.1457127899444E-8	-7.1772552394966E-5	8.6576985216593E-14	0.11550414655178	
