# Time [h]	All Liquid [L/h]	MS [g/L]	Butyric [g/L]	AA [g/L]	Propionic [g/L]	Valeric [g/L]	LCFA [g/L]	Acetic [g/L]
1.0	1.277518167727587	0.06736679892443863	0.021375978667987912	0.053914566469621436	0.07343808671804332	0.007096902758460536	0.22389589350630065	2.153565899426731	
2.0	1.1166341633766466	0.03732634535907725	0.013700929732399421	0.030706347699568856	0.06253565252602036	0.004879530032233073	0.3948644620240665	1.8612376382969156	
3.0	0.9545109306751227	0.021324118278379597	0.007601594687980162	0.01670077900518045	0.02988608606328925	0.002741148501382377	0.4146371964069097	1.3555245954523392	
4.0	0.7076222950568382	0.01082673152772352	0.003770841880178462	0.008115560339090448	0.012521621483369617	0.001357838075833661	0.3275935000107984	0.7412620804122309	
5.0	0.43199603827543004	0.004679710436741573	0.0015917756147356956	0.003348544318816958	0.004860171939327261	5.664429883261923E-4	0.19795783250832485	0.2728269426400539	
6.0	0.22235016799526205	0.0018119754852057234	6.000409071823576E-4	0.0012300058186622753	0.0017632256100628477	2.0899435357216793E-4	0.0966500662489725	0.06351386475745971	
7.0	0.090340716184883	5.82932180312191E-4	1.8586191999246893E-4	3.6785306371912006E-4	5.356961216600889E-4	6.240995951052738E-5	0.03608943052594826	0.008169064392930216	
8.0	0.06659179337223953	3.8949206239311353E-4	1.1794575719123461E-4	2.2467675359203495E-4	3.3770255555085483E-4	3.768399382806742E-5	0.024273771905000716	0.00353958592295256	
9.0	0.06732010803694002	4.2452413106614873E-4	1.1926556833596772E-4	2.1952360630149578E-4	3.4062620871816023E-4	3.578513170468547E-5	0.02259557854116505	0.0034056583721324397	
10.0	0.07898422844843739	6.27497108918804E-4	1.60177009165899E-4	2.869150518274726E-4	4.5641653090254357E-4	4.4728544626780235E-5	0.024873100786058262	0.004402111024930114	
11.0	0.09992227253132721	0.0010078658620450958	2.4116224602501894E-4	4.1393475415038664E-4	6.891311011931315E-4	6.293648963150955E-5	0.030038617319612416	0.0064431509015074225	
12.0	0.10891426627414065	0.001245693502862852	2.9920477319119506E-4	4.721319411657225E-4	8.689781790830711E-4	7.363691606053339E-5	0.03143775923307841	0.008081550088918834	
13.0	0.11403597508756554	0.0013196401893085716	3.2861820859833026E-4	4.6848170370338026E-4	9.818238367562092E-4	7.697470924918649E-5	0.03165166106952299	0.009354187028881819	
14.0	0.11452959902594666	0.0012783462635096443	3.259030674401533E-4	4.244927360659296E-4	0.0010048822264220473	7.273130412487098E-5	0.03052687460555166	0.009998822837981718	
15.0	0.11313698763300829	0.0012035009412184427	3.0794900715133667E-4	3.744032908723927E-4	9.750316914453567E-4	6.543067397642015E-5	0.028912608594129596	0.010203510485208239	
16.0	0.11618543151707289	0.0011786150513320116	2.994298392104647E-4	3.468291810061587E-4	9.652063225945111E-4	6.0762927098522774E-5	0.028442288178945306	0.010594816169927425	
17.0	0.10775482744519486	0.0010419331839883945	2.6174493337765154E-4	2.926706774442381E-4	8.528019638771949E-4	5.091242688988475E-5	0.025188150141010637	0.00978229835134712	
18.0	0.10477083913727794	9.687698071802044E-4	2.4083623946364777E-4	2.6304380929361825E-4	7.881043695865111E-4	4.5294099967729356E-5	0.023373951715640162	0.009365059153322851	
19.0	0.10133922944164106	8.972508144091672E-4	2.2121591374691039E-4	2.3776623518266424E-4	7.242789920179415E-4	4.054450048846495E-5	0.021542771561101043	0.008848894500947209	
20.0	0.097784046632867	8.29566804606654E-4	2.0332900623850792E-4	2.1615066384105718E-4	6.646503823381038E-4	3.657337851871525E-5	0.019774769404733848	0.008293423602084387	
21.0	0.09893232585132758	8.050893579573398E-4	1.9662690523081575E-4	2.0745702975353793E-4	6.411448472687397E-4	3.4917070799344744E-5	0.01901694403934247	0.008123509467090066	
22.0	0.09028496043001322	7.028007362120993E-4	1.7126920221904288E-4	1.7970822949717218E-4	5.568171698384066E-4	3.013925836182855E-5	0.016429124079834174	0.007139519188215057	
23.0	0.08676847280776032	6.461194815860622E-4	1.573220557515343E-4	1.6443683148463156E-4	5.099964625951234E-4	2.7526809031240262E-5	0.014934945480629545	0.0065949862723267	
24.0	0.07234205422428396	5.157017766896859E-4	1.2558658184193226E-4	1.3088984600812255E-4	4.060357214997885E-4	2.1898244920230797E-5	0.011784740117520266	0.005282537727399071	
25.0	0.033554080010442536	2.6627451037139954E-4	1.148939868238317E-4	6.339266348754104E-5	2.965576898938824E-4	1.4212229593212347E-5	0.005111197818060546	0.0042852993584751595	
26.0	0.143890194064038	0.0015807454417505057	4.428865071738377E-4	3.562123538786394E-4	0.001285417992212593	5.896294063697107E-5	0.020934843569556133	0.01892169916486688	
27.0	0.1541838941624121	0.0020723931536025075	4.556232231020348E-4	4.7905948908749955E-4	0.0014179827736321908	6.872486080571111E-5	0.021315106146586014	0.01856218846655949	
28.0	0.15791704609416463	0.0023345493439753083	5.039744089775744E-4	5.54948598665309E-4	0.0015894797311892773	8.088086557921248E-5	0.02074301923825268	0.01793541497624163	
29.0	0.15288614297968517	0.002378326018315632	5.250910677121655E-4	5.746000215272119E-4	0.001675546248675207	8.663425375915925E-5	0.0190695342868867	0.0167893568032534	
30.0	0.15392027430262883	0.002446759202783872	5.53568079112642E-4	5.972133377825446E-4	0.0017919581576300032	9.247675416630039E-5	0.01824823567026241	0.016622244191539577	
31.0	0.1602625256275236	0.0025499357554419322	5.89093834451872E-4	6.271929089378612E-4	0.0019345244310160737	9.90883933564956E-5	0.018063203606362904	0.017138858624812684	
32.0	0.15078491205234282	0.0023620339937809928	5.552302671523737E-4	5.845960829107738E-4	0.0018474554356480645	9.384980919176984E-5	0.016107134117918046	0.015941131870255424	
33.0	0.14763540323817717	0.002251210494875937	5.360527715479757E-4	5.598013443121272E-4	0.001801475245210429	9.093808675239338E-5	0.014940072005492903	0.015355431385555545	
34.0	0.14315556469213625	0.002107411094628692	5.06563353849342E-4	5.259255961555211E-4	0.0017138302474283393	8.618826495121802E-5	0.013695538274022548	0.014541541875779444	
35.0	0.14456281258639128	0.002045462199005149	4.948964450669934E-4	5.118227256614327E-4	0.0016802814342334695	8.4402336630425E-5	0.013059833301115683	0.014243474889681728	
36.0	0.13198281106969936	0.0017848708344499063	4.3367152129643614E-4	4.474592143229956E-4	0.0014735553724775613	7.41092016702238E-5	0.011202249868005788	0.012489854437883904	
37.0	0.13246286064437687	0.0017128203409534923	4.1719311956342833E-4	4.299632683450182E-4	0.0014154444381863655	7.140282484923081E-5	0.01056295921405464	0.011985941218927668	
38.0	0.1200361817935684	0.001479472012186987	3.607560720539012E-4	3.71703987930865E-4	0.0012199030403603458	6.182370651162722E-5	0.008941111871617148	0.010301224590598958	
39.0	0.11439169730003976	0.001345695115870028	3.2821149536689157E-4	3.3828013670154103E-4	0.0011049691039900901	5.6302603334479386E-5	0.007947900610985024	0.009285926048620607	
40.0	0.10872329058797145	0.0012215958282460462	2.978577455177764E-4	3.071940533766914E-4	9.977549728364475E-4	5.1137290403115185E-5	0.007025161416089422	0.008329668194972854	
