# Time [h]	Carbondioxide [NL]	Methane [NL]	Hydrogen [NL]	Sum [NL]
0.2	1.997405237929	8.8979594770527	0.0019517131712529	10.897316428153	
0.48	4.7160956384439	10.411525825656	0.0032907551263439	15.130912219226	
0.872	6.4297788926273	12.637879022412	0.0043951347553913	19.072053049794	
1.0	6.7610518269297	13.326797836716	0.0046745196423692	20.092524183288	
1.2	8.3660205493959	16.753793841508	0.0052953586860981	25.12510974959	
1.48	8.769606035871	17.855258776955	0.0057468114776732	26.630611624304	
1.872	9.4913695904314	19.989490625809	0.0061814633255037	29.487041679566	
2.0	9.7312480874758	20.699355781564	0.0063107386893032	30.436914607729	
2.2	10.868126051324	23.637145935448	0.0066538239289429	34.5119258107	
2.48	11.248222102267	24.75416982872	0.0069048357268073	36.009296766713	
2.872	11.928790845255	26.778246505957	0.0071667735842668	38.714204124796	
3.0	12.15463266653	27.448928673467	0.0072481830711624	39.610809523068	
3.2	13.217459133782	30.221559940961	0.0074713505866812	43.44649042533	
3.48	13.598173748323	31.268909179321	0.0076382188554225	44.8747211465	
3.872	14.273405015684	33.170002575296	0.0078211878724535	47.451228778853	
4.0	14.49561082995	33.800251161731	0.0078786195783731	48.303740611259	
4.2	15.547415177127	36.518093227688	0.0080404973144809	52.073548902129	
4.48	15.914784386567	37.464639207794	0.0081616714781215	53.387585265839	
4.872	16.548592533096	39.196538481293	0.0082950908505353	55.75342610524	
5.0	16.75357531352	39.768098719349	0.0083368619610526	56.530010894831	
5.2	17.72756009361	42.377302820026	0.0084603426737011	60.11332325631	
5.48	18.030047773318	43.145721265252	0.0085475073350502	61.184316545905	
5.872	18.498621511414	44.514037471563	0.0086371644161595	63.021296147393	
6.0	18.640908565342	44.954391509055	0.0086644597821335	63.603964534179	
6.2	19.315437247051	47.192715735952	0.0087511358477581	66.516904118851	
6.48	19.444759565752	47.59148981945	0.0088024088877863	67.045051794089	
6.872	19.598713834209	48.335414731305	0.0088441225118617	67.942972688026	
7.0	19.639953015601	48.574675090305	0.0088560711718237	68.223484177078	
7.2	19.904528630123	50.178108691982	0.0089075205986762	70.091544842703	
7.48	19.917080960367	50.314868490645	0.0089308925870701	70.240880343599	
7.872	19.941710413773	50.750225304542	0.0089492582800129	70.700884976595	
8.0	19.949092416738	50.898408875338	0.0089547937843814	70.856456085861	
8.2	20.057021990054	52.047513678344	0.0089872884001619	72.113522956798	
8.48	20.056704208942	52.137018821189	0.0090015319513988	72.202724562083	
8.872	20.065739732196	52.462282004429	0.0090144256640249	72.537036162289	
9.0	20.069003412241	52.572819750563	0.0090185065497667	72.650841669354	
9.2	20.130511969956	53.447548942805	0.0090427737106746	73.587103686471	
9.48	20.131297529046	53.509262665821	0.0090541833459955	73.649614378214	
9.872	20.138596810374	53.74619115752	0.0090655849741783	73.893853552868	
10.0	20.141199132249	53.82623604995	0.009069216513823	73.976504398713	
10.2	20.184520731845	54.530551007239	0.0090900842730917	74.724161823357	
10.48	20.186241063901	54.554631161544	0.0091001392175227	74.749972364663	
10.872	20.193289401076	54.717934404394	0.0091100316658168	74.920333837136	
11.0	20.195709690765	54.77430886907	0.0091130202481402	74.979131580084	
11.2	20.231309445176	55.379813321063	0.0091314274643383	75.620254193703	
11.48	20.234027905743	55.377965326164	0.009139310621988	75.621132542529	
11.872	20.242243389691	55.503352896537	0.0091461390501273	75.754742425277	
12.0	20.244987053915	55.548176307099	0.009148119311457	75.802311480325	
12.2	20.278337410386	56.106913329877	0.0091641887249274	76.394414928988	
12.48	20.282217241704	56.095647816656	0.0091699003587294	76.387034958718	
12.872	20.291872451526	56.206944606437	0.0091744425176088	76.50799150048	
13.0	20.295005610316	56.247397013787	0.0091757945363185	76.551578418639	
13.2	20.32800610387	56.786664287476	0.0091902885669444	77.123860679913	
13.48	20.332549758574	56.771612588617	0.0091948995771327	77.113357246768	
13.872	20.342876403682	56.876071778417	0.0091984364909359	77.22814661859	
14.0	20.346164406954	56.914309171322	0.00919952245148	77.269673100727	
14.2	20.378965148067	57.444887593009	0.0092130202311513	77.833065761307	
14.48	20.383666113626	57.426813868228	0.0092171076009266	77.819697089456	
14.872	20.394029305561	57.526179917968	0.0092201707402161	77.92942939427	
15.0	20.397297404244	57.562760074078	0.0092211217298197	77.969278600052	
15.2	20.42976169136	58.08838619408	0.0092340334630704	78.527381918903	
15.48	20.434381565167	58.067508866934	0.0092377444870046	78.511128176588	
15.872	20.44452032717	58.162558088164	0.0092404681470469	78.616318883481	
16.0	20.447703491255	58.19773890572	0.0092413169582923	78.654683713933	
16.2	20.479753298972	58.719621577807	0.0092533697930395	79.208628246573	
16.48	20.484216594072	58.696195189929	0.0092568273711256	79.189668611372	
16.872	20.494071576147	58.787452129366	0.0092592778972953	79.29078298341	
17.0	20.497160044502	58.821403220991	0.0092600363797177	79.327823301872	
17.2	20.528813390068	59.34004633854	0.0092714465064019	79.878131175115	
17.48	20.533128596633	59.314389076833	0.0092746205360324	79.856792294002	
17.872	20.542728230717	59.402286746034	0.0092767796214214	79.954291756372	
18.0	20.545733756539	59.435142622357	0.0092774439623033	79.990153822859	
18.2	20.57704221802	59.950896471368	0.0092882109900443	80.537226900378	
18.48	20.581231463012	59.92321051131	0.0092910962718114	80.513733070594	
18.872	20.590614637614	60.008015275	0.0092929525551609	80.607922865169	
19.0	20.593550142829	60.039857523025	0.0092935193253046	80.642701185179	
19.2	20.624571637641	60.553053683263	0.0093036422756376	81.186928963179	
19.48	20.628653812903	60.52341834486	0.0093062308802157	81.161378388643	
19.872	20.637850447587	60.605246663715	0.0093077726272375	81.252404883929	
20.0	20.640725120046	60.636109839809	0.0093082384106593	81.286143198265	
20.2	20.67151876086	61.147098022646	0.0093178481246069	81.827934631631	
20.48	20.675508043728	61.115506938187	0.0093201073060617	81.800335089221	
20.872	20.684537312819	61.194368519479	0.0093213146102873	81.888227146909	
21.0	20.687356353098	61.224253440605	0.0093216754890298	81.920931469191	
21.2	20.717955993715	61.733310975986	0.0093304889199382	82.460597458621	
21.48	20.721849177883	61.699606685321	0.0093324654973252	82.430788328702	
21.872	20.73071101083	61.775347662883	0.0093333563069193	82.515392030019	
22.0	20.733474206619	61.804204597317	0.0093336144307754	82.547012418367	
22.2	20.763918416281	62.311598832682	0.0093417650446787	83.084859014008	
22.48	20.767715867063	62.275606412548	0.0093434306960766	83.052665710307	
22.872	20.776408132953	62.348024613174	0.0093439954019369	83.133776741529	
23.0	20.779113791703	62.375787158852	0.0093441501048521	83.164245100659	
23.2	20.809430923509	62.881750705301	0.0093516248021446	83.700533253612	
23.48	20.813125087212	62.843224036913	0.0093529834458117	83.665702107571	
23.872	20.821635357035	62.912033345986	0.0093532327929827	83.743021935814	
24.0	20.823409764813	62.936957272802	0.0093536639974673	83.769720701613	
24.2	20.858984475656	63.455495968429	0.0093682629391606	84.323848707023	
24.48	20.873572517152	63.455172388173	0.0093774823362978	84.338122387662	
24.872	20.908470256321	63.617600699644	0.0093893174971467	84.535460273462	
25.0	20.920762731122	63.677059545389	0.0093934516194521	84.60721572813	
25.2	20.987480449464	64.32310183823	0.0094034030388546	85.319985690733	
25.48	21.002820470046	64.321829425824	0.0094074789112792	85.334057374781	
25.872	21.024635167919	64.44861862296	0.0094128529379075	85.482666643817	
26.0	21.030521670199	64.493841482756	0.0094147350041784	85.533777887959	
26.2	21.081061798238	65.141287588958	0.0094282589178648	86.231777646114	
26.48	21.086526670527	65.105962154274	0.009433795715558	86.201922620516	
26.872	21.097707318928	65.203974914379	0.0094388033184627	86.311121036626	
27.0	21.10098462775	65.241059623562	0.0094403338438113	86.351484585155	
27.2	21.143946278149	65.863044099755	0.0094533291668779	87.016443707071	
27.48	21.147793238604	65.822424452206	0.0094580852587929	86.97967577607	
27.872	21.157931307424	65.91443289386	0.0094621582776506	87.081826359561	
28.0	21.161119334829	65.949663895111	0.0094633997508217	87.120246629691	
28.2	21.202360543185	66.55355990019	0.0094755571552637	87.76539600053	
28.48	21.206812706392	66.514647878318	0.0094798296068993	87.730940414317	
28.872	21.218005470933	66.606375182576	0.0094832963895288	87.833863949899	
29.0	21.221565065476	66.64140196243	0.0094843471811519	87.872451375087	
29.2	21.262918096947	67.236761570983	0.0094959822528162	88.509175650183	
29.48	21.26807934081	67.199333225713	0.009499817479923	88.476912384002	
29.872	21.280232823704	67.291151884377	0.0095027665125817	88.580887474594	
30.0	21.284083432824	67.326116376113	0.0095036570026677	88.61970346594	
30.2	21.325949386024	67.918980435385	0.0095150075529236	89.254444828962	
30.48	21.3315338309	67.881646755818	0.0095183861925465	89.222698972911	
30.872	21.344211788959	67.972764637179	0.0095208583722823	89.32649728451	
31.0	21.348206705311	68.007452836292	0.0095216071087457	89.365181148712	
31.2	21.390520943174	68.600595375198	0.0095322033237589	90.000648521696	
31.48	21.396249181766	68.562103472974	0.0095353261092631	89.96788798085	
31.872	21.409069447385	68.651538667815	0.0095374599264011	90.070145575127	
32.0	21.413090259289	68.685662777648	0.0095381007636072	90.108291137701	
32.2	21.4556857899	69.279899178124	0.0095481923711498	90.745133160395	
32.48	21.461381331659	69.239489629904	0.0095510303840586	90.710421991948	
32.872	21.474095354344	69.326484386421	0.0095528659001148	90.810132606665	
33.0	21.478066100115	69.35981182734	0.0095534159808881	90.847431343435	
33.2	21.520755259846	69.954921779	0.0095629974540291	91.4852400363	
33.48	21.526307302888	69.912131641481	0.0095655922876631	91.448004536657	
33.872	21.538758361194	69.996110653757	0.0095671894595097	91.54443620441	
34.0	21.542632308102	70.028460058149	0.00956766732725	91.580660033578	
34.2	21.585256096847	70.623809202046	0.0095769348994916	92.218642233793	
34.48	21.590608858315	70.578429136926	0.009579255569093	92.17861725081	
34.872	21.602712328628	70.659032056653	0.0095806346316576	92.271325019913	
35.0	21.606464549495	70.690286354613	0.0095810506388748	92.306331954747	
35.2	21.64887017665	71.285059961291	0.0095896639940445	92.943519801935	
35.48	21.653982627666	71.236937353354	0.0095918739436327	92.900511854964	
35.872	21.665685170933	71.313883355842	0.0095931305878574	92.989161657364	
36.0	21.669301509076	71.343951731288	0.0095935056283178	93.022846745992	
36.2	21.711401528059	71.937463496032	0.0096018387960068	93.658466862887	
36.48	21.716274783896	71.886652002735	0.0096038386996484	93.612530625331	
36.872	21.727568922956	71.959874585311	0.0096049510359425	93.697048459303	
37.0	21.731047497559	71.988731777826	0.009605285908418	93.729384561294	
37.2	21.772757647313	72.58037169995	0.0096130576589121	94.362742404922	
37.48	21.777383354779	72.526884965217	0.0096149844829387	94.313883304478	
37.872	21.788262655657	72.596333604496	0.0096160227871288	94.39421228294	
38.0	21.791603293701	72.623962567883	0.0096163317368375	94.42518219332	
38.2	21.832882845001	73.213294021402	0.0096237379141767	95.055800604317	
38.48	21.83727428447	73.157253753647	0.0096255501229286	95.004153588239	
38.872	21.847753937607	73.223000732073	0.0096265077288378	95.08038117741	
39.0	21.850961861677	73.249422332679	0.0096267921055112	95.110010986462	
39.2	21.891786295772	73.836148992184	0.009633855592953	95.737569143549	
39.48	21.895955005308	73.777680108906	0.0096355662783609	95.683270680493	
39.872	21.906051765034	73.839835399658	0.0096364543810771	95.755523619073	
40.0	21.909132921383	73.865083794898	0.0096367175740496	95.783853433854	
