# Time [h]	Carbondioxide [NL]	Methane [NL]	Hydrogen [NL]	Sum [NL]
0.2	9.7459684563127	-9.3613307493638	0.0097153489752415	0.39435305592412	
0.48	9.7096085732673	5.4055941021543	0.0047822926967537	15.119984968118	
0.872	4.3716409545496	5.6794724407031	0.0028172949720597	10.053930690225	
1.0	2.5880697992372	5.38217823675	0.0021826944295146	7.9724307304168	
1.2	8.0248436123308	17.134980023961	0.0031041952186445	25.16292783151	
1.48	1.4413767374113	3.933803340882	0.0016123313984827	5.3767924096918	
1.872	1.841233557552	5.4444690021794	0.0011088057342615	7.2868113654657	
2.0	1.8740507581598	5.5458215293337	0.0010099637796835	7.4208822512732	
2.2	5.6843898192387	14.688950769419	0.0017154261981987	20.375056014856	
2.48	1.3574858962255	3.9893710474	8.9647070665851E-4	5.3477534143322	
2.872	1.7361447525206	5.1634609113182	6.6820882004965E-4	6.9002738726589	
3.0	1.7643892287114	5.2397044336731	6.3601161637156E-4	7.0047296740009	
3.2	5.3141323362623	13.863156337471	0.0011158375775941	19.178404511311	
3.48	1.3596950519305	3.7405329941426	5.9595810264734E-4	5.1008240041757	
3.872	1.7225287432684	4.849728050957	4.6675769650767E-4	6.5727235519219	
4.0	1.7359829239503	4.9238170815177	4.4868520249665E-4	6.6602486906705	
4.2	5.2590217358829	13.589210329785	8.0938868053925E-4	18.849041454349	
4.48	1.3120328908593	3.3805213575207	4.32764870145E-4	4.6929870132501	
4.872	1.6168575166549	4.4181103915801	3.4035554187174E-4	6.0353082637769	
5.0	1.6014279720668	4.4653143598132	3.2633680091654E-4	6.067068668681	
5.2	4.8699239004505	13.046020503386	6.1740356324257E-4	17.9165618074	
5.48	1.0803131418154	2.7443515900913	3.1130236196095E-4	3.8249760342687	
5.872	1.1953411686106	3.4906025671194	2.2871704364635E-4	4.6861724527736	
6.0	1.1116176088152	3.4402659179113	2.1324504667149E-4	4.5520967717732	
6.2	3.3726434085449	11.191621134484	4.3338032812297E-4	14.564697923357	
6.48	0.46186542393068	1.4241931553494	1.8311800010089E-4	1.8862416972802	
6.872	0.39274048075907	1.8977676322833	1.0641230631456E-4	2.2906145253487	
7.0	0.32218110462487	1.8692215546906	9.3348905953243E-5	2.1914960082214	
7.2	1.3228780726086	8.0171680083848	2.5724713426254E-4	9.3403033281277	
7.48	0.04482975087216	0.488427852369	8.3471387121062E-5	0.53334107462828	
7.872	0.062830238280548	1.1106041170843	4.6851257507058E-5	1.1734812066223	
8.0	0.057671898168188	1.1576841468426	4.324612787943E-5	1.2153992911387	
8.2	0.53964786657962	5.7455240150312	1.6247307890228E-4	6.2853343546897	
8.48	-0.0011349325413817	0.31966122444703	5.0869825846104E-5	0.3185771617315	
8.872	0.023049804218026	0.8297530184678	3.2892124046307E-5	0.85283571480988	
9.0	0.025497500354687	0.86357614167552	3.1881919857306E-5	0.88910552395007	
9.2	0.30754278857325	4.3736459612091	1.2133580453948E-4	4.6813100855869	
9.48	0.0028055681815837	0.220406153631	4.074869757475E-5	0.22325247051016	
9.872	0.018620615631943	0.60440941759798	2.9085786180622E-5	0.6230591190161	
10.0	0.020330639643157	0.62535072211361	2.8371403473982E-5	0.64570973316024	
10.2	0.21660799797941	3.5215747864468	1.0433879634345E-4	3.7382871232225	
10.48	0.0061440430591198	0.086000551088006	3.591051582488E-5	0.09218050466295	
10.872	0.017980451976524	0.41658990522986	2.5235837484964E-5	0.43459559304387	
11.0	0.018908513196192	0.44042550528411	2.3348299402038E-5	0.4593573667797	
11.2	0.17799877205492	3.0275222599658	9.2036080990661E-5	3.2056130681017	
11.48	0.0097087877391568	-0.0065999817826829	2.8154134463205E-5	0.0031369600909371	
11.872	0.020957867213696	0.31986625095063	1.7419459538837E-5	0.34084153762386	
12.0	0.021434876749493	0.35018289501742	1.5470791638413E-5	0.37163324255855	
12.2	0.16675178235294	2.7936851138922	8.0347067351908E-5	2.9605172433125	
12.48	0.01385654042183	-0.040233975790725	2.0398692150201E-5	-0.026357036676744	
12.872	0.024630637301628	0.28392038209376	1.1587139998272E-5	0.30856260653538	
13.0	0.02447780304915	0.31603443241995	1.0562646169843E-5	0.34052279811527	
13.2	0.16500246777035	2.696336368445	7.2470153129498E-5	2.8614113063685	
13.48	0.01622733822685	-0.053756067353612	1.6467893529468E-5	-0.037512261233232	
13.872	0.026343482420683	0.26647752499878	9.0227392940544E-6	0.29283003015875	
14.0	0.025687525557094	0.29872963207566	8.4840667503648E-6	0.32442564169951	
14.2	0.16400370556401	2.6528921084366	6.7488898356253E-5	2.8169633028989	
14.48	0.016789162712311	-0.064549017074736	1.459774919783E-5	-0.047745256613227	
14.872	0.026436714120277	0.25348482076505	7.8141308405641E-6	0.27992934901617	
15.0	0.025532020958368	0.28578246960775	7.4296062775558E-6	0.3113219201724	
15.2	0.16232143558202	2.6281306000099	6.4558666253572E-5	2.7905165942582	
15.48	0.016499549308729	-0.074561882662927	1.3253656907876E-5	-0.05804907969729	
15.872	0.025864188784339	0.24247250313688	6.9481123526467E-6	0.26834364003357	
16.0	0.024868469409938	0.27485013715356	6.6313378546889E-6	0.29972523790135	
16.2	0.16024903858632	2.6094133604361	6.0264173735837E-5	2.7697226631961	
16.48	0.015940339643285	-0.083665670993735	1.2348493164686E-5	-0.067712982857285	
16.872	0.025140260394161	0.23279831489062	6.2513422696053E-6	0.25794482662705	
17.0	0.024128659021239	0.2652429033177	5.9256439255472E-6	0.28937748798286	
17.2	0.15826672783138	2.5932155877471	5.7050633420928E-5	2.7515393662119	
17.48	0.015411452016283	-0.091633077524759	1.1335820108864E-5	-0.076210289688366	
17.872	0.024488862459286	0.22422874796086	5.5078708904775E-6	0.24872311829104	
18.0	0.023480670488962	0.25668653377231	5.1901631398303E-6	0.28017239442441	
18.2	0.15654230740477	2.5787692450535	5.3835138704838E-5	2.7353653875969	
18.48	0.014961589256338	-0.098878428777002	1.030457773965E-5	-0.083906534942924	
18.872	0.023936669903333	0.21633868288157	4.7354167079387E-6	0.24028008820161	
19.0	0.0229336344921	0.24876756269876	4.4278917478809E-6	0.27170562508261	
19.2	0.15510747405814	2.565980801188	5.0614751665231E-5	2.7211388899978	
19.48	0.014579197366807	-0.1058404942954	9.2450163501055E-6	-0.091252051912246	
19.872	0.023460802764261	0.20874571136449	3.9330281168881E-6	0.23221044715687	
20.0	0.022458378584056	0.24111856323716	3.6389329826595E-6	0.2635805807542	
20.2	0.1539682040713	2.5549409141836	4.8048569737903E-5	2.7089571668246	
20.48	0.014247438813746	-0.11282530164003	8.0685051959066E-6	-0.098569794321087	
20.872	0.023033849722741	0.20117750329765	3.0798577183077E-6	0.22421443287811	
21.0	0.022023752174194	0.2334759462933	2.8193651756747E-6	0.25550251783267	
21.2	0.15299820308414	2.5452876769047	4.4067154541961E-5	2.6983299471434	
21.48	0.013904229172455	-0.12037246665952	7.0592049535903E-6	-0.10646117828211	
21.872	0.022606716699967	0.19321677949316	2.2724734542748E-6	0.21582576866658	
22.0	0.02158746710712	0.22544480027131	2.0165926263252E-6	0.24703428397106	
22.2	0.15222104831205	2.5369711768235	4.075306951669E-5	2.689232978205	
22.48	0.013562324220549	-0.12854435762026	5.9487549923719E-6	-0.11497608464472	
22.872	0.02217414767843	0.18474030771845	1.4405761742007E-6	0.20691589597306	
23.0	0.021137958980011	0.21689488810844	1.208616525329E-6	0.23803405570498	
23.2	0.1515856590321	2.529817732243	3.7373486462744E-5	2.6814407647616	
23.48	0.01319344179371	-0.13759524424048	4.8522988109491E-6	-0.12439695014796	
23.872	0.021709871999295	0.17553395171518	6.3608972183084E-7	0.19724445980419	
24.0	0.013862560764438	0.19471817825667	3.3687850362068E-6	0.20858410780614	
24.2	0.17787355421314	2.592693478133	7.2994708466704E-5	2.7706400270546	
24.48	0.052100148201857	-0.0011556437682866	3.2926418346868E-5	0.050977430851917	
24.872	0.089024844818163	0.41435793742561	3.0191736859594E-5	0.50341297398064	
25.0	0.096034959382735	0.46452223237708	3.2297830510704E-5	0.56058948959033	
25.2	0.3335885917102	3.2302114642057	4.9757097012717E-5	3.5638498130129	
25.48	0.054785787791722	-0.0045443300223777	1.4556687230611E-5	0.050256014456575	
25.872	0.055649739472703	0.32344182942855	1.3709251602884E-5	0.37910527815286	
26.0	0.045988299062216	0.35330359215902	1.4703642741258E-5	0.39930659486397	
26.2	0.25270064019514	3.2372305310105	6.7619568431933E-5	3.4899987907741	
26.48	0.019517401030595	-0.12616226672922	1.977427747569E-5	-0.10662509142115	
26.872	0.028522062249348	0.25003255128803	1.2774497205893E-5	0.27856738803458	
27.0	0.025603975169847	0.28972429049012	1.1957229285918E-5	0.31534022288926	
27.2	0.2148082519961	3.1099223809633	6.497661533279E-5	3.3247956095748	
27.48	0.013739144483006	-0.14507016981519	1.6986042553564E-5	-0.13131403928963	
27.872	0.025862420457711	0.23471541238085	1.0390354228836E-5	0.26058822319279	
28.0	0.024906464102414	0.27524219727426	9.6990091492482E-6	0.30015836038582	
28.2	0.20620604177909	3.019480025394	6.0787022209885E-5	3.2257468541953	
28.48	0.015900582882798	-0.13897150668534	1.5258755841633E-5	-0.1230556650467	
28.872	0.028552970766798	0.23399822514945	8.8438332383478E-6	0.26256003974948	
29.0	0.027809332371898	0.27364671760588	8.2093095559517E-6	0.30146425928733	
29.2	0.20676515735737	2.9767980427631	5.8175358321295E-5	3.1836213754788	
29.48	0.018433013793257	-0.13367266167853	1.3697239667314E-5	-0.1152259506456	
29.872	0.031003782894452	0.23423127210247	7.5230424966679E-6	0.26524257803942	
30.0	0.030082883751781	0.27316009169087	6.9569537966405E-6	0.30324993239645	
30.2	0.20932976600125	2.9643202963607	5.6752751279587E-5	3.1737068151132	
30.48	0.019944445986209	-0.13333456988285	1.2066570081829E-5	-0.11337805732656	
30.872	0.032341729740283	0.23244357490022	6.3065809585073E-6	0.26479161122146	
31.0	0.031210284001021	0.27100155557447	5.8495036207927E-6	0.30221768907911	
31.2	0.21157118931699	2.965712694531	5.2981075065895E-5	3.1773368649231	
31.48	0.02045799497173	-0.13747107937065	1.1152805372141E-5	-0.11700193159355	
31.872	0.032704759232003	0.22815100724691	5.4434110663114E-6	0.26086120988998	
32.0	0.031412592999824	0.26659460806633	5.0065406724878E-6	0.29801220760683	
32.2	0.21297765305293	2.9711820023821	5.0458037712921E-5	3.1842101134727	
32.48	0.020341220570812	-0.14431981507132	1.0135760388691E-5	-0.12396845874012	
32.872	0.032433731337635	0.22192539927763	4.6824389188994E-6	0.25436381305418	
33.0	0.031021451336379	0.26037063217578	4.2975060413229E-6	0.2913963810182	
33.2	0.21344579865731	2.9755497582992	4.7907365705018E-5	3.1890434643222	
33.48	0.019828725149435	-0.15282191970901	9.2672629786094E-6	-0.1329839272966	
33.872	0.031762903841108	0.21423217417163	4.0744179759899E-6	0.24599915243071	
34.0	0.030265210221121	0.25272972181435	3.733341721326E-6	0.28299866537719	
34.2	0.2131189437266	2.9767457194865	4.6337861208156E-5	3.1899110010744	
34.48	0.019117005241157	-0.16207166114448	8.2881057192502E-6	-0.1429463677976	
34.872	0.030876199779123	0.2056196931805	3.518016746456E-6	0.23649941097637	
35.0	0.029314225523548	0.24417420281554	3.2500563844597E-6	0.27349167839547	
35.2	0.21202813577649	2.9738680333899	4.3066775848302E-5	3.1859392359423	
35.48	0.018258753627975	-0.17186645691833	7.8926771007241E-6	-0.15359981061325	
35.872	0.029853426701718	0.19629082267503	3.2057250631504E-6	0.22614745510181	
36.0	0.028252641741446	0.23490918316817	2.9300035969645E-6	0.26316475491321	
36.2	0.21050009491514	2.9675588237215	4.1665838444874E-5	3.178100584475	
36.48	0.017404485133467	-0.18146961891787	7.1425130057819E-6	-0.1640579912714	
36.872	0.02881157923469	0.18679230248804	2.8375925870416E-6	0.21560671931532	
37.0	0.027176364083477	0.22544681653004	2.6161912144178E-6	0.25262579680473	
37.2	0.20855074876886	2.9581996106204	3.8858752470523E-5	3.1667892181418	
37.48	0.01652038380683	-0.19102405261943	6.8815143805709E-6	-0.17449678729822	
37.872	0.027753318567647	0.17716489612045	2.648735178898E-6	0.20492086342327	
38.0	0.026098734714626	0.21585127646063	2.4136695994747E-6	0.24195242484486	
38.2	0.2063977565002	2.9466572675947	3.7030886696054E-5	3.1530920549816	
38.48	0.015683712387649	-0.20014381341156	6.4721741137296E-6	-0.1844536288498	
38.872	0.026733809025127	0.16772188374122	2.4428722173928E-6	0.19445813563857	
39.0	0.025061906795161	0.20641875473261	2.2216927609009E-6	0.23148288322053	
39.2	0.20412217047344	2.9336332975271	3.5317437209166E-5	3.1377907854377	
39.48	0.014888248345647	-0.20881744027978	6.109590742472E-6	-0.19392308234339	
39.872	0.025757040115671	0.15855941518441	2.2655681535787E-6	0.18431872086823	
40.0	0.024071533974214	0.19725308780784	2.0561950975029E-6	0.22132667797715	
