Hions_Offset = 0.1155758345125# Time [h]	Butyric -	Propionic -	Carbondioxide -	Valeric -	Acetic -	Nitrogen -	Water -	Hions -
0.2	1.0659217909139e-05	3.8192370933357e-05	0.012343322449832	2.6203625294602e-06	0.019984082086916	-0.12271328927798	2.2965290190986e-07	0.014393488289533
0.48	1.1487446851242e-06	9.0411392778849e-06	0.0044434749463992	2.8276129024444e-07	0.010994438121368	-0.099987747783619	1.3111930393532e-08	0.0082321722597495
0.872	3.5036381632662e-08	7.3597926316958e-07	0.00021943745123183	8.2593145538903e-09	0.0035237043066294	-0.076094474644639	3.1277305633848e-10	0.039059001487951
1	9.5525411611039e-10	2.9030716497142e-08	5.204729481193e-06	2.2421831617524e-10	0.00021548879204298	-0.069679935621849	7.7254695198635e-12	0.045394194084485
1.2	8.165190641984e-10	5.7550740530694e-09	1.2070173447787e-07	2.6554593068609e-10	4.564619010295e-06	-0.060772966804056	2.0265773653883e-13	0.058418430089939
1.48	1.1150954721174e-10	1.5766362633232e-09	9.1103204232516e-08	3.2996830778378e-11	3.087507504606e-06	-0.050228622460738	1.7470502868744e-13	0.065350271295187
1.872	4.868507179556e-12	1.6513567215219e-10	6.0615988598605e-08	1.2616059506764e-12	1.4662019917383e-06	-0.038516900808622	1.37059998233e-13	0.077060814108471
2	1.7254988254842e-12	7.6341820340446e-11	5.4821440837187e-08	4.3066736777696e-13	1.1318080604734e-06	-0.035297666247714	1.2994471908386e-13	0.080279372537561
2.2	1.9394575049312e-10	1.1339693832061e-09	5.0762602074213e-08	6.4243601627971e-11	8.505335280145e-07	-0.030805214016423	1.2142578723395e-13	0.08477153715753
2.48	2.4505393294002e-11	2.7059326513927e-10	4.0769019727829e-08	7.447070083373e-12	4.6377125225672e-07	-0.025475673306581	1.1295609136855e-13	0.090100686450583
2.872	1.415418892905e-12	3.620516927459e-11	3.0532977178823e-08	3.7766596138904e-13	2.0327383667061e-07	-0.019558243304432	1.0510912205389e-13	0.096017840481808
3	5.3179608396932e-13	1.7720498140581e-11	2.8002889026104e-08	1.3667542701276e-13	1.5476142339366e-07	-0.017932301061681	1.0318307449912e-13	0.097643717371934
3.2	5.1642618146989e-11	2.5059886799707e-10	2.535984716934e-08	1.712522479738e-11	1.3736096324605e-07	-0.015663121219327	1.0063674576607e-13	0.099912876850648
3.48	6.9977303044775e-12	6.2681694731423e-11	2.1113934015831e-08	2.1389070025524e-12	8.1346651310522e-08	-0.012969187663387	9.7808480676273e-14	0.10260675076012
3.872	4.3491806072834e-13	8.9321319801655e-12	1.7354616219983e-08	1.1693806493094e-13	3.6088522481402e-08	-0.0099743606645209	9.4885758851916e-14	0.10560152856069
4	1.667217593299e-13	4.4596293154284e-12	1.6430510464911e-08	4.3183970457608e-14	2.6375023328017e-08	-0.0091510040708165	9.4119561549585e-14	0.10642487336371
4.2	1.182079987419e-11	5.2661128833429e-11	1.5049342114633e-08	3.8775460076123e-12	2.1898297299616e-08	-0.0080017284143885	9.3075247139809e-14	0.10757414319006
4.48	1.6513083998868e-12	1.3459989983982e-11	1.3123003096775e-08	5.0050770867185e-13	1.1977195567807e-08	-0.006637362758027	9.1871992702191e-14	0.10893849700347
4.872	1.068167208872e-13	1.983925068514e-12	1.130715322957e-08	2.8524277037394e-14	8.0426445658889e-09	-0.0051204362648174	9.0578365808403e-14	0.11045541766929
5	4.1485659164687e-14	1.0023422638861e-12	1.0832830089747e-08	1.0674739191762e-14	7.6334590133582e-09	-0.0047032882890462	9.0230446232213e-14	0.11087256470178
5.2	2.1777035058039e-12	9.3802826324373e-12	9.995649060784e-09	6.9929924087333e-13	7.8567428506943e-09	-0.0041209013013294	8.9750179975141e-14	0.11145495108508
5.48	3.1207989757399e-13	2.4424982230369e-12	8.9655184547748e-09	9.2720974752706e-14	7.357741950686e-09	-0.0034292106732309	8.9187892235855e-14	0.11214664017684
5.872	2.0982022907769e-14	3.707383851553e-13	8.0101894622771e-09	5.5024634978347e-15	7.226387799198e-09	-0.0026597094889506	8.8572451476762e-14	0.11291614026885
6	8.2676403974892e-15	1.8949913219242e-13	7.7599564143078e-09	2.0900446358419e-15	7.2217111994694e-09	-0.0024480485049036	8.8404995159064e-14	0.11312780099339
6.2	3.2979786461662e-13	1.4030324640922e-12	7.3079410069513e-09	1.0226378514111e-13	7.2613307969101e-09	-0.0021525388679455	8.8172501278017e-14	0.11342331021942
6.48	4.884892297016e-14	3.7362310394033e-13	6.7544113449743e-09	1.4032881544959e-14	7.2830705358049e-09	-0.0018015423234175	8.7898300584364e-14	0.11377430623048
6.872	3.466651424182e-15	5.8883156551409e-14	6.2430615355463e-09	8.8164684596539e-16	7.3694658996513e-09	-0.001411025970181	8.759568191453e-14	0.11416482215771
7	1.3953795027818e-15	3.0586848001359e-14	6.1087999417011e-09	3.4233842313729e-16	7.4036100354676e-09	-0.0013036061675754	8.7512889228102e-14	0.11427224185918
7.2	1.2512647398085e-13	5.1309741615474e-13	5.8629585956686e-09	3.6898711546615e-14	7.4727777790416e-09	-0.0011536318867829	8.7397619737642e-14	0.11442221596382
7.48	1.9495971098178e-14	1.4159044453839e-13	5.5530738004959e-09	5.337035362674e-15	7.5823894227381e-09	-0.00097549531113529	8.7261189295932e-14	0.1146003523385
7.872	1.5055041927632e-15	2.3649822615411e-14	5.2741761843982e-09	3.6670236671977e-16	7.7761672673847e-09	-0.00077729814159685	8.711000927162e-14	0.11479854942248
8	6.2624409943821e-16	1.2592212552921e-14	5.2017132181383e-09	1.4732228143749e-16	7.8437891847562e-09	-0.00072277890536322	8.7068536228571e-14	0.11485306865361
8.2	1.675502227868e-16	4.8336425363021e-15	5.0668367294513e-09	3.7435205323419e-17	7.9640595072802e-09	-0.00064666188580707	8.7010714844338e-14	0.11492918565848
8.48	2.819309720029e-17	1.3195293958584e-15	4.8857963881509e-09	5.8662518344205e-18	8.1563002092061e-09	-0.00055625038863139	8.6942157429011e-14	0.11501959716675
8.872	2.4680825543007e-18	2.2939146560155e-16	4.7324915534138e-09	4.6048875817185e-19	8.4666469338002e-09	-0.00045565445693508	8.6866033233603e-14	0.11512019325533
9	1.0755498115657e-18	1.2542692787255e-16	4.6938371920886e-09	1.9414608982041e-19	8.5707627285225e-09	-0.00042798199342891	8.6845121314523e-14	0.11514786578426
9.2	2.2704984916525e-13	8.9213325327829e-13	4.6201031997959e-09	5.871151622334e-14	8.7535859715482e-09	-0.00038934533401801	8.6815944507601e-14	0.11518650255389
9.48	4.2319825041827e-14	2.7788993691366e-13	4.5094239975704e-09	1.0235186189898e-14	9.0196475148016e-09	-0.00034345153375189	8.6781318708631e-14	0.11523239650864
9.872	4.341818276885e-15	5.6082386179502e-14	4.4256797519358e-09	9.508707353071e-16	9.4253675515273e-09	-0.00029238624375492	8.6742830935797e-14	0.11528346212026
10	1.9991747540928e-15	3.2199097811056e-14	4.4058984815641e-09	4.2445538754322e-16	9.5571876448534e-09	-0.00027833794204358	8.6732250113832e-14	0.115297510534
10.2	4.2077639682688e-13	1.6500333941695e-12	4.3664680155998e-09	1.0164935815789e-13	9.7844846293226e-09	-0.00025872109201408	8.6717480486335e-14	0.115317127574
10.48	8.7859619342546e-14	5.5455472322057e-13	4.2951764259358e-09	1.9947653670241e-14	1.008741586271e-08	-0.00023541746769805	8.6699943104505e-14	0.11534043142842
10.872	1.0625108566869e-14	1.2473088567308e-13	4.2508738995256e-09	2.2061880666192e-15	1.0521877484947e-08	-0.0002094851944086	8.6680437659842e-14	0.11536636409131
11	5.159528002293e-15	7.4472916098621e-14	4.2418595287584e-09	1.0406958290898e-15	1.0658335822232e-08	-0.00020234995714654	8.6675072635889e-14	0.11537349945597
11.2	5.9347011123096e-13	2.3503273961134e-12	4.2221207901602e-09	1.3531821360657e-13	1.0890154430909e-08	-0.00019238330594654	8.6667579993242e-14	0.11538346632223
11.48	1.3713194628844e-13	8.4514682883637e-13	4.1734337269024e-09	2.9513353151886e-14	1.1171752167284e-08	-0.00018054064041237	8.6658679108547e-14	0.1153953092186
11.872	1.9019321685169e-14	2.0804637619848e-13	4.1519878182054e-09	3.7734693669525e-15	1.1553146920222e-08	-0.00016735893877808	8.6648774380315e-14	0.11540849127938
12	9.6290361905347e-15	1.2806755910043e-13	4.1492230414002e-09	1.8587629229909e-15	1.1669253003305e-08	-0.00016373087663288	8.6646048732917e-14	0.11541211945478
12.2	7.0258535835524e-13	2.8518513024047e-12	4.1409686937736e-09	1.5254810753823e-13	1.1867382003979e-08	-0.00015865983531311	8.6642239346222e-14	0.11541719068953
12.48	1.7489995164155e-13	1.0768258999119e-12	4.1053702316227e-09	3.5957669311483e-14	1.2083440898443e-08	-0.00015263125294431	8.663771122772e-14	0.11542321944994
12.872	2.6687540788507e-14	2.8213102853574e-13	4.0971430320631e-09	5.085159307991e-15	1.236445215236e-08	-0.00014591817560051	8.6632669610841e-14	0.11542993279908
13	1.3892182811314e-14	1.7719779908623e-13	4.0979721311029e-09	2.5782505080809e-15	1.2448002902777e-08	-0.00014406952591126	8.6631281368189e-14	0.11543178153303
13.2	7.1417964951601e-13	2.9894308765766e-12	4.0963147265312e-09	1.4777459571297e-13	1.2594968254273e-08	-0.00014148267972177	8.6629338843951e-14	0.11543436852819
13.48	1.8643668835948e-13	1.1632182758422e-12	4.0681120225268e-09	3.660072835708e-14	1.2736111499082e-08	-0.00013840466490118	8.6627027680903e-14	0.11543744665348
13.872	3.0170950707385e-14	3.164348431283e-13	4.0672620404485e-09	5.5073104557685e-15	1.2916648924363e-08	-0.00013497474080653	8.6624452421338e-14	0.11544087675622
14	1.5969720353906e-14	2.0110113550326e-13	4.0700758064545e-09	2.8410934808767e-15	1.2969626804243e-08	-0.00013402936203698	8.6623742639235e-14	0.11544182219065
14.2	6.7510327823236e-13	2.9008937225814e-12	4.0720478449177e-09	1.3301129046737e-13	1.3069611030145e-08	-0.00013270389654836	8.6622747493265e-14	0.11544314776158
14.48	1.812079058045e-13	1.1477707242009e-12	4.0478393656264e-09	3.3913359949582e-14	1.3150114714562e-08	-0.00013112437749772	8.6621561698475e-14	0.11544472733458
14.872	3.0333066874749e-14	3.1881977125063e-13	4.0508987701529e-09	5.2880000168295e-15	1.3254905374055e-08	-0.00012936211064739	8.6620238722787e-14	0.11544648970827
15	1.6208746666548e-14	2.0393899999048e-13	4.0547514337353e-09	2.7549984221441e-15	1.3285667666721e-08	-0.00012887561006646	8.6619873500219e-14	0.11544697624334
15.2	6.7367673832303e-13	2.9394959638113e-12	4.0586410627807e-09	1.2677623436338e-13	1.3354467191518e-08	-0.0001281908877499	8.661935945399e-14	0.11544766104186
15.48	1.836887566518e-13	1.17346492181e-12	4.0365193997859e-09	3.2857134694534e-14	1.3392886506985e-08	-0.00012737268617203	8.6618745269106e-14	0.11544847925738
15.872	3.1337539894412e-14	3.2966619301897e-13	4.041559667559e-09	5.2267202293825e-15	1.3448351909391e-08	-0.0001264580884326	8.6618058705489e-14	0.1154493939146
16	1.6835437127147e-14	2.1162720408221e-13	4.0459288779435e-09	2.7382643749964e-15	1.3465083745702e-08	-0.00012620489846316	8.6617868641656e-14	0.11544964712554
16.2	6.5371362446774e-15	1.0695908579882e-13	4.050468164182e-09	1.0242802460472e-15	1.3489360748146e-08	-0.00012584947579912	8.6617601836342e-14	0.1154500025769
16.48	1.7990760355418e-15	4.1827609536481e-14	4.029039272708e-09	2.6805917408389e-16	1.3519227706035e-08	-0.00012542318795422	8.6617281856824e-14	0.11545042887311
16.872	3.1040127581162e-16	1.1581300534354e-14	4.0348707804783e-09	4.3150142166569e-17	1.3553414952064e-08	-0.00012494078586702	8.661691973757e-14	0.11545091131519
17	1.6730607488993e-16	7.4122773863977e-15	4.0394775520767e-09	2.2683640743735e-17	1.3562947576679e-08	-0.00012480604117842	8.6616818588787e-14	0.11545104607401
17.2	5.3001563617221e-13	2.2837109276816e-12	4.0447392854346e-09	9.2619443190712e-14	1.3594659064727e-08	-0.00012461300911608	8.6616673670021e-14	0.11545123914594
17.48	1.4656576374605e-13	9.1887091722617e-13	4.0241587113065e-09	2.4359268414313e-14	1.3597970972125e-08	-0.00012437895322559	8.6616498005277e-14	0.11545147318275
17.872	2.5436954346288e-14	2.6078572068805e-13	4.03065396167e-09	3.9454761105104e-15	1.3610632929158e-08	-0.00012411379219546	8.6616298967755e-14	0.11545173836214
18	1.3733905819571e-14	1.6796049726718e-13	4.0354038930502e-09	2.0777768679851e-15	1.3615097473102e-08	-0.0001240392469192	8.6616243009167e-14	0.11545181291652
18.2	4.4074201661731e-13	1.958063471848e-12	4.0408301096812e-09	7.4889302117793e-14	1.3634887952097e-08	-0.00012393107793541	8.6616161798794e-14	0.11545192111301
18.48	1.2228519243813e-13	7.8826215676782e-13	4.0204368150733e-09	1.9764610455702e-14	1.3633794762926e-08	-0.00012379822429844	8.6616062099688e-14	0.11545205394362
18.872	2.131177573517e-14	2.2404162770515e-13	4.0270850803078e-09	3.2153336888165e-15	1.3639803995285e-08	-0.0001236453131896	8.6615947321109e-14	0.1154522068667
19	1.1521589715516e-14	1.4438218978897e-13	4.0318730013053e-09	1.6955508752997e-15	1.3642225394331e-08	-0.00012360160872457	8.6615914512828e-14	0.11545225057828
19.2	3.9243270769404e-13	1.7385233806822e-12	4.0373418746262e-09	6.5442612353334e-14	1.3656261348569e-08	-0.00012353675681061	8.6615865820342e-14	0.11545231545174
19.48	1.0913635733199e-13	7.0070644905682e-13	4.0170368038901e-09	1.7313540589741e-14	1.3653081024157e-08	-0.00012345539656706	8.661580477287e-14	0.11545239678713
19.872	1.9077491021854e-14	1.9950107483734e-13	4.0237488166429e-09	2.8254803412535e-15	1.3655646167441e-08	-0.00012335947876337	8.6615732774925e-14	0.11545249271361
20	1.0323810258943e-14	1.2864776406109e-13	4.028551613388e-09	1.4914868472533e-15	1.3656993147655e-08	-0.00012333142130953	8.661571171177e-14	0.11545252077713
