# Time [h]	AA [g/L]	MO_AcidoLCFA [g/L]	MO_ButyricValeric [g/L]	MO_hydroM [g/L]	MO_acetoM [g/L]	MO_AcidoMS [g/L]	MO_AcidoAA [g/L]	MO_Propionic [g/L]	Nitrogen [g/L]	SUM [g/L]
0.2	2.0467676828445e-05	0.1560210480676	0.22291411135629	0.36376356034871	0.2117456219468	0.79769416330628	0.11613688008481	0.12905610187131	2.1245696747484	4.121921629407
0.48	1.8317145346392e-06	0.1559952833411	0.22287729345569	0.36374729380342	0.21253123827503	0.79750934753981	0.11611130656016	0.12904337768812	1.7046057039672	3.702422676345
0.872	5.5110858612678e-08	0.15595676551592	0.22280719568214	0.36365689915151	0.21360905537734	0.79724992487787	0.11607367018654	0.12900712311117	1.2959231664613	3.2942838554746
1	1.7489890039177e-08	0.15594366326632	0.22278363013328	0.363622754067	0.21395447252117	0.7971652304111	0.11606134211246	0.12899394145952	1.1866500908027	3.1851751422635
1.2	3.0573898134085e-09	0.15592266262395	0.22275016365618	0.36358318374847	0.2144851440987	0.79703291322574	0.1160420787946	0.12897767553419	1.0349636384996	3.0337574632389
1.48	2.7528694570371e-10	0.155892330205	0.22270124127822	0.36352357180762	0.21520086238875	0.79684770594193	0.11601511419071	0.12895420936759	0.85539345026721	2.8545284857223
1.872	8.3555179869921e-12	0.15584843321537	0.22262922792334	0.36341736463654	0.21610673740339	0.79658848799278	0.11597737398968	0.12891441756861	0.65594282636469	2.6554248691028
2	2.6590878460888e-12	0.15583380229802	0.22260559501515	0.36338095978957	0.21637261322692	0.79650386368902	0.11596505331616	0.12890091715098	0.60111926100477	2.6006820654933
2.2	4.6795802190903e-13	0.15581065271344	0.22257023152363	0.36333010529204	0.21673764222214	0.7963716562668	0.11594580489265	0.12888170772031	0.52461279856292	2.5242605991944
2.48	4.2587640050076e-14	0.15577772909213	0.22251978870749	0.36325624874024	0.21711157464598	0.79618660229971	0.11591886240479	0.12885425227639	0.43385071933681	2.4334757775036
2.872	1.3114759510583e-15	0.15573083476258	0.22244759391746	0.36314353451971	0.21736979614981	0.79592759857707	0.11588115338321	0.12881308979965	0.33307688553164	2.3323904866411
3	4.1931372584806e-16	0.1557153575416	0.22242397021678	0.36310605935994	0.21741577810039	0.79584304421886	0.11586884289607	0.12879947040312	0.3053870889244	2.3045596116612
3.2	7.4540998287979e-17	0.15569101826333	0.22238762307585	0.36304941334617	0.21746544877062	0.79571094613755	0.11584961039597	0.12877878859078	0.26674295592729	2.2656758045075
3.48	6.8957793425086e-18	0.15565666352239	0.2223364041004	0.36296903129264	0.21750877158332	0.7955260457332	0.11582269026975	0.12874962020377	0.22086526715657	2.2194344938621
3.872	2.1766881916897e-19	0.15560812507463	0.22226414540175	0.36285341629277	0.21752912645097	0.79526725730582	0.11578501259574	0.12870795723277	0.16986336304238	2.1678784033968
4	7.0187165093751e-20	0.15559218549507	0.22224053614641	0.3628154323103	0.21752926074395	0.79518277312181	0.1157727123256	0.12869430270696	0.15584160016679	2.1536688030169
4.2	1.2684814500017e-20	0.1555671961615	0.22220379479313	0.36275650541753	0.2175254575428	0.79505078447449	0.1157534957581	0.12867311111329	0.13626943562223	2.1337997808831
4.48	1.2057092838571e-21	0.15553206063847	0.22215227859429	0.36267366857998	0.21750954101191	0.79486603677888	0.11572659786443	0.12864339160938	0.11303428836121	2.1101378634386
4.872	3.987447365936e-23	0.15548263049733	0.22208002881206	0.36255685099428	0.21747164082337	0.79460746154241	0.11568895122819	0.12860159532931	0.087201030038673	2.0836901892656
5	1.307235373275e-23	0.15546644130209	0.22205643704089	0.36251863150134	0.21745785915886	0.7945230469799	0.11567666109407	0.12858793790913	0.08009699997278	2.0763840149591
5.2	2.4329322733068e-24	0.15544110123822	0.22201960715375	0.36245896975692	0.21743632705797	0.79439116718968	0.11565746037489	0.12856662643976	0.070178949518804	2.06615020873
5.48	2.4278738852838e-25	0.15540554545926	0.22196803861607	0.36237534204921	0.21740555248594	0.79420657222975	0.11563058471803	0.12853678505881	0.058399458060052	2.0539278786771
5.872	8.8342166453191e-27	0.15535563952079	0.22189583438494	0.36225804893402	0.21736148640378	0.79394821130487	0.11559296928382	0.12849498107686	0.04529485282364	2.0402020237327
6	2.9984176715372e-27	0.15533931810746	0.22187226158153	0.36221972501743	0.21734702999192	0.79386386675359	0.11558068934281	0.12848133136116	0.041690266246785	2.0363944884027
6.2	5.9205459647345e-28	0.15531379287457	0.22183543817145	0.36215984210183	0.21732444043754	0.79373209633206	0.11556150454687	0.12846001021044	0.036657737103654	2.0310448617784
6.48	6.5243626064346e-29	0.15527801661003	0.22178389312248	0.36207597453256	0.21729276004197	0.79354765448523	0.11553465118213	0.1284301647755	0.030680265919993	2.0246233806699
6.872	2.9227955193152e-30	0.15522786480258	0.22171174583116	0.36195850546371	0.21724830174239	0.79328950790046	0.11549706695426	0.12838838709251	0.02402977239088	2.017351152178
7	1.0700119685625e-30	0.15521147602021	0.22168819245787	0.36192014136191	0.2172337734352	0.79320523332486	0.11548479720118	0.12837474797615	0.022200413143343	2.0153187749207
7.2	2.3961706593644e-31	0.15518585731715	0.22165139686202	0.3618601981538	0.21721105642382	0.79307357222431	0.11546562832158	0.12835344126305	0.019646351128689	2.0124475016944
7.48	3.2478321160787e-32	0.15514997160581	0.22159989239552	0.36177626930384	0.21717921378026	0.79288928339777	0.11543879723546	0.12832361729936	0.01661268523031	2.0089697302483
7.872	2.189227923455e-33	0.1550997017796	0.22152780462441	0.3616587568857	0.21713455966898	0.79263135098425	0.11540124418934	0.12828187331806	0.013237387416337	2.0049726788667
8	9.2217314820108e-34	0.15508328169688	0.22150427077753	0.36162038557621	0.21711997083875	0.79254714632704	0.11538898461587	0.12826824543403	0.012308924818688	2.003841210085
8.2	2.5832285271492e-34	0.1550576207152	0.22146750413581	0.36156043143632	0.21709714987482	0.79241559445839	0.11536983163963	0.1282469547168	0.011012651969247	2.0022277389462
8.48	4.8765044375923e-35	0.15502168783814	0.22141604108406	0.36147649958806	0.21706515830136	0.79223145852656	0.11534302281384	0.12821715361388	0.0094729441647566	2.0002439659307
8.872	5.5566379259045e-36	0.15497137172675	0.2213440129003	0.36135900687876	0.21702029752914	0.79197374010686	0.11530550092365	0.1281754436852	0.0077597954395427	1.9979091691902
9	2.7574872376424e-36	0.1549549405815	0.22132049856775	0.36132064591802	0.21700564442262	0.79188960531007	0.11529325152134	0.12816182705394	0.0072885333837181	1.997234946759
9.2	9.7646347756985e-37	0.15492926595669	0.22128376489428	0.36126072014301	0.21698273095655	0.79175816258461	0.11527411443554	0.12814055655591	0.0066305510707211	1.9962598665973
9.48	2.5218291365718e-37	0.15489332061295	0.22123234679518	0.36117683171022	0.21695061346385	0.7915741794225	0.1152473278519	0.12811078332311	0.0058489796483567	1.9950343828281
9.872	4.403876135391e-38	0.1548429980843	0.2211603788252	0.36105939820848	0.21690558790291	0.79131667481976	0.11520983709188	0.12806910910342	0.0049793377554483	1.9935433217914
10	2.4898799200397e-38	0.15482656709789	0.22113688402854	0.36102105776769	0.21689088714506	0.7912326098256	0.11519759785232	0.12805550388594	0.004740095176133	1.9931012027792
10.2	1.0593787415205e-38	0.1548008947614	0.22110018251785	0.36096117165677	0.2168679157564	0.79110127615278	0.11517847664378	0.12803425291159	0.0044060202184959	1.9924501906191
10.48	3.4552310878961e-39	0.15476495630086	0.22104880883663	0.36087734110156	0.21683573872003	0.79091744563393	0.11515171228387	0.12800450685151	0.004009159494453	1.9916096692228
10.872	8.0728305983101e-40	0.15471464940894	0.22097690103462	0.36075998564921	0.2167906687607	0.79066015467149	0.1151142526283	0.12796286824893	0.0035675328781748	1.9905470132804
11	4.9906226781713e-40	0.15469822474705	0.22095342576598	0.36072167108138	0.21677596195335	0.79057615942239	0.1151020235431	0.12794927444866	0.003446019787008	1.9902227607489
11.2	2.4046462569319e-40	0.15467256338481	0.22091675589676	0.36066183057519	0.21675300203209	0.79044493471204	0.11508291819868	0.12792804255717	0.0032762877162427	1.989736335073
11.48	9.1461667050094e-41	0.15463664224141	0.22086542626685	0.36057806558198	0.21672086955513	0.79026125671036	0.11505617604415	0.12789832326724	0.0030746071212106	1.9890913667883
11.872	2.5645215037617e-41	0.15458636273899	0.22079357859324	0.36046079827769	0.21667590227432	0.79000417921188	0.11501874746734	0.12785672024715	0.0028501227412824	1.9882464115519
12	1.6753810332589e-41	0.15456994765841	0.22077012284498	0.3604225124317	0.21666123439263	0.7899202536503	0.11500652852813	0.12784313787106	0.002788336842648	1.9879820742199
12.2	8.7111322628577e-42	0.15454430183277	0.22073348394515	0.36036271939805	0.21663835029132	0.78978913781224	0.11498743903471	0.12782192447613	0.0027019770085507	1.9875793337989
12.48	3.6332132464626e-42	0.1545084034487	0.2206821976953	0.36027902213938	0.21660634139703	0.78960561220152	0.11496071906717	0.12779223120295	0.0025993102503089	1.9870338374024
12.872	1.132569437542e-42	0.15445815742673	0.22061040996758	0.36016184740337	0.21656156251707	0.78934874799048	0.11492332154343	0.12775066348302	0.0024849865425859	1.9862996968743
13	7.6363036624877e-43	0.15444175360888	0.22058697371683	0.3601235916452	0.21654695582478	0.78926489205878	0.11491111274181	0.12773709249767	0.0024535040382243	1.9860658761322
13.2	4.1467434108123e-43	0.15441612567443	0.22055036502419	0.36006384540491	0.21652417102353	0.78913388500263	0.11489203908623	0.12771589680042	0.0024094500474023	1.9857057780637
13.48	1.8215013104823e-43	0.15438025286301	0.22049912127034	0.35998021454064	0.2164923027487	0.78895051165625	0.11486534128724	0.12768622839577	0.0023570314547519	1.9852110042167
13.872	6.0200219564923e-44	0.15433004349174	0.22042739317785	0.35986313341073	0.21644771388052	0.78869386055568	0.1148279747908	0.12764469541456	0.0022986198471349	1.984533434569
14	4.129651114373e-44	0.15431365181771	0.22040397638493	0.35982490827016	0.2164331653793	0.78861007419608	0.11481577611836	0.12763113573804	0.0022825200466111	1.9843152079512
14.2	2.2965721237894e-44	0.15428804301638	0.22036739757984	0.35976520849553	0.21641046834793	0.78847917583139	0.11479671828745	0.12760995729806	0.0022599473692296	1.9839769162258
14.48	1.0376166036864e-44	0.15425219727848	0.22031619589408	0.35968164326141	0.21637871608123	0.78829595462271	0.11477004263858	0.1275803131101	0.002233048159666	1.9835081110463
14.872	3.5391194534156e-45	0.15420202628239	0.22024452723157	0.35956465610303	0.21633427457729	0.7880395164555	0.11473270714366	0.12753881448826	0.0022030367550584	1.9828595590367
15	2.4504310733961e-45	0.15418564723905	0.22022112986326	0.35952646182483	0.2163197698456	0.78795579961018	0.11472051859198	0.12752526605733	0.0021947516501249	1.9826493446823
15.2	1.3799263619227e-45	0.15416005826466	0.22018458127756	0.35946681023888	0.21629713865509	0.78782500984677	0.11470147657261	0.12750410518269	0.0021830908290169	1.9823222708673
15.48	6.3292202136434e-46	0.15412424045266	0.22013342198135	0.35938331282505	0.21626547073262	0.78764194064955	0.11467482305548	0.12747448563543	0.0021691568560778	1.9818668521882
15.872	2.1957544951354e-46	0.15407410883498	0.22006181278011	0.35926642096415	0.2162211308509	0.78738571523886	0.11463751853632	0.12743302150878	0.0021535812564993	1.9812333099706
16	1.5279680663131e-46	0.15405774271074	0.22003843482554	0.35922825783354	0.21620665568069	0.78730206785004	0.11462534009699	0.12741948433197	0.0021492694312987	1.9810272527608
16.2	8.7448139285663e-47	0.15403217398344	0.22000191160332	0.35916863475371	0.21618404252358	0.78717138659486	0.11460631387561	0.12739833497577	0.0021432165833006	1.9807060148936
16.48	4.0595135227293e-47	0.15399638462939	0.21995078916796	0.35908517766186	0.21615239371165	0.78698846927924	0.11457968247131	0.12736873137239	0.0021359569012665	1.9802575851951
16.872	1.4219472457436e-47	0.15394629303118	0.21987923765868	0.35896836904849	0.21610810374647	0.78673245644676	0.11454240890197	0.12732729758498	0.0021277415936813	1.9796319080122
17	9.9234011495196e-48	0.15392994001334	0.21985587893771	0.35893023551909	0.21609364587282	0.78664887845653	0.11453024056656	0.12731377107614	0.0021254468916235	1.9794280373338
17.2	5.6526287763884e-48	0.15390439179751	0.21981938973969	0.35887067580196	0.21607107936493	0.78651830562428	0.11451123013076	0.1272926435739	0.0021221595555858	1.9791098755886
17.48	2.6273155213555e-48	0.15386863122218	0.2197683140221	0.3587873084603	0.21603949326635	0.78633554007032	0.11448462082183	0.12726307111432	0.0021181735837512	1.9786651525612
17.872	9.2513213574861e-49	0.15381858003252	0.21969682322096	0.35867060531444	0.21599525867044	0.78607973964225	0.11444737817699	0.12722167483139	0.002113657891386	1.9780437177804
18	6.4667558960689e-49	0.1538022402354	0.21967348400784	0.35863250440798	0.21598081502909	0.78599623099338	0.11443521993717	0.12720815998187	0.0021123883853252	1.9778410429781
18.2	3.6943695094937e-49	0.15377671270205	0.21963702446783	0.35857299189664	0.21595826394399	0.78586576649168	0.11441622527349	0.12718704952897	0.0021105462675222	1.9775245805722
18.48	1.7224306913394e-49	0.15374098112939	0.21958599037176	0.35848968983747	0.21592669585664	0.78568315257021	0.11438963804113	0.12715750060713	0.0021082837700737	1.9770819321838
18.872	6.0856345957352e-50	0.15369097062391	0.21951455864997	0.35837308131942	0.21588248818603	0.78542756436881	0.11435242629492	0.12711613819559	0.0021056796938774	1.9764629073325
19	4.2584961678068e-50	0.1536746441291	0.21949123877785	0.35833501160622	0.21586805318226	0.78534412500352	0.11434027814228	0.12710263449232	0.0021049354068342	1.9762609207404
19.2	2.4372329445658e-50	0.15364913739762	0.2194548091168	0.35827554650779	0.21584551300876	0.7852137687425	0.11432129923764	0.12708154105386	0.0021038309787342	1.9759454460437
19.48	1.1386481879801e-50	0.15361343497956	0.21940381695532	0.35819231100415	0.21581395923606	0.78503130632783	0.11429473406354	0.1270520159803	0.0021024454137797	1.9755040239605
19.872	4.0326369243918e-51	0.15356346534501	0.21933244437071	0.3580757977378	0.21576977305306	0.78477593017705	0.11425755319033	0.12701068756923	0.0021008119335748	1.9748864633768
20	2.8241015664723e-51	0.15354715220775	0.21930914383364	0.35803775931677	0.21575534502374	0.78469256003786	0.11424541511649	0.1269971950249	0.0021003341151337	1.9746849046763
