# Time [h]	MS [1]	AA [1]	Butyric [1]	MO_AcidoLCFA [1]	MO_ButyricValeric [1]	Propionic [1]	Carbondioxide [1]	Carbondioxide_gas [1]	MO_hydroM [1]	Valeric [1]	MO_acetoM [1]	LCFA [1]	MO_AcidoMS [1]	Methane [1]	Methane_gas [1]	MO_AcidoAA [1]	MO_Propionic [1]	Hydrogen [1]	Hydrogen_gas [1]	Acetic [1]	Phi [1]
0.2	6.0309282341317e-08	1.8149367238015e-07	1.1133985913821e-06	0.015450038145464	0.022074146811028	3.2889600209337e-06	0.71342505169411	0.57885913022956	0.036021812070745	3.1530915904579e-07	0.020968183151614	2.7206454395524e-06	0.078991939897375	0.060695693594881	0.93893379774736	0.011500494642108	0.012779825023421	1.2578033366667e-08	3.8762272728943e-06	0.0014540708881373	0.90939595953513
0.48	-1.2730732000574e-09	1.6242663621301e-08	1.6570583617859e-07	0.015446746977469	0.022069443866191	9.6087924665086e-07	0.63457321476464	1.0645711394554	0.036018475977709	4.6881167906766e-08	0.02104497048969	2.3177027361509e-06	0.078969856293944	0.061507677972558	0.58123592562388	0.011497411560251	0.012777952957476	3.8724804084202e-09	1.0700520917607e-06	0.0012525322826408	0.90939211856095
0.872	4.207066526688e-11	4.8870298969543e-10	1.1113050266831e-08	0.015442098805284	0.022061311073801	1.5280767583831e-07	0.53913842451783	1.094485118173	0.036007579914931	3.0372460274351e-09	0.021150552502104	1.8531194754074e-06	0.078939904195272	0.060092679348421	0.44295027218312	0.011493063988892	0.012773672990448	1.1036835703572e-09	1.8016957475503e-07	0.00097548787468965	0.90938778641485
1	3.6209066830241e-12	1.5509491088111e-10	4.314335150898e-09	0.015440550135921	0.022058618647013	7.7423816969654e-08	0.51125420552415	1.0187924517757	0.036003612917779	1.1526374381704e-09	0.021184408522435	1.721473904813e-06	0.078930233327854	0.059460776594548	0.41677915433539	0.01149165626038	0.012772159889652	8.5420011592771e-10	1.1456914981417e-07	0.00088645536830861	0.90938648078064
1.2	4.0446372609767e-14	2.7112185467174e-11	2.0594109135533e-07	0.015438059920051	0.022054718000861	1.279820896396e-06	0.5103708992007	1.2115802781605	0.035998736582078	7.0792114855399e-08	0.021236385739521	1.5109628574664e-06	0.07891503194039	0.059675128575201	0.61788586104949	0.011489443157763	0.012770209399962	4.1062116854049e-09	2.5665905769159e-06	0.000795495408243	0.90938434608885
1.48	-7.6135071555639e-16	2.4412089232092e-12	2.9581464919191e-08	0.015434535238909	0.022049129181542	3.6743245346367e-07	0.45783495303454	0.91097566920394	0.035991617976716	9.2586979992941e-09	0.021306527686018	1.2846623863339e-06	0.078894029111047	0.057424124774887	0.44601868580432	0.0114863853209	0.012767454528748	1.5119135821341e-09	6.9989455166837e-07	0.00060965647173566	0.90938163616904
1.872	2.5132616359069e-17	7.4096777429921e-14	1.912544056894e-09	0.015429658994445	0.022041242024219	5.7032885740342e-08	0.40249695179587	0.81966616813714	0.035979866208475	5.2410398188765e-10	0.021395477606416	1.025733655569e-06	0.078865655125096	0.052589013216295	0.42843071463389	0.011482254278945	0.01276307625652	5.267094413896e-10	1.1429506588042e-07	0.00037495427614603	0.909378880169
2	2.1696665798912e-18	2.3580906088636e-14	7.383232650681e-10	0.015428087114089	0.022038726044093	2.8725639392822e-08	0.38694909932433	0.79707801626894	0.035975974234989	1.9486274047997e-10	0.021421627886671	9.5259545776557e-07	0.078856646485879	0.050596830655094	0.42893142794382	0.011480942687337	0.012761637596276	4.3007744431044e-10	6.8761202632372e-08	0.00030567873010549	0.90937823872066
2.2	2.6878129622251e-20	4.149890140907e-15	9.2043170316728e-08	0.015425665431246	0.022035039470095	4.7394874420744e-07	0.38498897336167	0.93508363235153	0.03597063645599	3.2230409165712e-08	0.021457584256874	8.3800897304422e-07	0.078842894145165	0.047473868424534	0.60907444651244	0.011478940447783	0.012759628332289	1.805270999741e-09	1.1330751708478e-06	0.0002421049495067	0.90937756359373
2.48	-5.1773069963967e-22	3.776724844087e-16	1.3086309885317e-08	0.015422440664213	0.022030095055209	1.2713359292233e-07	0.33757895933031	0.73638627103363	0.035963404948106	4.2047342758996e-09	0.02149464951485	7.1231215110147e-07	0.078824751015784	0.038573737655626	0.453217927474	0.011476298942007	0.012756938747866	6.4459083357483e-10	2.6895429667006e-07	0.00014181176402365	0.90937774405771
2.872	1.7174170109827e-23	1.1630336900852e-17	8.4723187715474e-10	0.015418273476703	0.022023626639978	1.9070059050061e-08	0.27477605505956	0.65607503676946	0.035953354013989	2.3900507151305e-10	0.021520872890871	5.686608418793e-07	0.078801539109713	0.024559065750297	0.41936493766194	0.011472919460309	0.012753256633853	2.6235683948161e-10	4.3857537176007e-08	6.7298646370944e-05	0.90938021733979
3	1.4954056810363e-24	3.7185252742465e-18	3.2774576025147e-10	0.015416956498306	0.022021595336151	9.6107398733963e-09	0.25748013811433	0.63225597156358	0.035950145734746	8.9055149040825e-11	0.021525724447843	5.2814153175829e-07	0.078794268404262	0.020853716550585	0.41473144991935	0.011471860899506	0.012752086302684	2.2095817992022e-10	2.5619197513905e-08	5.2416877896159e-05	0.90938133766154
3.2	1.8116618080631e-26	6.6103735149439e-19	3.3057784267008e-08	0.015414912555426	0.022018519163283	1.4124163475171e-07	0.23990930002348	0.63851949594675	0.03594539000918	1.158864324965e-08	0.02153115049246	4.6628817308661e-07	0.078783059395696	0.017246709670667	0.56942067241477	0.011470228951037	0.012750341114304	6.5414382908804e-10	3.8061097024209e-07	4.8036946358571e-05	0.9093832409377
3.48	-3.3837768493263e-28	6.1152306885706e-20	4.688618226825e-09	0.015412066017778	0.02201424051954	3.6968016324762e-08	0.20692827540439	0.52702960587028	0.035938724877963	1.5150626772056e-09	0.021536211581535	3.9660707938476e-07	0.078767588506598	0.012835710518615	0.44553303459962	0.011467976504434	0.012747911991701	2.6189298102457e-10	8.7954850838765e-08	2.9717696349937e-05	0.90938612849531
3.872	1.1269022250492e-29	1.930294905492e-21	3.0562103189517e-10	0.015408105584099	0.022008293568329	5.525193784927e-09	0.17642926964789	0.47119686147569	0.035929248622807	8.6871908042708e-11	0.021539404907549	3.1691884967183e-07	0.078746286204141	0.0094957129832813	0.42884746677988	0.011464875047341	0.012744486014379	1.322420966352e-10	1.5217666517067e-08	1.3866046192933e-05	0.90939052936989
4	9.8969406621713e-31	6.2242127191544e-22	1.1865457078393e-10	0.015406813836392	0.022006365112723	2.7939191629564e-09	0.1686867389034	0.45445473721465	0.035926155625962	3.2490847581337e-11	0.02153981781223	2.9445813597202e-07	0.078739385252987	0.0088739846811629	0.42973906277429	0.011463870320076	0.012743370956628	1.1591324502181e-10	9.2437342131852e-09	1.0286645337516e-05	0.90939202102338
4.2	1.2656942259871e-32	1.1248890317315e-22	8.5565444232973e-09	0.015404792217961	0.022003373742684	3.3560624782488e-08	0.15665125013683	0.41771573566855	0.035921376435676	2.9671609827726e-09	0.021540072995153	2.6112079314553e-07	0.07872862997059	0.009002837782927	0.55571131135944	0.011462304430783	0.012741647056253	2.1415081966604e-10	9.8053660878536e-08	8.6938972977459e-06	0.90939437843295
4.48	-2.3463718509418e-34	1.0692183503208e-23	1.2201725778488e-09	0.015401963881463	0.021999202115725	8.7557429377927e-09	0.13883981725021	0.36040433516398	0.035914691302121	3.9096856709588e-10	0.021539405921753	2.2245971775394e-07	0.078713662145729	0.0084148140027261	0.47072324634196	0.011460125226536	0.012739242459505	1.0961931790971e-10	2.3874959169367e-08	4.8824585350472e-06	0.90939776754247
4.872	7.8973642926504e-36	3.5360325489583e-25	8.0699264353307e-11	0.015398005815992	0.021993385560721	1.3195158113573e-09	0.12171553183365	0.32262942838511	0.035905307725332	2.2781500873889e-11	0.02153696257893	1.7817496230389e-07	0.078692844088078	0.0079691963235535	0.4661936298455	0.01145709427175	0.012735878366252	6.915241941254e-11	4.9539296188518e-09	3.3593819391951e-06	0.90940264685504
5	7.0595620194697e-37	1.1592423621129e-25	3.1531229741049e-11	0.015396710769626	0.02199148943176	6.7068652119992e-10	0.11715994374249	0.31144748489491	0.035902241436689	8.5770345657507e-12	0.021536028776727	1.656982625683e-07	0.078686059434671	0.0079076610550677	0.46894046629038	0.011456106476532	0.012734780760123	6.2621354327107e-11	3.344306672974e-09	3.2050873508223e-06	0.90940425216348
5.2	9.5804194934172e-39	2.1574918581817e-26	1.6687308688639e-09	0.015394682609921	0.021988529565449	6.3282232990682e-09	0.10883179357702	0.28021085196628	0.035897455340749	5.6647884735981e-10	0.021534569599738	1.4757392571555e-07	0.078675458912406	0.008390872920872	0.55966152501049	0.011454563119109	0.012733068339578	7.6601971244531e-11	2.0198573933118e-08	3.3159787503774e-06	0.90940675970387
5.48	-1.8503122554896e-40	2.1529966611231e-27	2.4151522266731e-10	0.015391836269948	0.021984386478887	1.6641137979861e-09	0.098377590225809	0.25173966497085	0.035890747054003	7.5856200402393e-11	0.021532465949268	1.2608417119516e-07	0.078660626785145	0.0082912476217789	0.50102026536119	0.011452403671381	0.012730671229337	5.1553576100866e-11	5.685357876825e-09	3.1297151364797e-06	0.90941027645736
5.872	6.4454443005296e-42	7.8339805908258e-29	1.6414485727925e-11	0.015387840254848	0.021978587505895	2.5533937010985e-10	0.088638020434172	0.23104260213588	0.03588133778084	4.5506289770804e-12	0.021529426090504	1.0143566546579e-07	0.07863987668699	0.0081979262453079	0.49922648618116	0.011449382610978	0.012727313953354	3.790169113961e-11	1.7275650906335e-09	3.0972652564891e-06	0.90941521003968
6	8.99494249569e-43	2.6589222829026e-29	6.4870191456121e-12	0.015386532931436	0.021976694413777	1.3090056549953e-10	0.08606768820087	0.22477603723264	0.035878263051418	1.7336179272024e-12	0.021528426918048	9.4493037216102e-08	0.078633103108383	0.0081941829892062	0.50107801584192	0.011448396428168	0.012726217782176	3.4981421054605e-11	1.3542479712332e-09	3.1014939922171e-06	0.90941682173191
6.2	-3.8011766322306e-44	5.25017540038e-30	2.5981929038025e-10	0.015384487837603	0.021973737184044	9.7311993939158e-10	0.081320983324372	0.20676841233037	0.035873458325187	8.5168421627406e-11	0.02152686546769	8.453534611167e-08	0.07862252054631	0.0085833887915884	0.56644761937432	0.011446855685614	0.01272450556054	3.4429564976752e-11	3.8352194924133e-09	3.1270789820491e-06	0.90941933991996
6.48	2.8779810279011e-42	5.7855948169982e-31	3.8672030177769e-11	0.015381620547031	0.021969597675531	2.604047549301e-10	0.07545027954766	0.19116011668156	0.03586672834375	1.1744168994597e-11	0.021524673980682	7.2572885104222e-08	0.078607708054116	0.0085194365265871	0.52094935058072	0.011444699096604	0.012722108775914	2.7419490315403e-11	1.4954125030805e-09	3.1468478443217e-06	0.90942286596274
6.872	-6.1466732777152e-44	2.5918216694269e-32	2.7592521309499e-12	0.015377599658048	0.021963803578458	4.126151990462e-11	0.070031137865881	0.17980226292417	0.035857300410256	7.4183849517923e-13	0.021521595361803	5.8839202956239e-08	0.078586976450957	0.0084488600316744	0.51857431634505	0.011441680728936	0.012718753663194	2.166979277007e-11	7.5388379335005e-10	3.1957748963008e-06	0.90942780337669
7	-4.6992149393542e-44	9.4884274962712e-33	1.1122808110214e-12	0.015376285354908	0.021961911967277	2.1464948343449e-11	0.068604128155058	0.1763370605944	0.035854220979745	2.8847701470813e-13	0.021520588901361	5.497061611959e-08	0.078580208216017	0.0084433671011787	0.51956284017494	0.011440695324125	0.012717658285057	2.0193170593315e-11	6.6271908937305e-10	3.2137711714367e-06	0.90942941561148
7.2	1.0023762150323e-43	2.1248177284845e-33	9.9943688061964e-11	0.015374230531084	0.021958956811669	3.6081103388398e-10	0.06595086978098	0.16621169683387	0.035849409175	3.1156635201193e-11	0.021519014577881	4.9437830775495e-08	0.07856963404519	0.0087439554679748	0.57048045360635	0.011439155803274	0.01271594709936	1.9401561776063e-11	1.6352170095816e-09	3.2482737057617e-06	0.90943193469121
7.48	1.5544602345223e-42	2.8800174010559e-34	1.5610304138979e-11	0.015371351641162	0.021954820231344	9.980991765772e-11	0.062585022006248	0.15702905719003	0.035842671347256	4.5175174349749e-12	0.021516806532837	4.2767107906276e-08	0.078554832803584	0.008673701073554	0.53243966465863	0.011437000852268	0.012713551809564	1.5988904295666e-11	7.4244224318839e-10	3.3013362206716e-06	0.90943546147714
7.872	-2.2035453320356e-44	1.9412838274943e-35	1.2087123371768e-12	0.015367317822926	0.021949030251228	1.6716371644683e-11	0.05956699163642	0.15099474464849	0.035833236221548	3.1123468365069e-13	0.021513707583464	3.5097869062775e-08	0.078534116050399	0.0085973563345965	0.52949919011991	0.011433984646648	0.012710199005134	1.2904891181056e-11	4.2886229832984e-10	3.391862743091e-06	0.9094403990159
8	2.9023674943914e-43	8.1772907819908e-36	5.0316093956942e-13	0.015365999987164	0.021947139954621	8.9071447311807e-12	0.058782644012269	0.14913481494811	0.035830155066947	1.2513101995041e-13	0.021512694783751	3.2934962504236e-08	0.078527352524232	0.008587368878107	0.52996112765861	0.011432999927399	0.012709104380811	1.2088877063826e-11	3.8511882169837e-10	3.4230589968196e-06	0.90944201114927
8.2	2.7845796304212e-44	2.2906469528797e-36	1.3475895110052e-13	0.015363940308349	0.021944186711225	3.4226334553644e-12	0.057305328120419	0.14344278708523	0.035825340620924	3.1829226926396e-14	0.02151110963688	2.9862823212735e-08	0.078516785753118	0.0088344591615081	0.57273826348911	0.011431461483892	0.012707394226118	1.0947437479551e-11	3.3748975157581e-10	3.4779540629503e-06	0.90944453011469
8.48	6.1259977512709e-43	4.3241600089449e-37	2.2703256462202e-14	0.015361055778213	0.021940052846992	9.3548693947002e-13	0.055311210081392	0.1376607958042	0.035818600235249	4.9938939147645e-15	0.021508886053104	2.6118539178547e-08	0.078501994696312	0.0087586630320154	0.5389922518525	0.011429308015718	0.012705000398092	9.5688866181034e-12	2.8933837557488e-10	3.5648306978587e-06	0.90944805656393
8.872	-1.1508499586369e-42	4.9272239900521e-38	1.9901988853989e-15	0.015357015944483	0.021934266722508	1.6284982997673e-13	0.053632573234725	0.13466920297818	0.035809163722247	3.925446610037e-16	0.021505765422776	2.179235837279e-08	0.078481291816853	0.0086774394755759	0.53568632705551	0.011426293830011	0.012701649781484	7.9824163181019e-12	2.3855673896919e-10	3.7038359491782e-06	0.90945299324147
9	-5.4316757129002e-42	2.4451348514441e-38	8.6762030804574e-16	0.015355696528428	0.021932377666098	8.9076520789663e-14	0.053210064383814	0.13372541954596	0.035806082462162	1.6556215331364e-16	0.021504745836222	2.0567363119637e-08	0.078474532731898	0.0086646484373892	0.53584234470836	0.011425309757369	0.012700555870615	7.5336192635617e-12	2.2442593439866e-10	3.7503138385824e-06	0.90945460500353
9.2	-7.4005207440944e-43	8.6585258186012e-39	1.8324960985522e-10	0.015353634697243	0.021929426543332	6.3390629706035e-10	0.052395787719508	0.13054064426916	0.035801268956924	5.0093143955505e-11	0.021503150807067	1.8796856173487e-08	0.078463972675129	0.0088812139485972	0.57400963401119	0.011423772291422	0.01269884705562	9.1714198910135e-12	2.1199373431753e-09	3.8316278735116e-06	0.90945712315948
9.48	-5.4108050455204e-42	2.2361542506962e-39	3.4177092000196e-11	0.015350747792282	0.021925295502657	1.9757747356165e-10	0.051165600500679	0.12661455110703	0.03579453021243	8.7381634541146e-12	0.021500913715631	1.6657714434099e-08	0.07844919092163	0.0088027004746772	0.54273541828471	0.011421620177741	0.012696455044775	6.7560074351392e-12	7.1730731882107e-10	3.9497119212921e-06	0.90946064837821
9.872	2.4764596682308e-44	3.9049787819568e-40	3.5088231066512e-12	0.015346705704562	0.021919513030314	3.9901540978133e-11	0.050242359578296	0.12535661833947	0.035785095789718	8.1235244042993e-13	0.021497775281195	1.4161929110312e-08	0.078428500948209	0.0087196204732536	0.53920995006319	0.011418607871058	0.012693106626291	5.3104771426911e-12	2.4816843838457e-10	4.1292480165171e-06	0.90946558321512
10	-1.6379689606871e-43	2.207807367177e-40	1.6159300579606e-12	0.015345385761888	0.021917625134215	2.2913364718539e-11	0.050025188586547	0.12493468166894	0.035782015297417	3.6269120493897e-13	0.021496750471329	1.3449061454112e-08	0.078421746005224	0.0087055737259258	0.53919054203611	0.011417624401457	0.012692013397336	4.9959765607298e-12	1.9637825058549e-10	4.187516041444e-06	0.90946719430304
10.2	-1.4421651147514e-41	9.393615727026e-41	3.4020159228886e-10	0.015343323265231	0.021914675922933	1.1744950476473e-09	0.049587811765076	0.12317184867174	0.035777203640749	8.6880589415318e-11	0.02149514885507	1.2404052285653e-08	0.078411192190654	0.0089054462036138	0.57472997961066	0.011416087844328	0.012690305778291	8.7689477222145e-12	3.6610268461725e-09	4.2878322300224e-06	0.9094697111714
10.48	-3.432679099336e-41	3.0637752077982e-41	7.1057527156543e-11	0.015340435752624	0.021910547440233	3.948558587236e-10	0.048790294468951	0.12028163609261	0.035770467622644	1.7054765400156e-11	0.02149290461947	1.1137456830909e-08	0.078396418966879	0.0088266835945038	0.54488253671121	0.011413936972512	0.012687915392507	5.3928638867045e-12	1.1918996371901e-09	4.421491797541e-06	0.90947323437491
10.872	-3.2415404161107e-43	7.1581900767385e-42	8.5961588274125e-12	0.015336393352126	0.021904768268795	8.8842027866395e-11	0.048300163420074	0.12001964442579	0.035761036590287	1.8868907037179e-12	0.021489759965377	9.6349594322658e-09	0.078375740641325	0.008744345867174	0.54122969993356	0.011410926361673	0.01268456896234	3.8051081415619e-12	3.1786499234469e-10	4.612961728759e-06	0.90947816609301
11	-2.8050898381049e-43	4.4251840521927e-42	4.1746709102513e-12	0.015335073413449	0.021902881417989	5.3049835114192e-11	0.048201346137415	0.11989805127049	0.035757957209439	8.9016239481174e-13	0.021488733941438	9.2001373879156e-09	0.078368989425819	0.0087300703797026	0.54110970127937	0.011409943434765	0.0126834763495	3.5322778637063e-12	2.2048483363543e-10	4.6730735613214e-06	0.90947977608548
11.2	5.7647300404425e-43	2.1321933647595e-42	4.8025054794787e-10	0.01533301098652	0.021899933888056	1.6744448614508e-09	0.047982110100017	0.11895528383625	0.03575314769841	1.1575997299595e-10	0.0214871324384	8.5518570682527e-09	0.078358441205637	0.0089212453113977	0.57514488397221	0.011408407692138	0.012681769779424	9.1292982551236e-12	5.088031245635e-09	4.7751057377639e-06	0.9094822910075
11.48	-1.6555708000298e-41	8.1098494724433e-43	1.1098794943464e-10	0.015330123716831	0.021895807666001	6.022028117432e-10	0.047434807789728	0.11665561470691	0.035746414741823	2.5251599488294e-11	0.021484891119119	7.7614282366212e-09	0.078343675564904	0.0088435150742768	0.54611838552956	0.011406257924357	0.012679380827741	4.8499093365288e-12	1.7193284824831e-09	4.8990802746093e-06	0.90948581123243
11.872	-9.6598639572671e-43	2.2739328672445e-43	1.5395982514978e-11	0.0153260819136	0.021890031428838	1.4826750005891e-10	0.04719754560387	0.11697491593457	0.035736987508051	3.2291362086045e-12	0.021481754467219	6.8055244363554e-09	0.078323007571809	0.0087628327577142	0.54238975168625	0.011403248817847	0.012676036172477	2.9555537711092e-12	4.3534391211066e-10	5.0668939043324e-06	0.90949073849235
12	-2.8992940712654e-43	1.4855391803039e-43	7.7949939375431e-12	0.015324762224763	0.021888145512986	9.1273671693695e-11	0.047167905577027	0.1170287441263	0.035733909341971	1.590706712115e-12	0.021480731579986	6.5248958355792e-09	0.078316259685952	0.0087486585921709	0.5422111589254	0.011402266375711	0.012674944113	2.6706219232563e-12	2.841723768199e-10	5.1179690449246e-06	0.90949234698422
12.2	-2.1897970889051e-43	7.7240294099626e-44	5.6880085359735e-10	0.015322700215253	0.021885199449034	2.0326447584238e-09	0.047076592363926	0.11656712774002	0.035729101918765	1.3055728523454e-10	0.021479136424407	6.09937909468e-09	0.078305716518729	0.0089351954266492	0.57538854212763	0.011400731368757	0.012673238447688	9.4630203157696e-12	6.0799364319493e-09	5.2050689382914e-06	0.90949485940862
12.48	-6.8772331644541e-43	3.2215026942384e-44	1.4160700543833e-10	0.01531981360015	0.021881075239239	7.6756290138591e-10	0.046674920297676	0.11460697883288	0.035722371942077	3.0776535501794e-11	0.021476905679071	5.5778205256794e-09	0.078290957797584	0.0088582760811399	0.54682619575051	0.011398582608417	0.012670850750195	4.5984864969653e-12	2.1413201730439e-09	5.3001005639082e-06	0.90949837597943
12.872	1.0488891735325e-44	1.0042227851058e-44	2.1609302668239e-11	0.015315772855045	0.02187530171482	2.0112056586108e-10	0.046584625307657	0.1152663348708	0.03571294861269	4.3528119580327e-12	0.021473785332103	4.9362964520809e-09	0.078270299391406	0.0087784027669047	0.54305021527036	0.01139557489769	0.012667507724093	2.4372485551692e-12	5.4791101499739e-10	5.4236528728188e-06	0.90950329802225
13	-7.1414850091207e-44	6.770919457924e-45	1.1248971104632e-11	0.015314453545237	0.021873416678301	1.2632056803605e-10	0.046594947086997	0.11542228701915	0.035709871709609	2.2069910393256e-12	0.021472767737938	4.7456820877511e-09	0.078263554638564	0.008764145480787	0.54283707795028	0.011394592911699	0.012666416183778	2.1275621015003e-12	3.5107422775791e-10	5.4603816642925e-06	0.90950490481351
13.2	1.2337809360203e-42	3.676803488088e-45	5.7831369925912e-10	0.015312392152134	0.021870471955904	2.1311694573862e-09	0.046577372048974	0.11523985414436	0.035705066227108	1.2649953545439e-10	0.021471181212686	4.4527025267382e-09	0.078253016340335	0.0089477993611257	0.57553187376968	0.011393058613634	0.012664711315782	9.151143699828e-12	6.299854203064e-09	5.524945682001e-06	0.90950741455377
13.48	-2.1730369561822e-41	1.6150688742497e-45	1.5097461028482e-10	0.015309506447527	0.021866349638272	8.2929145851534e-10	0.046258249092581	0.11347156459174	0.035698339044489	3.1332526073544e-11	0.02146896270298	4.0923241484187e-09	0.078238264409898	0.0088708131669764	0.54722561966903	0.01139091084197	0.012662324739917	4.251618339481e-12	2.2853655559784e-09	5.5869969260304e-06	0.90951092734082
13.872	-1.0492455962323e-42	5.3377381268375e-46	2.4433145486008e-11	0.015305467070261	0.021860578789653	2.2560468945013e-10	0.046250209629111	0.11432453427292	0.035688919712232	4.714797987654e-12	0.021465858820314	3.6435829626551e-09	0.078217615551024	0.0087905487346811	0.5434203542241	0.01138790452126	0.012658983283793	2.0403848778578e-12	5.9563516565878e-10	5.6663381576763e-06	0.90951584412894
14	-2.6867511362516e-43	3.6616073982907e-46	1.2932798305315e-11	0.015304148230396	0.02185869463373	1.4337821051655e-10	0.046282655498107	0.11453807029001	0.035685844133109	2.4322816397641e-12	0.021464846228721	3.5091147672986e-09	0.078210873944056	0.0087759703468648	0.54318721028522	0.011386922993284	0.012657892257536	1.7273511696015e-12	3.8011306036268e-10	5.6896166307323e-06	0.90951744923371
14.2	1.0211642677405e-42	2.0362790976157e-46	5.467285562239e-10	0.015302087595621	0.021855751248193	2.068268013012e-09	0.046305725472724	0.11451165271057	0.035681040602848	1.1387363639951e-10	0.021463267219764	3.300323915919e-09	0.078200340602432	0.0089575963138191	0.57561470956123	0.011385389416864	0.01265618815884	8.4588978146715e-12	6.0611835486015e-09	5.7335171364713e-06	0.90951995638105
14.48	1.1186311363374e-42	9.2000975798328e-47	1.4675279777658e-10	0.015299202990339	0.02185163083766	8.1834763502709e-10	0.046031256220752	0.11284811280876	0.03567431623212	2.903442378103e-11	0.02146105856518	3.0431548950175e-09	0.078185595655366	0.0088799791130761	0.54744814476894	0.011383242661927	0.012653802673215	3.82249840008e-12	2.2378239557233e-09	5.7688986088145e-06	0.90952346558373
14.872	-1.718715661733e-43	3.1379670198465e-47	2.4565953354092e-11	0.015295165217347	0.021845862738206	2.2731913105485e-10	0.046066860581896	0.11380604514871	0.035664901086112	4.5273272935181e-12	0.021457967013833	2.7203646135435e-09	0.078164956661557	0.0087987713481153	0.54362617902589	0.011380237777497	0.012650462803735	1.7070279672645e-12	5.9037649613389e-10	5.8149329661017e-06	0.90952837744557
15	1.2157257957322e-43	2.1726755244312e-47	1.3127101627528e-11	0.015293846917603	0.021843979490934	1.4540962025362e-10	0.046110898727029	0.11405046001663	0.035661826906356	2.3587065398527e-12	0.021456958026551	2.6231076818241e-09	0.078158218306896	0.0087838143428429	0.54338197486309	0.011379256723033	0.012649372303419	1.408872852257e-12	3.7628344662881e-10	5.828443848294e-06	0.90952998097388
15.2	8.95497678847e-43	1.2235087913509e-47	5.4559902542872e-10	0.015291787140117	0.021841037518318	2.095889376661e-09	0.046155462136955	0.1141095656067	0.035657025569533	1.0854080121169e-10	0.021455384402929	2.4706061148294e-09	0.078147690067452	0.0089640234168914	0.57566229986189	0.011377723889453	0.012647669029552	8.2204654250055e-12	6.104885320382e-09	5.8586329262241e-06	0.90953248567901
15.48	-4.0454233477814e-42	5.6117678714864e-48	1.4876742241503e-10	0.015288903763111	0.021836919110315	8.3669816358116e-10	0.045904339375833	0.11250161234747	0.035650304331488	2.8131189435235e-11	0.021453182527182	2.2832502131764e-09	0.078132952318744	0.0088857029140361	0.54757295931848	0.011375578182543	0.012645284712997	3.599071308931e-12	2.2741831599312e-09	5.8755148691016e-06	0.90953599151988
15.872	-6.7546205959819e-43	1.9468429007225e-48	2.5380094669307e-11	0.01528486776245	0.021831153861214	2.3505862533719e-10	0.045962061548543	0.11351297934314	0.035640893663224	4.4749762592377e-12	0.021450098868496	2.0469144352712e-09	0.078112323523449	0.0088036019050716	0.54374229849259	0.011372574782941	0.012641946500424	1.4840804103417e-12	6.0290201986531e-10	5.8998681024267e-06	0.90954089880054
16	-3.9138066264518e-43	1.3547545973881e-48	1.363494774897e-11	0.015283550053076	0.021829271552476	1.5089471080515e-10	0.046011862137111	0.11377291697048	0.035637820961634	2.3444317836493e-12	0.021449092107129	1.9754569373291e-09	0.078105588526156	0.008788342798428	0.54349230167851	0.011371594217285	0.012640856544821	1.1883526827155e-12	3.8349908260336e-10	5.9072120525183e-06	0.90954250086123
16.2	-1.1364373823489e-43	7.7534630842786e-49	5.294409668878e-12	0.015281491294224	0.021826330682339	7.6264272583191e-11	0.046063654849971	0.11383891389429	0.035633020146039	8.7696436608204e-13	0.021447519298615	1.8691578619613e-09	0.078095065991534	0.0089678123801921	0.5756793943011	0.011370062214284	0.012639153595318	9.1566033226037e-13	1.9450007378413e-10	5.917865657387e-06	0.90954500374448
16.48	-3.2371595916244e-44	3.5992951100405e-49	1.4570699584668e-12	0.015278609361607	0.021822213962095	2.9824102024625e-11	0.045820213792116	0.11225582600144	0.035626299695276	2.2950634880766e-13	0.02144531796554	1.7305955065602e-09	0.078080336263428	0.0088892006217157	0.54764860821362	0.011367917675114	0.012636769720727	7.226977519701e-13	8.0148874528689e-11	5.9309686817043e-06	0.90954850707026
16.872	4.6915740872354e-44	1.2607372608666e-49	2.5139402236575e-13	0.015274575304336	0.021816451541492	8.2577594491296e-12	0.045886726527767	0.11329804087969	0.035616892560458	3.6944247391176e-14	0.021442237223654	1.5549210845978e-09	0.078059718198625	0.0088064844549213	0.54382160407058	0.011364915837792	0.01263343284186	5.9383456218176e-13	2.8218159999357e-11	5.9459606806673e-06	0.90955341031985
17	2.4088526069151e-44	8.798342858315e-50	1.3550122282935e-13	0.01527325822664	0.021814570185908	5.2851414449113e-12	0.045939172145635	0.11356750918114	0.035613821236632	1.9421260256469e-14	0.021441231503605	1.5016801251496e-09	0.078052986669247	0.0087910068801386	0.54356940066318	0.011363935777039	0.012632343391638	5.6556298543297e-13	2.1021871332617e-11	5.9501394333304e-06	0.90955501102776
17.2	4.8030016981686e-42	5.0117523606485e-50	4.2925929613757e-10	0.01527120038872	0.02181163109991	1.6283419108449e-09	0.045999101607851	0.11368815453747	0.035609024108788	7.9298748671577e-11	0.02143966216868	1.417332034179e-09	0.078042469197807	0.0089696160241859	0.57570439478493	0.0113624045112	0.012630641688597	6.2036468965179e-12	4.7522626393945e-09	5.9640339719438e-06	0.90955751143252
17.48	-1.736991907536e-42	2.329430102944e-50	1.187034543262e-10	0.015268319754956	0.021807516791398	6.5517717730446e-10	0.04576521113214	0.11212693579331	0.035602308932136	2.0855864958051e-11	0.021437465445161	1.3139409974815e-09	0.078027746572208	0.0088904355528756	0.54770114381899	0.011360261006102	0.012628259616219	2.6472672515243e-12	1.7846399341868e-09	5.9654821601174e-06	0.90956101130344
17.872	7.6760943606931e-43	8.2023606331518e-51	2.0601327238714e-11	0.015264287624631	0.021801757419806	1.8594621047448e-10	0.045839168681286	0.1131799872396	0.035592907405691	3.3780233852987e-12	0.021434388078194	1.1827808602028e-09	0.078007138939644	0.0088073271837084	0.54386830633038	0.011357260687637	0.012624924736035	1.0149726577413e-12	4.7517278571513e-10	5.971022389301e-06	0.90956591021964
18	1.0388040420955e-42	5.7335128570618e-51	1.1123049014522e-11	0.015262971188874	0.021799877043056	1.1975960983198e-10	0.045893213863877	0.11345204671822	0.035589837756821	1.7789421956611e-12	0.021433383092884	1.1429626167718e-09	0.07800041086706	0.0087917504020151	0.54361410341624	0.011356281130167	0.012623835888628	7.880156026151e-13	3.0185626083851e-10	5.9729750540432e-06	0.90956750956466
18.2	6.0115755260608e-42	3.2754687393901e-51	3.5695502377539e-10	0.015260914375741	0.02179693943245	1.3961409386483e-09	0.045954973390683	0.11357431104904	0.035585042917653	6.4118295477916e-11	0.02143181425761	1.0797868305531e-09	0.077989898893838	0.0089700332307186	0.57571301170029	0.011354750664828	0.01262213502764	5.2398057853717e-12	4.0429163084624e-09	5.9816375188892e-06	0.90957000793974
18.48	5.1384695607642e-42	1.5271201154753e-51	9.9038056831322e-11	0.015258035188759	0.021792827209995	5.6204664392611e-10	0.045723162035908	0.11201941797062	0.03557833088249	1.6921920141175e-11	0.021429617888573	1.0022626027643e-09	0.077975184000566	0.0088907531859957	0.54773495826063	0.0113526082855	0.012619754107394	2.2173688118417e-12	1.5216962914418e-09	5.9811472267764e-06	0.9095735050057
18.872	9.6053974950628e-43	5.3955405060142e-52	1.7260226449637e-11	0.015254005082584	0.021787070825764	1.5974564040709e-10	0.045798806279893	0.11307647000694	0.035568934052622	2.7528721711334e-12	0.02142654117289	9.0372798125212e-10	0.077954587139836	0.0088075243524989	0.54390479307098	0.011349609535334	0.012616420923481	8.2956877747269e-13	4.0569700929424e-10	5.9837626008921e-06	0.90957839994187
19	3.5541158658111e-43	3.7755878212648e-52	9.3312274072972e-12	0.015252689309318	0.021785191429113	1.0294693862184e-10	0.045853268905492	0.11334979197305	0.035565865966005	1.4516781356589e-12	0.021425536384372	8.7377308191662e-10	0.077947862582042	0.0087919045104581	0.54365035633498	0.011348630489592	0.012615332638325	6.3691722164837e-13	2.576262865785e-10	5.9848172393719e-06	0.90957999798509
19.2	1.7647596380445e-42	2.1608477145579e-52	3.178268406104e-10	0.015250633540291	0.021782255326494	1.2395937032127e-09	0.045915492882344	0.11347256431056	0.035561073453435	5.6029809007972e-11	0.021423967610544	8.2608817512981e-10	0.077937356136394	0.0089699475402605	0.57571934262499	0.011347100829026	0.012613632622099	4.6039673840384e-12	3.5904705647741e-09	5.9909536653935e-06	0.9095824943631
19.48	-2.0690152604891e-42	1.0095201610931e-52	8.8388084118427e-11	0.015247755819641	0.02177814522755	4.996131070848e-10	0.045684658854983	0.11192259872697	0.03555436469638	1.4823245390279e-11	0.021421771233661	7.6764575057083e-10	0.077922648985977	0.0088906307811868	0.54776472837458	0.011344959577001	0.012611252888467	1.9262723903942e-12	1.3529544496709e-09	5.9895445091257e-06	0.90958598863836
19.872	-2.1844792559086e-43	3.5752976579343e-53	1.5450545062569e-11	0.015243727765654	0.021772391850018	1.4224638264673e-10	0.045761000987549	0.11298126993775	0.035544972647105	2.4190674614961e-12	0.02141869464065	6.9324769212503e-10	0.077902062928338	0.0088073554879572	0.54393763708753	0.011341962399685	0.012607921421489	6.9797800581653e-13	3.6071094779555e-10	5.9906456340591e-06	0.9095908796314
20	-2.2772497415912e-43	2.5038172376304e-53	8.3610724374142e-12	0.015242412663542	0.02177051343743	9.172709912368e-11	0.045815625420566	0.11325510999359	0.035541906139972	1.2769519113565e-12	0.021417689887587	6.7060339342791e-10	0.077895341895941	0.0087917154920798	0.54368321995702	0.011340983867214	0.012606833702478	5.2803354404545e-13	2.2890109748196e-10	5.9912280412728e-06	0.90959247638529
