# Time [h]	All Liquid [L/h]	MS [g/L]	AA [g/L]	Butyric [g/L]	Propionic [g/L]	Valeric [g/L]	LCFA [g/L]	Acetic [g/L]
0.2	0.3241335517552	2.6655215879358343E-5	6.500032293099555E-5	2.7243600574039257E-4	5.859856479561644E-4	7.287376739629025E-5	9.546929505629886E-4	0.4858473569124469	
0.48	0.22325677184681078	4.0578653769477345E-7	4.077532081576215E-6	2.835908494114716E-5	1.1176716306865755E-4	8.000861397298829E-6	5.564134067340345E-4	0.28460728568532645	
0.872	0.239422011101238	1.447756298642915E-8	1.306181334565307E-7	2.0551554676495063E-6	1.849990043125913E-5	5.859216044485162E-7	4.720906773144494E-4	0.23203494855624449	
1.0	0.07058092385520896	3.6804805417019036E-10	1.2217777066596975E-8	2.3577243306050582E-7	2.7701407798660075E-6	6.605047945843994E-8	1.2884765131086686E-4	0.06154827680790144	
1.2	0.3682571824361999	1.5159103898709069E-13	1.0624592914447631E-8	2.827712783969781E-7	4.999471564864652E-6	7.665261696469656E-8	5.949470573084128E-4	0.26637622802892164	
1.48	0.09526269651718682	6.725820334450654E-14	2.558564479196861E-10	1.0417398669473895E-8	3.1201630186015236E-7	2.680631025273568E-9	1.3010236901801053E-4	0.05026166823409787	
1.872	0.07509385169115819	1.779656316614533E-15	6.135390775045006E-12	5.351197831336692E-10	3.490872477139843E-8	1.2484053613368697E-10	8.112201513772254E-5	0.021599835445776455	
2.0	0.019087522085416943	3.9186127974349134E-17	4.977735620182429E-13	5.278612776570441E-11	4.451632512435531E-9	1.1922746320017641E-11	1.9093122455688603E-5	0.004192674917559477	
2.2	0.3662668632483803	4.490068935805178E-18	1.6320215750734814E-12	2.3523483394606975E-10	2.943289978809935E-8	5.046337184985074E-11	3.255887695143322E-4	0.0484591753798124	
2.48	0.011733138784244913	5.357367058715054E-21	4.955318155439208E-15	1.0894071078592628E-12	2.26994741443888E-10	2.1866189744748523E-13	8.828159947701028E-6	6.424801461611305E-4	
2.872	0.004847607142382983	7.531865737808175E-23	6.423355954199806E-17	2.9781627366890565E-14	1.3384435340879477E-11	5.3137999684222645E-15	2.891358868653965E-6	6.867837845699333E-5	
3.0	0.0011247631637500042	1.5498390314839983E-24	4.806589572410041E-18	2.703671507305278E-15	1.5658023457561616E-12	4.656553306704507E-16	6.217401747528425E-7	1.014094452458781E-5	
3.2	0.28144289118230026	2.5784071726408896E-25	2.117341529979121E-16	1.6462960442374967E-13	1.3719237301033832E-10	2.720885776151071E-14	1.3864719476028406E-4	0.0015155560620850432	
3.48	0.001198762070898447	4.070795460969962E-29	8.728073449033429E-20	1.602495007359366E-16	1.440065394023022E-13	3.2363546446984416E-17	5.009425239411597E-7	4.578901389917436E-6	
3.872	0.0013046825558593845	1.552825288466659E-30	3.143311665781713E-21	1.3185136494509043E-17	2.2984629153000185E-14	2.4708802165315235E-18	4.336961932109501E-7	4.398747453774374E-6	
4.0	4.030900650000004E-4	4.3689663176424035E-32	3.189615805759009E-22	1.6716456630079803E-18	3.624141936731053E-15	3.061849140496576E-19	1.2434157660940414E-7	1.3445445795942038E-6	
4.2	0.17214739611914015	5.658988579163412E-33	2.4985058205253987E-20	2.8635457450674147E-16	5.615503655057776E-13	5.787389481605176E-17	4.7419499968696436E-5	5.693337987649981E-4	
4.48	7.474390619791767E-4	1.327821698919927E-35	1.0921817496720586E-23	8.031367665820196E-19	6.342216188430236E-16	2.0341219674346597E-19	1.752630467588047E-7	2.4821269648311933E-6	
4.872	9.762289421354219E-4	6.33089219584631E-37	5.18842222448917E-25	1.0197275646583458E-19	1.2853749469839454E-16	2.3782228414725613E-20	1.832016736807187E-7	3.274710265939275E-6	
5.0	3.1804434500000027E-4	2.0284622883082204E-38	5.735933194201575E-26	1.4819245577949597E-20	2.1898767496917214E-17	3.362474405176944E-21	5.551376793520877E-8	1.0709572016723807E-6	
5.2	0.08839180600000007	6.685072891303435E-38	3.108087308542818E-24	1.9586443843945193E-18	2.3475295655328422E-15	4.418051293278865E-19	1.3816002253843838E-5	2.9931810660032684E-4	
5.48	7.024651794270886E-4	5.42106992317965E-41	2.6926123806738777E-27	6.774827251927358E-21	5.208497244195457E-18	1.6037189535389757E-21	9.404630005475522E-8	2.4121045585439057E-6	
5.872	9.983006795051905E-4	3.483917476570807E-42	1.642587432776846E-28	1.1385897858757807E-21	1.271153292846977E-18	2.504415806010117E-22	1.0809292204590106E-7	3.506375676358417E-6	
6.0	3.280092195833347E-4	3.1290534867908275E-43	1.9370922626812267E-29	1.7967515637929062E-22	2.279314774928561E-19	3.857396205681629E-23	3.316348508080363E-8	1.1611521838488145E-6	
6.2	0.03927005936458403	1.1156624510388518E-40	4.9741839240879435E-28	9.430223971770572E-21	1.1308742317405447E-17	1.996325535069487E-21	3.5753901886529367E-6	1.408768630844899E-4	
6.48	7.398783300781326E-4	2.9199562541149173E-41	1.175728084059505E-30	5.783012483006356E-23	6.482757656280098E-20	1.2276952682770032E-23	5.8294062034059095E-8	2.7182471005291528E-6	
6.872	0.001069890507656229	6.529358648453169E-43	9.531847844075094E-32	1.2653992019016861E-23	1.8777917419556098E-20	2.545783123407711E-24	6.931935381896663E-8	4.086282695568238E-6	
7.0	3.532731958333315E-4	1.2111427665315248E-43	1.2337425508848895E-32	2.213084484210002E-24	3.602104850556499E-21	4.377278885954409E-25	2.1502594880663438E-8	1.367142570519412E-6	
7.2	0.02599033104427002	6.972869506613571E-41	2.2399048535194142E-31	8.106838909460481E-23	1.214640152096453E-19	1.609252596620507E-23	1.4382722562718326E-6	1.028532992403739E-4	
7.48	8.124934389322807E-4	8.09723702326077E-42	1.0842876244362864E-33	1.1495442243544406E-24	1.3295650091825747E-21	2.428476848685883E-25	3.949852088528046E-8	3.3359707478344462E-6	
7.872	0.0011950137162760367	2.7140166426234588E-42	1.2925461705047947E-34	4.548313536349936E-25	4.8628584861575865E-22	9.649211001115294E-26	4.888173587559609E-8	5.1975978669973945E-6	
8.0	3.966895387500035E-4	5.222232464791018E-43	1.8953161049603686E-35	1.0032655277108595E-25	1.0208354059631687E-22	2.1257609029734302E-26	1.5365836027729987E-8	1.7583823758877904E-6	
8.2	6.372258935546778E-4	3.7453848996755687E-44	9.074288773659435E-36	8.854048944035817E-26	8.296103214269543E-23	1.861682661118499E-26	2.2720595896534726E-8	2.9167112168792613E-6	
8.48	9.304228048828198E-4	2.868191682025057E-42	2.6806078260178428E-36	5.874026524225016E-26	4.9694344355524373E-23	1.2082209404412148E-26	2.9681754443355254E-8	4.469656136216133E-6	
8.872	0.001387729072734383	1.327619366553525E-41	4.896839533038623E-37	3.045217722383724E-26	2.3870297423465434E-23	5.9809320157110016E-27	3.823460626451746E-8	7.1650769546045785E-6	
9.0	4.6250818833333806E-4	2.2219442108095292E-41	8.23148554876649E-38	7.106521962941231E-27	5.53687618729413E-24	1.3688778602895387E-27	1.2171374494165239E-8	2.4435284151609424E-6	
9.2	0.03196728546093788	1.7517749088581763E-40	2.0506502624214882E-36	6.2229516923668245E-24	3.0226163689524256E-22	1.4967593103667928E-24	7.845109117312391E-7	1.7506804213931763E-4	
9.48	0.0010966000973958283	5.487071436470602E-41	1.8525784155746613E-38	2.785847650127019E-24	3.340372301756956E-23	6.593893931923606E-25	2.4519651504449673E-8	6.342804911975649E-6	
9.872	0.0016434562611979209	1.4640576997608753E-43	4.9338622947858175E-39	2.626687611995482E-24	4.2618743864711295E-23	5.914915698259883E-25	3.2503906808456063E-8	1.0254114506745076E-5	
10.0	5.48171204375002E-4	1.9147802508597873E-43	9.340887270368172E-40	7.367563638830943E-25	1.3466601725676797E-23	1.6286447714308016E-25	1.0432666565917397E-8	3.5010263787634285E-6	
10.2	0.03909827388443986	5.91606978003644E-39	2.843468225500559E-38	1.2330201585703485E-22	2.277722714521491E-21	2.693710247343268E-23	7.012133335312459E-7	2.584403489959011E-4	
10.48	0.0012962954516276012	1.9691721362834444E-40	3.089571058874926E-40	2.7190893274762996E-23	3.271615554461278E-22	6.005753609609334E-24	2.1489429794004985E-8	9.019304398431496E-6	
10.872	0.0019298166743880166	8.422012207284729E-42	1.0790348882799702E-40	2.5244790790315285E-23	4.097492672233601E-22	5.343042769038422E-24	2.8806951458961178E-8	1.4357727354689402E-5	
11.0	6.419808827083398E-4	1.690321662391141E-42	2.2211656542355986E-41	7.0406521478777E-24	1.2721826841052246E-22	1.4667391276100995E-24	9.270597922699292E-9	4.873222670858256E-6	
11.2	0.04267044066048185	5.182861709863777E-40	7.112111967026142E-40	7.629546695456288E-22	1.5294192247880327E-20	1.559123698224534E-22	5.847551257116184E-7	3.3301828582800463E-4	
11.48	0.001497208232096366	2.06531212130402E-40	9.504964404988927E-42	1.1066125629197228E-22	1.4441344497197879E-21	2.3067635474690952E-23	1.9148168402891424E-8	1.2178621651491047E-5	
11.872	0.002198918403281227	1.7588497735977477E-41	3.918702987738954E-42	1.0471104101304003E-22	1.7592621350289235E-21	2.1021773352833762E-23	2.5612548618503197E-8	1.883163953492721E-5	
12.0	7.282367716666631E-4	1.43370535809069E-42	8.480513523958975E-43	2.936964586177368E-23	5.41018819285241E-22	5.814169945179096E-24	8.23259934455414E-9	6.3314815771464205E-6	
12.2	0.04460056290364584	6.156135665317916E-41	2.698108794621087E-41	2.557793873912496E-21	5.274940158811896E-20	4.958804240142278E-22	4.80414680566179E-7	3.952991834531178E-4	
12.48	0.001667984569270831	3.185109542985304E-42	4.210944315328202E-43	2.756557552616761E-22	3.954973143093552E-21	5.455271851745748E-23	1.68622431907546E-8	1.5230393421696916E-5	
12.872	0.0024144568597916504	3.629473731328369E-43	1.900965677079653E-43	2.6102071410544933E-22	4.684101121425447E-21	4.991651956900274E-23	2.2374776383392524E-8	2.284507810164813E-5	
13.0	7.960309200000006E-4	2.847186911123928E-43	4.226109552584807E-44	7.323976325221845E-23	1.4275326261545009E-21	1.3827337255522275E-23	7.1726331240831076E-9	7.609275477904479E-6	
13.2	0.04471134977831984	1.6224370999489606E-40	1.2877006580589776E-42	5.331832891578463E-21	1.1595462125047248E-19	9.856988953530292E-22	3.846631879199613E-7	4.323746424704086E-4	
13.48	0.0017936924783203234	7.940902397388573E-41	2.270029194142535E-44	4.432562168247148E-22	7.295253533317903E-21	8.316778214240889E-23	1.452708505487382E-8	1.769149299422689E-5	
13.872	0.0025657169299999967	1.5733550924061604E-41	1.0734625781975093E-44	4.1424993880187416E-22	8.356663620267124E-21	7.525676044245289E-23	1.9113733451437028E-8	2.588985483223783E-5	
14.0	8.429006650000008E-4	1.4618152287191882E-42	2.4193288885044913E-45	1.1586781808493232E-22	2.5216002000079256E-21	2.0796019583723926E-23	6.11128560855389E-9	8.56036437505569E-6	
14.2	0.04409646152669184	2.6638416741647192E-40	7.031773179205325E-44	7.40597431269675E-21	1.771116093731846E-19	1.3029255594756705E-21	3.0555122021754523E-7	4.5047917055312847E-4	
14.48	0.0018763095339843756	3.9707038938015737E-41	1.3522918328135726E-45	5.361606370959509E-22	1.010681203741217E-20	9.53729823159792E-23	1.2257986002154005E-8	1.940825002918322E-5	
14.872	0.0026616380131249963	5.520944721431429E-42	6.5447563617240176E-46	4.945740370161017E-22	1.1238002554302705E-20	8.52849743660789E-23	1.602180989510766E-8	2.7918507092691333E-5	
15.0	8.722955131250055E-4	4.401358971295879E-43	1.4851911186697556E-46	1.379098728614409E-22	3.3621630166560157E-21	2.350503563281165E-23	5.112651010619133E-9	9.185181853758187E-6	
15.2	0.04512320007193984	2.730441955269305E-40	4.322267555247938E-45	8.629887155333468E-21	2.2580480886304264E-19	1.4440350230286475E-21	2.5280708657346287E-7	4.760952478284164E-4	
15.48	0.0019261257850260519	4.1980695890333294E-41	8.465366912417997E-47	6.391920687430913E-22	1.2598408056328181E-20	1.0858499060624877E-22	1.0181714771513663E-8	2.0481601500391442E-5	
15.872	0.002718085392968727	1.1152132042746253E-41	4.145622599779615E-47	5.892110296319351E-22	1.3811670220562245E-20	9.712344535093818E-23	1.3249228252642434E-8	2.914821572808333E-5	
16.0	8.894666950000008E-4	2.3063525486262478E-42	9.441021349878236E-48	1.6424676024956688E-22	4.115396094633603E-21	2.67663677381673E-23	4.2224793151977425E-9	9.560411521644477E-6	
16.2	0.001393997581380195	1.1174672839614663E-42	8.468861114584713E-48	1.9681060657946641E-22	5.51209468281041E-21	3.147856236992837E-23	6.349846220831299E-9	1.5031313432720434E-5	
16.48	0.001958603845442728	4.352943009770573E-43	5.524175926146636E-48	1.8428389747278167E-22	6.097555857829063E-21	2.868087777458883E-23	8.421011903110873E-9	2.1199490090398665E-5	
16.872	0.002753010873502592	1.8324723638961053E-42	2.719974852303943E-48	1.4036300622620668E-22	5.940418269126201E-21	2.1008530661496755E-23	1.0918299609607405E-8	2.992380060545677E-5	
17.0	8.999321981250056E-4	6.77091011392269E-44	6.205103951695873E-49	3.696693981343969E-23	1.7082522605779704E-21	5.4559546925662906E-24	3.4761727054824952E-9	9.79316711438454E-6	
17.2	0.042312670606769846	1.1789087481905055E-39	1.6603194027721197E-47	1.6724001066970587E-21	8.453103833765809E-20	2.436559343104019E-22	1.5623083779502884E-7	4.5967906788079365E-4	
17.48	0.001971356146028648	2.2928210122786602E-41	3.596414247579522E-49	2.295743635295726E-22	4.754905105381585E-21	3.669670104183519E-23	6.870360010486347E-9	2.1482681588153192E-5	
17.872	0.0027679785634374962	2.5229570086152163E-41	1.778546237355075E-49	2.3229950963226233E-22	5.123488765281258E-21	3.6240965128004427E-23	8.899055353697475E-9	3.025894272135729E-5	
18.0	9.045268266666632E-4	5.142381790399204E-42	4.062876998712703E-50	6.673765812504635E-23	1.5280063934009869E-21	1.0305249216668366E-23	2.8323970680401393E-9	9.896250194217059E-6	
18.2	0.03924713409960986	1.0663112689754009E-39	1.0062957343813006E-48	3.720826741218284E-21	8.389152400557224E-20	5.6420334171495225E-22	1.1748094159712775E-7	4.285545482469373E-4	
18.48	0.001979431302278648	1.0605234148797273E-40	2.3670082010586823E-50	2.881281815901875E-22	5.345893537502788E-21	4.3939169739389153E-23	5.592641896870406E-9	2.1664802137173623E-5	
18.872	0.002777038953736977	1.9988992964684564E-41	1.17362543111231E-50	2.757999199493721E-22	6.111639557765637E-21	4.077844431942974E-23	7.237944984223294E-9	3.0463915057892726E-5	
19.0	9.072753314583304E-4	2.1183825370103533E-42	2.6832997139989624E-51	7.783133073266037E-23	1.8473010399787653E-21	1.1376157027411332E-23	2.303128611135444E-9	9.958492177312262E-6	
19.2	0.03788992453906186	2.620910932986172E-40	6.408660480307199E-50	3.766795633140044E-21	9.788553625108716E-20	5.405191643897446E-22	9.193508830061694E-8	4.149702529520116E-4	
19.48	0.001984069737434912	3.2641130652024495E-41	1.5683235495030518E-51	2.5601981591682385E-22	5.8455481742567485E-21	3.729633124874232E-23	4.543699761568462E-9	2.1770262086186463E-5	
19.872	0.002782188125755188	6.430558417901438E-42	7.79097145333199E-52	2.384468885322803E-22	6.47487592228761E-21	3.382610598006276E-23	5.877125014328781E-9	3.0581383079749296E-5	
20.0	9.0883424270834E-4	1.4636860497828275E-42	1.782436406578775E-52	6.687904643042124E-23	1.937162723200385E-21	9.391964032330212E-24	1.869811431314661E-9	9.994102781048039E-6	
