# Time [h]	All Liquid [L/h]	MS [g/L]	AA [g/L]	Butyric [g/L]	Propionic [g/L]	Valeric [g/L]	LCFA [g/L]	Acetic [g/L]
0.2	1.620667758776	8.2235287692431e-05	0.00020053562051511	0.00084050541594703	0.0018078524879113	0.00022482636247212	0.0029453691091011	1.4989110330651
0.48	-0.79734561373861	1.8175777349912e-06	1.8263867419771e-05	0.00012702452295873	0.00050062160329608	3.5837037914302e-05	0.0024922576911388	1.27479799753
0.872	-0.61077043648275	6.0468805352685e-08	5.4555607838955e-07	8.5838200848647e-06	7.726900440844e-05	2.4472336597355e-06	0.0019717931327326	0.96914626808531
1	-0.55141346761882	5.2145542175845e-09	1.7310310490779e-07	3.3404554684517e-06	3.9247726277269e-05	9.3581205587415e-07	0.001825530813045	0.87202424459848
1.2	1.841285912181	4.1164448710611e-13	2.8851013425348e-08	7.678635798121e-07	1.3576032738291e-05	2.081496861992e-07	0.001615574890821	0.72334292644807
1.48	-0.34022391613281	7.0602875840673e-13	2.6857989252228e-09	1.0935443830938e-07	3.2753251090668e-06	2.8139356991537e-08	0.0013657220903309	0.52761122739193
1.872	-0.19156594819173	2.3699094886407e-14	8.1702970840786e-11	7.1260132631694e-09	4.6486794837704e-07	1.6624601524919e-09	0.0010802750599524	0.28763786860489
2	-0.14912126629232	2.0529709303801e-15	2.607847995097e-11	2.7654782810197e-09	2.3322212765567e-07	6.2463562670226e-10	0.0010002934047828	0.21965527525245
2.2	1.8313343162419	1.2259009444598e-17	4.4558264446837e-12	6.4224983898297e-10	8.0359166338615e-08	1.3777760674907e-10	0.00088893864606457	0.13230564990246
2.48	-0.041904067086589	4.5660135426923e-19	4.2233525457767e-13	9.2848736207067e-11	1.9346463518244e-08	1.8636266174666e-11	0.00075241247120978	0.054757738570675
2.872	-0.012366344750977	1.5537285750647e-20	1.3250570364995e-14	6.1435727962581e-12	2.7610396114525e-09	1.096169679668e-12	0.00059645074027856	0.014167480251552
3	-0.0087872122167969	1.3779247769075e-21	4.2734237102722e-15	2.4037696062975e-12	1.3921173774359e-09	4.1400300585764e-13	0.00055277430377426	0.0090160709840261
3.2	1.4072144559115	9.1613867446052e-25	7.5231657871495e-16	5.849485262611e-13	4.8746078621497e-10	9.6676301352684e-14	0.00049262994058172	0.0053849505870211
3.48	-0.0042812931103516	3.3958327175959e-26	7.2809055782787e-17	1.3367915504353e-13	1.2012937587721e-10	2.6997472836898e-14	0.0004178831947575	0.0038196915810705
3.872	-0.0033282718261719	1.190193952922e-27	2.4092539994997e-18	1.010601117896e-14	1.7617028027067e-11	1.8938554864819e-15	0.00033241510838265	0.0033715078307895
4	-0.0031491411328125	1.0838685189729e-28	7.9129109911429e-19	4.1470773113894e-15	8.9908986884384e-12	7.5959429575536e-16	0.00030847095328287	0.0033355934475691
4.2	0.8607369805957	3.2872925799278e-32	1.45137590045e-19	1.663426696902e-15	3.2620322942157e-12	3.3618803490933e-16	0.00027545871176511	0.003307246067033
4.48	-0.0026694252213542	1.776494923083e-32	1.4612318317697e-20	1.0745180542951e-15	8.4852618909646e-13	2.7214552609124e-16	0.00023448473015943	0.0033208419135316
4.872	-0.0024903799544271	6.4850486628659e-34	5.3147596844854e-22	1.0445578087736e-16	1.3166736730549e-13	2.436132282936e-17	0.00018766261250151	0.0033544490688589
5	-0.0024847214453125	6.3779228280516e-35	1.8035010791346e-22	4.6594903543874e-17	6.8854447001462e-14	1.0572344574078e-17	0.00017454725672047	0.0033673203705992
5.2	0.44195903	7.5630006827821e-37	3.516261799813e-23	2.2158664620955e-17	2.6558226059244e-14	4.9982588807823e-18	0.00015630410644448	0.0033862653128767
5.48	-0.0025088042122396	7.7172080295865e-38	3.833090179459e-24	9.6443602477958e-18	7.4145984694122e-15	2.2829871152431e-18	0.00013388037273457	0.0034337709956117
5.872	-0.002546685406901	3.4898478465402e-39	1.6453834666235e-25	1.1405279083253e-18	1.2733170666347e-15	2.508678855404e-19	0.00010827691923387	0.0035123442749697
6	-0.0025625720279948	9.5395290741084e-40	5.9056030959797e-26	5.4777471379472e-19	6.9489350873245e-16	1.1760023729155e-19	0.00010110534430383	0.0035399986174895
6.2	0.19635029682292	2.8410001642244e-39	1.2666606581639e-26	2.4013775696696e-19	2.8797364965545e-16	5.0835816583203e-20	9.1046212980198e-05	0.0035873860484036
6.48	-0.0026424226074219	3.946535714604e-38	1.5890830103584e-27	7.8161668586721e-20	8.7619239444349e-17	1.6593204833386e-20	7.8788713852321e-05	0.0036739109526861
6.872	-0.0027293125195312	6.102828842511e-40	8.909180683317e-29	1.1827371051957e-20	1.7551251539461e-17	2.3794800544447e-21	6.4791072846157e-05	0.0038193466212911
7	-0.0027599468424479	3.4283460529027e-40	3.4923185948898e-29	6.2645128764711e-21	1.0196371796789e-17	1.2390634040686e-21	6.0866760156941e-05	0.0038699300899251
7.2	0.12995165522135	2.6828706008925e-39	8.6182236374909e-30	3.1191749330364e-21	4.6734308617598e-18	6.1917356646186e-22	5.5338743235782e-05	0.0039573678020946
7.48	-0.002901762281901	9.9659106588006e-39	1.3345186219118e-30	1.414835085764e-21	1.636400917809e-18	2.9889187189957e-22	4.8613956731991e-05	0.0041058433065236
7.872	-0.0030485043782552	2.2711175659816e-39	1.0816161797144e-31	3.8060764277448e-22	4.0692909377739e-19	8.0745608771627e-23	4.0904748798971e-05	0.0043494043593026
8	-0.0030991370214844	1.3164532851677e-39	4.777832334406e-32	2.5290949967378e-22	2.5733862535924e-19	5.3587521104586e-23	3.873516825311e-05	0.0044326411566803
8.2	-0.0031861294677734	5.8776407825841e-41	1.4240301383611e-32	1.3894678533298e-22	1.3019093069164e-19	2.9215427055755e-23	3.5655481245106e-05	0.0045772013447363
8.48	-0.0033229385888672	3.0826756040081e-39	2.8810641914086e-33	6.3132873500073e-23	5.341049692111e-20	1.298571933212e-23	3.1901361711672e-05	0.0048038978760619
8.872	-0.0035401251855469	9.5668484046211e-39	3.5286711428405e-34	2.1943892235272e-23	1.7200978124953e-20	4.3098700843142e-24	2.7551924230556e-05	0.0051631670009525
9	-0.0036133452213542	4.8041186445074e-38	1.7797491496159e-34	1.5365180859932e-23	1.1971412240822e-20	2.9596835144094e-24	2.6316019480704e-05	0.0052832111447935
9.2	0.15983642730469	5.4798988515892e-39	6.4148401493998e-35	1.9466625340994e-22	9.4553426272177e-21	4.6821595540095e-23	2.4541055032335e-05	0.0054764750780369
9.48	-0.0039164289192708	5.0037123373426e-38	1.6893837780738e-35	2.5404408195319e-21	3.0461170938153e-20	6.0130342388101e-22	2.2359702103509e-05	0.0057840637868247
9.872	-0.0041924904622396	8.9084068394599e-41	3.002125709868e-36	1.5982704706001e-21	2.5932387049745e-20	3.5990709566852e-22	1.9777774179864e-05	0.0062393595429615
10	-0.0042825875341797	3.4930332632903e-40	1.7040091117187e-36	1.3440260232624e-21	2.4566415780688e-20	2.9710513037395e-22	1.9031766868915e-05	0.0063867389436392
10.2	0.1954913694222	1.513128123641e-37	7.2726183102221e-37	3.1536434631736e-21	5.8256349660182e-20	6.8895886690673e-22	1.7934636593006e-05	0.0066100194028963
10.48	-0.0046296266129557	1.5190766378228e-37	2.3833849412923e-37	2.0975845622711e-20	2.5238193579662e-19	4.6330129462914e-21	1.6577570928775e-05	0.0069577536410446
10.872	-0.0049230017203776	4.3641514342058e-39	5.5913854543834e-38	1.3081445054008e-20	2.1232548804321e-19	2.7686789320197e-21	1.492729948978e-05	0.0074399436719773
11	-0.0050154756461589	2.6329781897245e-39	3.4598626128322e-38	1.0967074468285e-20	1.9816519749595e-19	2.2847084190768e-21	1.4440613688665e-05	0.0075909155585747
11.2	0.21335220330241	1.2146257759798e-38	1.66675381293e-38	1.7880168513287e-20	3.5842592696833e-19	3.6538729717607e-21	1.3703986100457e-05	0.0078044257493788
11.48	-0.005347172257487	1.3794421357223e-37	6.3484585518744e-39	7.3911733798729e-20	9.6455150243045e-19	1.5407099012802e-20	1.2789248677908e-05	0.0081342203378342
11.872	-0.0056094857226562	7.998704140059e-39	1.782104775644e-39	4.7619339060872e-20	8.0005794321597e-19	9.5600515787512e-21	1.1647794015587e-05	0.0085640465361637
12	-0.0056893497786458	1.9687351887072e-39	1.1645269579769e-39	4.0329803443676e-20	7.4291609588328e-19	7.983900527122e-21	1.1304838844807e-05	0.0086942623930621
12.2	0.22300281451823	1.3802820557708e-39	6.0494949367568e-40	5.734891461882e-20	1.1827070815693e-18	1.1118254832019e-20	1.0771493660384e-05	0.0088630985287588
12.48	-0.0059570877473958	1.9095557606853e-39	2.5245703065281e-40	1.6526277301365e-19	2.371108951459e-18	3.2705769299356e-20	1.0109352029633e-05	0.0091310157793336
12.872	-0.0061593287239583	1.5032257530754e-40	7.8732642058624e-41	1.0810742509103e-19	1.9400227021781e-18	2.067401592477e-20	9.2670019315745e-06	0.0094617876517452
13	-0.0062189915625	3.5767290435451e-40	5.3089766319439e-41	9.2006178921063e-20	1.7933130363259e-18	1.7370351965125e-20	9.0104956275858e-06	0.009559019991214
13.2	0.2235567488916	3.6286918377393e-39	2.8800308298529e-41	1.1925009909148e-19	2.5934046237785e-18	2.2045831768447e-20	8.6032559926536e-06	0.009670355393298
13.48	-0.0064060445654297	4.4271258832644e-38	1.2655620857976e-41	2.4711940434728e-19	4.0671707226812e-18	4.63668009693e-20	8.0989830923958e-06	0.0098631695276962
13.872	-0.00654519625	6.1322239955994e-39	4.1838698791979e-42	1.6145582311057e-19	3.2570481655851e-18	2.9331669274386e-20	7.4496657164113e-06	0.010090690258741
14	-0.0065851614453125	1.7342674996219e-39	2.8702419976196e-42	1.3746319453305e-19	2.9915745765937e-18	2.4671969601215e-20	7.2503034607926e-06	0.010155840101343
14.2	0.22048230763346	6.040942021056e-39	1.5946343392993e-42	1.6794940129638e-19	4.0164585375173e-18	2.9547168057623e-20	6.9291550759145e-06	0.010215766865567
14.48	-0.0067011054785156	2.1162307294627e-38	7.2071894765783e-43	2.8575276487425e-19	5.3865376977274e-18	5.0830089912432e-20	6.5330297480949e-06	0.010343842355248
14.872	-0.006789892890625	2.0742658070732e-39	2.458920532939e-43	1.8581566485648e-19	4.2222129752003e-18	3.2042288976008e-20	6.0195300097539e-06	0.01048922015504
15	-0.0068148086962891	5.0457200628351e-40	1.7026238199358e-43	1.5809994524376e-19	3.8543853156037e-18	2.6946184267995e-20	5.8611456022547e-06	0.010529896939229
15.2	0.2256160003597	6.0510822612673e-39	9.578814331335e-44	1.9125166525368e-19	5.004184288859e-18	3.2002052618751e-20	5.6025965838064e-06	0.010551008063909
15.48	-0.0068790206608073	2.1795407245309e-38	4.3950228890703e-44	3.3185375208216e-19	6.5408023475257e-18	5.637481801573e-20	5.2861110373308e-06	0.010633574224289
15.872	-0.0069338913085937	4.1029366007393e-39	1.5251995432166e-44	2.1677428941568e-19	5.0813967273769e-18	3.5732300980014e-20	4.8744709371222e-06	0.010723804264386
16	-0.0069489585546875	2.5929611098325e-39	1.0614249418162e-44	1.8465757197302e-19	4.6268130305133e-18	3.0092602554576e-20	4.7472033960729e-06	0.010748476109771
16.2	-0.006969987906901	8.0162784992429e-40	6.0752337218546e-45	1.4118432428312e-19	3.9541637348846e-18	2.2581504294119e-20	4.5551343170512e-06	0.010782883437888
16.48	-0.006995013733724	2.2224724105893e-40	2.8204661902407e-45	9.4089418797769e-20	3.1132155040014e-18	1.4643531840971e-20	4.2994972784848e-06	0.010823776405691
16.872	-0.0070229869222005	6.6562481882416e-40	9.8800003969595e-46	5.0985271281412e-20	2.1577896136561e-18	7.6311106736633e-21	3.9659485963876e-06	0.010869481444287
17	-0.0070307202978516	7.5238002685422e-41	6.8950793900075e-46	4.1077472158969e-20	1.8982010690773e-18	6.0626286112817e-21	3.8627051157021e-06	0.010882116602549
17.2	0.21156335303385	2.7861837394917e-38	3.9239295912144e-46	3.9524806227416e-20	1.9977712851841e-18	5.7584626736233e-21	3.6922944251605e-06	0.010863863265753
17.48	-0.007040557664388	1.1630678793873e-38	1.8243351181493e-46	1.1645504237885e-19	2.4119969975798e-18	1.8614952511631e-20	3.4850932563996e-06	0.010897412743725
17.872	-0.0070611698046875	9.1147996662301e-39	6.4254335667482e-47	8.392388319069e-20	1.8509857095564e-18	1.3092935619775e-20	3.2150015434534e-06	0.010931783620383
18	-0.0070666158333333	5.6851622735721e-39	4.4917153133922e-47	7.3781845001752e-20	1.6892880878193e-18	1.1392972450187e-20	3.131357727087e-06	0.01094080341507
18.2	0.19623567049805	2.7169149886692e-38	2.5639980025734e-47	9.4805055874265e-20	2.1375197432927e-18	1.4375657093407e-20	2.9933635739863e-06	0.010919384512491
18.48	-0.007069397508138	5.3577177124505e-38	1.1958021469772e-47	1.4556109184416e-19	2.7007219353098e-18	2.2197875565981e-20	2.8253781227125e-06	0.010944962885165
18.872	-0.0070842830452474	7.1979519544679e-39	4.2261756160568e-48	9.9314386490055e-20	2.2007755957263e-18	1.4684145594917e-20	2.6063534234849e-06	0.010969927165371
19	-0.0070880885270182	2.3348838699332e-39	2.9575362857997e-48	8.5785789642882e-20	2.036097506376e-18	1.2538814440293e-20	2.5385112228649e-06	0.010976262477351
19.2	0.18944962269531	6.9171711605923e-39	1.6913890851644e-48	9.9414176168568e-20	2.5834186117255e-18	1.4265511767713e-20	2.426372958485e-06	0.010951994705722
19.48	-0.0070859633479818	1.6451604515789e-38	7.9045787550323e-49	1.2903771026104e-19	2.9462412857595e-18	1.879789331244e-20	2.2900907542911e-06	0.010972528674487
19.872	-0.007097418688151	2.3113312713733e-39	2.8003036103884e-49	8.5704804188091e-20	2.3272602820595e-18	1.2158094439024e-20	2.1124110767073e-06	0.010991845877226
20	-0.0071002675211589	1.6105093547323e-39	1.961233768291e-49	7.3587727318813e-20	2.1314807829287e-18	1.0334078087047e-20	2.0573734389041e-06	0.010996617767466
