# Time [h]	MS [g]	AA [g]	Butyric [g]	MO_AcidoLCFA [g]	MO_ButyricValeric [g]	Propionic [g]	Carbondioxide [g]	Carbondioxide_gas [g]	Carbondioxide_sum [g]	MO_hydroM [g]	Valeric [g]	MO_acetoM [g]	LCFA [g]	MO_AcidoMS [g]	Methane [g]	Methane_gas [g]	Methane_sum [g]	MO_AcidoAA [g]	MO_Propionic [g]	Hydrogen [g]	Hydrogen_gas [g]	Hydrogen_sum [g]	Acetic [g]
0.2	0.0018922929044924	0.005694635891785	0.034934704402867	47.21689612572	67.460849489402	0.10319677377671	24.613164283447	1.997063999292	26.610228282739	110.08634063185	0.0098933467338984	64.080911904953	0.085364327512309	241.40744415848	2.0940014290234	3.2393216022284	5.3333230312518	35.146687394088	39.056451882108	4.3394215115002e-07	1.3372984091485e-05	1.3806926242635e-05	45.623683336573
0.48	-3.9943994957504e-05	0.00050963025358913	0.005199207833219	47.209098905858	67.449707230012	0.030148748350731	21.89277590938	3.672770431121	25.565546340501	110.08141786156	0.0014709495844365	64.318664214811	0.072720322733188	241.35151307126	2.1220148900533	2.0052639434024	4.1272788334556	35.138948037944	39.052601142458	1.336005740905e-07	3.6916797165745e-06	3.825280290665e-06	39.299519709604
0.872	1.3199855942794e-06	1.5333263081753e-05	0.00034867756013756	47.197442195606	67.42849343012	0.0047944289594974	18.600275645865	3.7759736576968	22.376249303562	110.05406158533	9.529510019623e-05	64.644845706299	0.058142419581424	241.27300358146	2.0731974375205	1.5281784390318	3.6013758765523	35.127558082767	39.041629362592	3.8077083177322e-08	6.2158503290485e-07	6.5966211608217e-07	30.606368201478
1	1.1360684906037e-07	4.8661387609e-06	0.00013536359118562	47.193477041122	67.421361750862	0.0024292012840085	17.638270090583	3.5148339586261	21.153104049209	110.04372820449	3.6164343279339e-05	64.749379841934	0.054011652831293	241.24737236125	2.0513967925119	1.4378880824571	3.489284874969	35.123827218244	39.037640178538	2.9469903999506e-08	3.9526356685888e-07	4.2473347085838e-07	27.812763316404
1.2	1.2690090197495e-09	8.5064474647253e-07	0.0064615199009625	47.187121583565	67.411233738056	0.040155103908703	17.607796022424	4.1799519596537	21.787747982078	110.03175297651	0.0022211432885175	64.909977819342	0.047406461689107	241.20732900253	2.0587919358444	2.1317062206207	4.1904981564652	35.117997529945	39.032717595875	1.4166430314647e-07	8.85473749036e-06	8.9964017935065e-06	24.958727354611
1.48	-2.3887181923272e-11	7.6591932474016e-08	0.00092811886968398	47.177942035722	67.396428281567	0.011528205112686	15.795305879692	3.1428660587536	18.938171938445	110.01371252073	0.00029049174290493	65.126576775543	0.040305772248298	241.15127942979	1.9811323047336	1.5387644660249	3.5198967707585	35.109837189293	39.025615992823	5.2161018583625e-08	2.4146362032559e-06	2.4667972218395e-06	19.127771904314
1.872	7.8851523986474e-13	2.3247207302518e-09	6.0004943238063e-05	47.164657420442	67.374634766275	0.0017893741514919	13.886144836958	2.8278482800731	16.713993117031	109.98157087685	1.6443452022143e-05	65.400723161553	0.032181492399675	241.07283189255	1.8143209559622	1.4780859654869	3.2924069214491	35.098415812668	39.013573737869	1.8171475727941e-08	3.9431797728746e-07	4.124894530154e-07	11.763886473442
2	6.8071153827531e-14	7.3982686040373e-10	2.3164322425504e-05	47.160229642823	67.367482701954	0.00090124518514176	13.349743926689	2.7499191561278	16.099663082817	109.97055362053	6.1136674810233e-06	65.481185581831	0.029886715987537	241.04722190589	1.7455906576007	1.4798134264062	3.2254040840069	35.094687187784	39.009488085166	1.483767182871e-08	2.3722614908168e-07	2.5206382091039e-07	9.5903799654601
2.2	8.4327317285844e-16	1.3019799803114e-10	0.0028877852333172	47.153223847489	67.356780592678	0.014869783240321	13.282119580977	3.2260385316128	16.50815811259	109.95516344364	0.0010112048563882	65.591654883016	0.026291566533388	241.00721176495	1.6378484606464	2.1013068404679	3.7391553011143	35.088862006986	39.00367470483	6.2281849491064e-08	3.9091093394248e-06	3.9713911889158e-06	7.5957994807141
2.48	-1.6243170936122e-17	1.1848980497804e-11	0.00041056757815816	47.143260119988	67.341515003583	0.0039886678207018	11.646474096896	2.540532635066	14.187006731962	109.93281211876	0.00013191858528654	65.704818642863	0.022347864079422	240.9512085907	1.3307939491191	1.5636018497853	2.8943957989044	35.080708359345	38.995365820487	2.2238383758332e-08	9.2789232351169e-07	9.5013070727002e-07	4.4491689627097
2.872	5.388151229582e-19	3.648864541251e-13	2.658058148055e-05	47.129068414992	67.319666580284	0.00059829336464111	9.4797738995548	2.2634588768547	11.743232776409	109.89870123623	7.4984122783986e-06	65.782964624283	0.017840975851699	240.87282588517	0.84728776838524	1.4468090349337	2.2940968033189	35.069296418604	38.982908755158	9.0513109621154e-09	1.5130850325722e-07	1.6035981421934e-07	2.1113933401004
3	4.6916165032083e-20	1.1666389953031e-13	1.0282482473055e-05	47.124384519168	67.312517302448	0.00030152104410922	8.8830647649443	2.1812831018944	11.064347866839	109.88736006945	2.7939584952525e-06	65.796880214593	0.01656974565168	240.84723706623	0.71945322099518	1.4308235022218	2.1502767232169	35.065570876442	38.978787095682	7.6230572072476e-09	8.8386231422971e-08	9.6009288630219e-08	1.6444955019302
3.2	5.6838185748615e-22	2.0739229362381e-14	0.0010371316086893	47.117018684954	67.301517509797	0.0044312158145638	8.2768708508099	2.2028922610163	10.479763111826	109.87021719687	0.00036357391752319	65.811912127952	0.014629207584931	240.80726001531	0.595011483638	1.964501319831	2.559512803469	35.059750514569	38.972528126156	2.2567962103537e-08	1.3131078473352e-06	1.3356758094388e-06	1.5070802731304
3.48	-1.0616040756246e-23	1.9185837686818e-15	0.00014709672400941	47.10662185546	67.286017030385	0.0011598027108726	7.1390255014514	1.8182521402525	8.9572776417039	109.84589104909	4.7532292743076e-05	65.825022979163	0.012443081692749	240.751303314	0.44283201289221	1.5370889693687	1.9799209822609	35.051603634265	38.963700851142	9.0353078453476e-09	3.0344423539374e-07	3.1247954323909e-07	0.93233944140465
3.872	3.5354663668517e-25	6.0561082752658e-17	9.5882648887235e-06	47.091932588376	67.26414926632	0.00017334210475188	6.0868098028522	1.6256291720911	7.7124389749433	109.81090229913	2.7254373410327e-06	65.831183004899	0.0099429994769236	240.6729857636	0.3276020979232	1.4795237603906	1.8071258583138	35.040201180289	38.951092320443	4.5623523339146e-09	5.250094948388e-08	5.7063301817795e-08	0.43502216902218
4	3.1049999309548e-26	1.9527880610761e-17	3.7225553492622e-06	47.087108768243	67.257004360097	8.7653705256179e-05	5.8196924921673	1.5678688433906	7.3875613355578	109.79940714654	1.0193370079388e-06	65.831223646195	0.0092383319148631	240.6474181816	0.30615247150012	1.4825997665713	1.7887522380714	35.036478730115	38.946960029737	3.9990069532525e-09	3.1890883035489e-08	3.5889889988741e-08	0.32272565009015
4.2	3.9709192934479e-28	3.5292427439564e-18	0.00026844436564943	47.079546206771	67.245885266343	0.0010528973012245	5.4044681297207	1.4411192880565	6.8455874177772	109.78157400794	9.3088704442926e-05	65.830072677425	0.0081924280121204	240.60747424886	0.31059790351098	1.9172040241901	2.2278019277011	35.030663189952	38.940546784285	7.3882032784784e-09	3.3828513003095e-07	3.4567333330943e-07	0.27275687981424
4.48	-7.3613575828203e-30	3.3545943784733e-19	3.8280570974248e-05	47.068913087958	67.230294837747	0.00027469451703625	4.7899736951322	1.2433949563157	6.0333686514479	109.75650496499	1.2265888884256e-05	65.825255832552	0.0069794970367918	240.55156376203	0.29031108309405	1.6239951998798	1.9143062829738	35.02252303792	38.931552723891	3.781866467885e-09	8.2368609134315e-08	8.61504756022e-08	0.15318102690521
4.872	2.4776804820448e-31	1.1094107590709e-20	2.5317965925104e-06	47.053953966298	67.20842977207	4.1397457364046e-05	4.199185848261	1.1130715279286	5.3122573761896	109.72115227458	7.1472934102018e-07	65.813786038651	0.0055901276267636	240.47331072994	0.27493727316259	1.608368022967	1.8833052961296	35.011129976952	38.918903849661	2.3857584697326e-09	1.7091057185039e-08	1.9476815654771e-08	0.10539799656291
5	2.2148365474073e-32	3.637066159515e-21	9.8923827921668e-07	47.049054604579	67.201290157111	2.1041632016923e-05	4.0420180591159	1.0744938228875	5.1165118820034	109.70958584909	2.6908978259354e-07	65.809615271761	0.0051986881337068	240.4477642176	0.27281430639984	1.6178446087018	1.8906589151016	35.007410594257	38.914770683026	2.1604367242852e-09	1.153785802176e-08	1.3698294746045e-08	0.10055746131456
5.2	3.0057329170701e-34	6.7690454378294e-22	5.2353591226281e-05	47.04138590104	67.190144270214	0.00019853726958649	3.7546968784073	0.96672743928366	4.721424317691	109.69153032117	1.7772309621827e-05	65.803098978071	0.0046300606164995	240.40785322846	0.28948511577008	1.9308322612862	2.2203173770563	35.001599850296	38.908321159402	2.6427680079363e-09	6.9685080069257e-08	7.2327848077194e-08	0.10403677220154
5.48	-5.8051350746492e-36	6.7549716969591e-23	7.5771643380557e-06	47.030625599512	67.174538002231	5.2208973500596e-05	3.3940268627904	0.86850184414944	4.2625287069399	109.66622193594	2.379870364687e-06	65.793785620745	0.0039558452538837	240.35198896427	0.28604804295137	1.7285199154961	2.0145679584475	34.993466427823	38.899290215167	1.7785983754799e-09	1.9614484675046e-08	2.1393083050526e-08	0.098193464137285
5.872	2.0221941593954e-37	2.4579070505122e-24	5.1498189706753e-07	47.015522486554	67.152686721759	8.0109198992408e-06	3.0580117049789	0.7970969773688	3.8551086823477	109.63072533529	1.4276972858515e-07	65.780449832724	0.0031825245915337	240.27380078963	0.28282845546312	1.722331377325	2.0051598327881	34.982082809578	38.886639010103	1.3076083443166e-09	5.9600995626855e-09	7.267707907002e-09	0.097175961122378
6	2.8221110570768e-38	8.342371747422e-25	2.0352167744606e-07	47.010583111467	67.145552847043	4.1068320687492e-06	2.96933524293	0.77547732845262	3.7448125713826	109.61912730791	5.4389980952562e-08	65.776074865977	0.0029647062290701	240.2482754649	0.28269931312761	1.7287191546546	2.0114184677822	34.978366511639	38.882508175089	1.2068590263839e-09	4.6721555007545e-09	5.8790145271384e-09	0.097308816851982
6.2	-1.1928114957022e-39	1.6472486756721e-25	8.151497671519e-06	47.002858369935	67.134408920308	3.0530396091479e-05	2.8055739246908	0.71335102253979	3.5189249472306	109.60100484661	2.6720501958417e-06	65.769238553467	0.0026522925008851	240.20839757417	0.2961269133098	1.9542442868414	2.2503712001512	34.972560586554	38.876055721579	1.1878199916979e-09	1.3231507248826e-08	1.4419327240524e-08	0.098111805897851
6.48	9.0299747909441e-38	1.815246047758e-26	1.2132907800377e-06	46.99203134251	67.118809760751	8.1699016102915e-06	2.6030346443943	0.65950240255139	3.2625370469457	109.5756238717	3.6845989555258e-07	65.759651065333	0.0022769797409773	240.15257964685	0.29392056016725	1.7972752595035	2.0911958196708	34.96443391038	38.86702355048	9.4597241588141e-10	5.1591731356278e-09	6.1051455515092e-09	0.098732453344436
6.872	-1.9285762298914e-39	8.1319714045462e-28	8.6568883526742e-08	46.976853821832	67.096975712063	1.2945404553672e-06	2.4160742563729	0.6203178070884	3.0363920634613	109.54007402191	2.3274470433002e-08	65.746196579934	0.0018460945415368	240.0744563383	0.29148567109277	1.7890813913904	2.0805670624832	34.953059736158	38.854380304312	7.4760785056741e-10	2.6008990870577e-09	3.3485069376251e-09	0.10026809988483
7	-1.4744200165864e-39	2.9770494286618e-28	3.4896806812615e-08	46.971894058748	67.089847717514	6.7344335218746e-07	2.3668424213495	0.60836285905068	2.9752052804002	109.52846383321	9.0507062945006e-09	65.741799855389	0.0017247197655475	240.04895219042	0.29129616499067	1.7924917986035	2.0837879635942	34.949346521411	38.850252676992	6.9666438546938e-10	2.286380858337e-09	2.9830452438064e-09	0.10083291946825
7.2	3.1451807149754e-39	6.6667651409735e-29	3.1356484715307e-06	46.964141030189	67.078712208243	1.1320140898185e-05	2.2753050074438	0.57343035407687	2.8487353615207	109.51032312549	9.7751300793514e-07	65.734924970366	0.001551131338407	240.00910738367	0.30166646364513	1.9681575649419	2.269824028587	34.94354541311	38.843804592765	6.6935388127418e-10	5.6414986830565e-09	6.3108525643307e-09	0.10191573179219
7.48	4.8772803509808e-38	9.0363070971544e-30	4.8976215814041e-07	46.953280880706	67.063125330224	3.1314648926971e-06	2.1591832592156	0.54175024730562	2.7009335065212	109.48492360511	1.4173388888036e-07	65.72528838087	0.0013418400792466	239.95333576511	0.29924268703761	1.8369168430723	2.1361595301099	34.935425479151	38.834778919544	5.5161719820047e-10	2.561425739e-09	3.1130429372004e-09	0.10358100098336
7.872	-6.9153207786741e-40	6.0909970450965e-31	3.7922706193632e-08	46.938067643827	67.041309294231	5.2446723162591e-07	2.0550612114565	0.52093186903729	2.5759930804938	109.44936063646	9.7648227446399e-09	65.711774636666	0.0011012198475367	239.87527727155	0.29660879354358	1.8267722059137	2.1233809994573	34.924060741512	38.822145872572	4.4521874574642e-10	1.479574929238e-09	1.9247936749844e-09	0.10642190936256
8	9.106329720861e-39	2.5657236784627e-31	1.5786436283547e-08	46.933098408266	67.034187208991	2.7945743446005e-07	2.0280012184233	0.51451511157099	2.5425163299943	109.43774826648	3.9259265975868e-09	65.707359595937	0.0010333590354037	239.84979428318	0.29626422629469	1.8283658904222	2.1246301167169	34.920350607435	38.818021644508	4.1706625870199e-10	1.3286599348594e-09	1.7457261935614e-09	0.10740090832551
8.2	8.7369182408602e-40	7.187208402149e-32	4.2280106630273e-09	46.925332584864	67.023060462153	1.0738381361296e-07	1.9770338201544	0.49487761544405	2.4719114355985	109.41960425047	9.986298686595e-10	65.70045325159	0.00093697103009404	239.80998253346	0.30478884107203	1.9759470090374	2.2807358501095	34.914554311992	38.811578401137	3.776865930445e-10	1.1643396429365e-09	1.542026235981e-09	0.10912359205392
8.48	1.9221162671707e-38	1.356769379814e-32	7.1230892240036e-10	46.914458161544	67.007486117545	2.9350664632113e-08	1.908236747808	0.47492974552448	2.3831664933325	109.3942038227	1.5668216036435e-10	65.690771591202	0.00081949425389658	239.75425718567	0.30217387460453	1.8595232688911	2.1616971434957	34.906441114716	38.802559646305	3.3012658832457e-10	9.9821739573334e-10	1.3283439840579e-09	0.11184986472745
8.872	-3.6109964038659e-38	1.5460000680944e-33	6.2442345445881e-11	46.899230917307	66.985688114564	5.1094012523239e-09	1.850323776598	0.46460875027472	2.3149325268727	109.35864681857	1.2316060598885e-11	65.677195304872	0.000683760001941	239.67626345339	0.29937166190737	1.8481178283415	2.1474894902489	34.895085805843	38.789936904732	2.7539336297452e-10	8.2302074944369e-10	1.0984141124182e-09	0.11621193723145
9	-1.7042904769483e-37	7.6720411047308e-34	2.7221575200867e-11	46.894258333874	66.978571934977	2.7947744423886e-09	1.8357472212416	0.46135269743355	2.2970999186751	109.34703758045	5.1945104345992e-12	65.672760812109	0.00064532556652924	239.65080160699	0.29893037108993	1.8486560892439	2.1475864603338	34.89137874988	38.785816082115	2.5990986459288e-10	7.7426947367539e-10	1.0341793382683e-09	0.11767044827782
9.2	-2.3220511407282e-38	2.7167733851742e-34	5.7494605333101e-06	46.886488381629	66.967455165374	1.9888824691444e-05	1.807654676323	0.45036522272859	2.2580198990516	109.32890214854	1.5716734856119e-06	65.665826473692	0.00058977550524859	239.61102288745	0.3064018812266	1.9803332373386	2.2867351185652	34.885587263387	38.779378957709	3.1641398623996e-10	7.3137838339549e-09	7.6301978201949e-09	0.12022211014871
9.48	-1.6977550833903e-37	7.0163794525585e-35	1.0723116156718e-06	46.875610185499	66.951894424856	6.1990239479177e-06	1.7652132172734	0.43682020131925	2.2020334185927	109.30351485967	2.7416124983507e-07	65.656106706164	0.00052265928921063	239.5553437726	0.30369316637636	1.8724371930823	2.1761303594586	34.877480797286	38.770368637258	2.330822565123e-10	2.4747102499327e-09	2.707792506445e-09	0.12392764671496
9.872	7.7702658181852e-40	1.2252719892822e-35	1.1009050811671e-07	46.860380999197	66.930114644469	1.2519242328321e-06	1.7333614054512	0.43248033327118	2.1658417387224	109.26797577362	2.5487832148291e-08	65.642480549566	0.00044435301232166	239.47741474809	0.30082690632725	1.860274327718	2.1611012340453	34.866134909386	38.757756702351	1.8321146142284e-10	8.5618111242678e-10	1.0393925738496e-09	0.12956156953812
10	-5.1394300865464e-39	6.9274884872073e-36	5.0700445698619e-08	46.855408463835	66.923004377057	7.1891585811666e-07	1.7258690062359	0.43102465175785	2.1568936579937	109.25637274549	1.1379580409948e-08	65.638031636004	0.0004219864369823	239.45197402617	0.30034229354444	1.8602073700246	2.160549663569	34.862430928991	38.753639333902	1.7236119134518e-10	6.7750496451994e-10	8.4986615586512e-10	0.13139006042871
10.2	-4.5251552049582e-37	2.9474650469725e-36	1.0673980601483e-05	46.847639204108	66.911897340928	3.685032119605e-05	1.7107795058951	0.42494287791751	2.1357223838126	109.23824931718	2.7259182285036e-06	65.631079768385	0.00038919869034236	239.41222830939	0.30723789402468	1.9828184296568	2.2900563236815	34.856644247459	38.74720811798	3.025286964164e-10	1.2630542619295e-08	1.2933071315711e-08	0.13453801665718
10.48	-1.0770792191076e-36	9.6133445590656e-37	2.2294720274586e-06	46.83676309105	66.896350042663	1.238883623749e-05	1.6832651591788	0.4149716445195	2.0982368036983	109.21287954389	5.3510337655827e-07	65.621341981062	0.00034945847255385	239.35659538922	0.30452058401038	1.8798447516537	2.1843653356641	34.848544506961	38.738206020851	1.860538040913e-10	4.1120537483058e-09	4.2981075523971e-09	0.13873237518628
10.872	-1.017130712557e-38	2.2460698035621e-37	2.6971112650053e-07	46.821538636917	66.874588471004	2.7874871778944e-06	1.6663556379925	0.41406777326897	2.0804234112615	109.17736407805	5.9202654830093e-08	65.607702388107	0.0003023165300049	239.278731019	0.3016799324175	1.8672424647708	2.1689223971883	34.837208032248	38.725604864809	1.3127623088388e-10	1.0966342235892e-09	1.227910454473e-09	0.14474090652403
11	-8.8017500430952e-39	1.3885200193299e-37	1.309837721338e-07	46.816568015556	66.867484113389	1.6644826451934e-06	1.6629464417408	0.41364827688318	2.076594718624	109.16576887989	2.792958589434e-08	65.603251643778	0.00028867363533868	239.25331140415	0.30118742809974	1.8668284694138	2.1680158975136	34.833507124885	38.721490951567	1.2186358629787e-10	7.6067267604225e-10	8.8253626234011e-10	0.14662730305525
11.2	1.8088966486225e-38	6.6903464406573e-38	1.50682894245e-05	46.808802076982	66.856386652967	5.2537204351541e-05	1.6553827984506	0.41039572923505	2.0657785276856	109.14765925302	3.6320724160407e-06	65.596303246552	0.00026833326374823	239.21359866285	0.30778296324322	1.9842498497041	2.2920328129473	34.827725244339	38.715065510723	3.1496078980176e-10	1.7553707797441e-08	1.7868668587243e-08	0.1498291820716
11.48	-5.1948343492808e-37	2.5446996074421e-38	3.4823609199668e-06	46.797931204636	66.840852686019	1.889473151146e-05	1.6365008687456	0.40246187073884	2.0389627394845	109.12230932086	7.9229487758807e-07	65.586578944315	0.00024353281447617	239.15801189919	0.30510127006255	1.884108430077	2.1892097001395	34.819632223887	38.706071515087	1.6732187211025e-10	5.9316832645666e-09	6.0990051366769e-09	0.15371976970585
11.872	-3.0310818928e-38	7.1351606354661e-39	4.8306753374388e-07	46.78271503943	66.819109311111	4.6520716770885e-06	1.6283153233335	0.40356345997426	2.0318787833078	109.08682053141	1.0131804697455e-07	65.572970425124	0.00021354032780813	239.08021212991	0.30231773014114	1.8712446433175	2.1735623734587	34.808305154591	38.693481127428	1.0196660510327e-10	1.5019364967818e-09	1.603903101885e-09	0.15898618986484
12	-9.0974177334997e-39	4.6613423909219e-39	2.4457780217582e-07	46.777747317678	66.812010860981	2.8638269437122e-06	1.6272927424074	0.40374916723572	2.0310419096432	109.07523402538	4.991043718152e-08	65.568531460926	0.00020473528414535	239.0548136047	0.3018287214299	1.8706284982926	2.1724572197225	34.804607317723	38.689370671505	9.2136456352341e-11	9.8039470002867e-10	1.072531156381e-09	0.16058908802645
12.2	-6.8711739588554e-39	2.4236617989403e-39	1.7846881086639e-05	46.769986080969	66.800922772875	6.3776928780234e-05	1.6241424365554	0.40215659070309	2.0262990272585	109.0571387652	4.0964079377797e-06	65.561606009216	0.0001913841683552	239.0151338116	0.3082642422194	1.9850904703403	2.2933547125597	34.798830234189	38.682950828302	3.2647420089405e-10	2.0975780690225e-08	2.1302254891119e-08	0.16332250465207
12.48	-2.1579074039332e-38	1.0108536855077e-39	4.4431266619692e-06	46.759122096317	66.785401934105	2.4083407237002e-05	1.6102847502698	0.39539407697344	2.0056788272433	109.03180933165	9.6565876629146e-07	65.551919106997	0.00017501959722455	238.95959316625	0.30561052479933	1.8865503753393	2.1921609001386	34.790743928221	38.673964706155	1.586477841453e-10	7.3875545970015e-09	7.5462023811468e-09	0.16630503521574
12.872	3.2913019053121e-40	3.1511004512256e-40	6.780273156432e-07	46.743916063352	66.763676700715	6.3104876142681e-06	1.6071695731142	0.39766885530426	2.0048384284184	108.99634855628	1.3657661584107e-07	65.538367603849	0.00015489087795319	238.88185794449	0.30285489545821	1.8735232426827	2.1763781381409	34.779426256564	38.661385001441	8.4085075153339e-11	1.890293001741e-09	1.9743780768943e-09	0.17018276635614
13	-2.2408805039374e-39	2.124616744805e-40	3.5295558134661e-07	46.738951750057	66.756584151145	3.963522447675e-06	1.6075256745014	0.39820689021608	2.0057325647175	108.98477115578	6.9248094211431e-08	65.533947157498	0.00014891006523553	238.85648049147	0.30236301908715	1.8727879189285	2.1751509380156	34.775731487652	38.657277992717	7.340089250176e-11	1.2112060857648e-09	1.2846069782665e-09	0.17133554619068
13.2	3.8713932462219e-38	1.1537310296212e-40	1.8145609639729e-05	46.731195927788	66.745505204688	6.6869195267833e-05	1.6069193356896	0.39757749679805	2.0044968324877	108.96669005675	3.9691454300232e-06	65.52705175712	0.00013971735685698	238.81683361922	0.30869907795884	1.9855849645054	2.2942840424642	34.769959197148	38.650863505391	3.1571445764406e-10	2.1734497000571e-08	2.2050211458215e-08	0.17336189446056
13.48	-6.8186353415007e-37	5.0678867106161e-41	4.7371142648008e-06	46.720339682226	66.729997226552	2.60205899462e-05	1.595909593694	0.39147689784149	1.9873864915355	108.94138071625	9.8311733704904e-07	65.517407410792	0.00012840988729061	238.76133905387	0.30604305426068	1.8879283878582	2.1939714421189	34.761879600086	38.641884909246	1.4668083271209e-10	7.8845111681254e-09	8.0311920008375e-09	0.17530963902934
13.872	-3.2924054389196e-38	1.6749254637015e-41	7.6664057890955e-07	46.705144740921	66.708290040667	7.0788147753565e-06	1.5956322322043	0.39441964324158	1.9900518754459	108.90594826904	1.4793655942087e-07	65.50391341121	0.00011432983103728	238.68366832606	0.3032739313465	1.8748002220731	2.1780741534196	34.750571318269	38.629315717565	7.0393278286094e-11	2.0549413215228e-09	2.1253345998089e-09	0.17780019863781
14	-8.4307256713748e-39	1.1489755116602e-41	4.057941111267e-07	46.700184102727	66.70120337965	4.4987969971138e-06	1.5967516146847	0.39515634250055	1.9919079571852	108.89438013439	7.631802089674e-08	65.499510575313	0.0001101106368953	238.65831192776	0.30277097696684	1.873995875484	2.1767668524509	34.746879614767	38.62521213125	5.9593615351251e-11	1.3113900582512e-09	1.3709836736025e-09	0.17853095716819
14.2	3.2043037058942e-38	6.3896563121561e-42	1.7154806529667e-05	46.692434070747	66.690133478109	6.4896445904101e-05	1.597547528809	0.39506520185145	1.9926127306604	108.87631309733	3.5730348585021e-06	65.492641736873	0.00010355940162741	238.61869794897	0.30903707282676	1.9858707479863	2.294907820813	34.741112113307	38.61880286652	2.9183197460617e-10	2.0911083242675e-08	2.1202915217281e-08	0.17990896115355
14.48	3.5099426207352e-38	2.8869171634824e-42	4.6047102858915e-06	46.681586018488	66.674638231103	2.5677560399047e-05	1.5880783396159	0.38932598919022	1.9774043288062	108.85102361858	9.1102256517899e-07	65.483032498268	9.5490195151071e-05	238.56324942529	0.30635927940113	1.8886960994528	2.195055378854	34.73303921957	38.60983159911	1.3187619480276e-10	7.7204926472455e-09	7.8523688420483e-09	0.18101989492195
14.872	-5.3932714172416e-39	9.8467436405514e-43	7.7081830520072e-07	46.666402690724	66.652949030605	7.1327071218182e-06	1.5893066900754	0.39263085576306	1.9819375458385	108.81561961013	1.4205623193373e-07	65.469583095759	8.5361943956528e-05	238.48564313785	0.30355761150998	1.8755103176393	2.1790679291493	34.721740319791	38.597272805657	5.8892464870627e-11	2.0367989116619e-09	2.0956913765326e-09	0.18246538716936
15	3.8148464432641e-39	6.8177316154972e-43	4.1189645771089e-07	46.661445874976	66.645868248091	4.5625996067928e-06	1.5908260060825	0.39347408705739	1.9843000931399	108.80406081541	7.4010463260268e-08	65.465193505906	8.23102842372e-05	238.46030777676	0.30304159482808	1.8746678132776	2.1777094081057	34.718051679151	38.593172622612	4.8606113402868e-11	1.2981778908694e-09	1.3467840042723e-09	0.18288966727594
15.2	2.8100212119937e-38	3.839311248898e-43	1.7119600684295e-05	46.653701843252	66.634807491894	6.5764032079336e-05	1.592363443725	0.39367800134313	1.9860414450681	108.78600836176	3.4057523506198e-06	65.458344592988	7.7525174887793e-05	238.42072666415	0.30925880788275	1.9860349345235	2.2952937424063	34.712288962763	38.58676867371	2.8360605716269e-10	2.1061854355318e-08	2.1345460412481e-08	0.18383744909942
15.48	-1.2694318223582e-37	1.7609523981508e-43	4.6679880659235e-06	46.642862242251	66.619325073302	2.6253712271643e-05	1.5836997084662	0.38813056259879	1.971830271065	108.76073940758	8.8269363584889e-07	65.448760879609	7.1646421522213e-05	238.36532414394	0.30655675053424	1.8891267096488	2.195683460183	34.704222766789	38.577804863354	1.2416796015812e-10	7.8459319017626e-09	7.9700998619207e-09	0.18436791437009
15.872	-2.1195783696407e-38	6.1091556517881e-44	7.963749832912e-07	46.627690831639	66.597653867663	7.3756546165844e-06	1.5856911234247	0.39161977873384	1.9773109021586	108.72536423915	1.4041551874662e-07	65.435342231193	6.4230771665979e-05	238.28778224334	0.30372426572497	1.8759109297994	2.1796351955244	34.692933241256	38.565256509238	5.1200774156788e-11	2.0800119685353e-09	2.1312127426921e-09	0.1851331055586
16	-1.2281438217993e-38	4.2512014748228e-44	4.278373162602e-07	46.622737925619	66.590578960359	4.7347735179656e-06	1.5874092437303	0.39251656354814	1.9799258072785	108.71381487068	7.356356804263e-08	65.430961587577	6.1988598727235e-05	238.26246790199	0.30319782654577	1.8750484407909	2.1782462673366	34.689247660933	38.561159732045	4.0998167553685e-11	1.3230718349816e-09	1.3640700025353e-09	0.18536388158027
16.2	-3.566128537517e-39	2.4330329075447e-44	1.6612844174577e-07	46.615000021306	66.579525879952	2.393026967206e-06	1.589196092324	0.3927442529353	1.9819403452593	108.69577104389	2.7517463368017e-08	65.424118132135	5.8653169492922e-05	238.22291962739	0.30938952711663	1.9860939103388	2.2954834374554	34.683489725515	38.554759268982	3.1590281462983e-11	6.7102525455526e-10	7.0261553601824e-10	0.18569869737788
16.48	-1.0158204635516e-39	1.1294614236626e-44	4.5720252460578e-08	46.604169032579	66.564054616619	9.3582707778934e-07	1.580797375828	0.38728259970498	1.968079975533	108.6705142924	7.2014992700718e-09	65.41454020221	5.4305376243371e-05	238.16756307135	0.30667742144919	1.889387698337	2.1960651197862	34.675430221582	38.545800283748	2.4933072442968e-11	2.7651361712398e-10	3.0144668956695e-10	0.18611058103377
16.872	1.4722201441577e-39	3.9562241917866e-45	7.8883402241094e-09	46.589009733122	66.542400870389	2.5911522428243e-07	1.583092065208	0.39087824103494	1.9739703062429	108.63516431731	1.1592510884787e-09	65.401136660117	4.8793060386524e-05	238.09008550362	0.30382371369479	1.8761845340435	2.1800082477383	34.664150062438	38.533261111243	2.0487292395271e-11	9.7352651997783e-11	1.1783994439305e-10	0.18658203010442
17	7.5589063830106e-40	2.760946287568e-45	4.2518184519438e-09	46.584060793511	66.53533178378	1.6583955737066e-07	1.5849014390244	0.39180790667493	1.9767093456993	108.62362390709	6.094090618582e-10	65.396761250986	4.7122458337123e-05	238.06479216448	0.30328973736478	1.875314432288	2.1786041696527	34.66046753988	38.529167562517	1.9511922997437e-11	7.2525456097529e-11	9.2037379094967e-11	0.18671348701738
17.2	1.5071930177531e-37	1.5727071998823e-45	1.3469506390478e-05	46.576329096615	66.52428900017	5.1094904287063e-05	1.5869690054709	0.39222413315429	1.9791931386251	108.60559925586	2.4882745857299e-06	65.389931913071	4.447575854635e-05	238.02527670209	0.30945175283441	1.986180162008	2.2956319148424	34.654714381676	38.522773713154	2.1402581792987e-10	1.6395306105911e-08	1.6609331923841e-08	0.18714998645492
17.48	-5.4507559795528e-38	7.3098697973198e-46	3.7247503930053e-06	46.56550681724	66.508831875109	2.0558554400984e-05	1.5788997840588	0.38683792848691	1.9657377125458	108.58036966562	6.5442823004676e-07	65.380372962184	4.1231522717369e-05	237.96996607391	0.30672002657421	1.8895689461755	2.1962889727497	34.646661564501	38.513824153019	9.1330720177587e-11	6.1570077729446e-09	6.2483384931222e-09	0.18719616337809
17.872	2.4088360973481e-38	2.5739563454296e-46	6.4644485965239e-07	46.550359746684	66.48719650108	5.8347683092094e-06	1.5814513195044	0.39047095597663	1.971922275481	108.54505160832	1.0599830965565e-07	65.366986176581	3.7115921343008e-05	237.89255278647	0.30385278783794	1.8763456568398	2.1801984446777	34.63539076409	38.501296330551	3.5016556692076e-11	1.6393461107172e-09	1.6743626674093e-09	0.18737103193529
18	3.2598257908903e-38	1.7992183743095e-46	3.4902854555802e-07	46.545414808082	66.480133318162	3.7579194591394e-06	1.5833158783038	0.39140956117787	1.9747254394816	108.53352107084	5.5821170011442e-08	65.362615074594	3.5866482161247e-05	237.86728043221	0.30331538886952	1.875468656786	2.1787840456555	34.631711296775	38.497206310302	2.7186538290221e-11	1.0414040998928e-09	1.0685906381831e-09	0.18743263757688
18.2	1.8864670657811e-37	1.0278689361091e-46	1.120086155021e-05	46.537689370357	66.469099510001	4.380939183948e-05	1.5854465819786	0.39183137311918	1.9772779550977	108.51551070556	2.0119625672032e-06	65.355790404103	3.3884106201141e-05	237.82779775406	0.30946614645979	1.986209890366	2.2956760368258	34.625962911714	38.490817620608	1.8077329959532e-10	1.3948061264195e-08	1.4128834563791e-08	0.18770496529983
18.48	1.6125085378123e-37	4.7922466815491e-47	3.1077199814335e-06	46.526875868105	66.453654980927	1.7636489322219e-05	1.5774490902388	0.38646699199864	1.9639160822375	108.49030087187	5.3099375242673e-07	65.346236903983	3.1451494038544e-05	237.77253301467	0.30673098491685	1.8896856059992	2.196416590916	34.617916775605	38.481875183737	7.649922400854e-11	5.2498522054743e-09	5.3263514294828e-09	0.18769031243315
18.872	3.0142816949795e-38	1.6931805931683e-47	5.4161255775262e-07	46.511741109867	66.432037486177	5.0126948086978e-06	1.5800588166563	0.39011382152394	1.9701726381802	108.45501145193	8.6382999997198e-08	65.332858266826	2.8359588637379e-05	237.69518395372	0.30385959016121	1.8764715360949	2.1803311262561	34.606655326095	38.469357611823	2.8620122822808e-11	1.3996546820651e-09	1.4282748048879e-09	0.18777340061729
19	1.1153201560811e-38	1.1848235305592e-47	2.9280724593412e-07	46.506800196964	66.424980156455	3.2304014524055e-06	1.5819377772395	0.39105678230702	1.9729945595465	108.44349035451	4.5552622312657e-08	65.328489778843	2.741963421397e-05	237.66993256685	0.3033207056108	1.8755937293557	2.1789144349665	34.602978911478	38.46527096478	2.1973644146869e-11	8.8881068869583e-10	9.1078433284269e-10	0.18780682674023
19.2	5.5378901537715e-38	6.7810110151225e-48	9.9731982635579e-06	46.499081054544	66.413955390611	3.8897642003994e-05	1.5840845044409	0.39148034687144	1.9755648513123	108.42549433788	1.758178728453e-06	65.321668410545	2.592332170989e-05	237.63048264576	0.30946319013899	1.9862317320562	2.2956949221952	34.597235295601	38.458887424193	1.5883687474932e-10	1.2387123448471e-08	1.254596032322e-08	0.18799989167477
19.48	-6.4928246638615e-38	3.1680131036544e-48	2.7735719559409e-06	46.488276375394	66.398523552267	1.567759901902e-05	1.5761207304969	0.38613296560806	1.962253696105	108.40030464599	4.6514570574773e-07	65.312119242492	2.4089447406935e-05	237.57526375711	0.30672676195094	1.8897883128923	2.1965150748432	34.589195835019	38.449952204564	6.6456397468599e-11	4.6676928513645e-09	4.7341492488331e-09	0.1879564031607
19.872	-6.8552844104971e-39	1.1219836604155e-48	4.8483279307e-07	46.473153985991	66.376923954293	4.4636427332154e-06	1.5787545340705	0.38978538128523	1.9685399153557	108.36504405223	7.5909505572302e-08	65.298747108162	2.1754888358151e-05	237.49797886937	0.30385376433452	1.876584847952	2.1804386122865	34.577943728652	38.437444922267	2.408024120067e-11	1.2444527698947e-09	1.2685330110953e-09	0.18799197369825
20	-7.1463641968231e-39	7.8573793583303e-49	2.6236806810264e-07	46.468217115503	66.369872475969	2.8783703042769e-06	1.5806390770095	0.39073012947788	1.9713692064874	108.35353242481	4.0070386806397e-08	65.294380730869	2.1044323502331e-05	237.47274843251	0.30331418447675	1.8757071088517	2.1790212933285	34.574270364201	38.433361652273	1.8217157269568e-11	7.8970878631277e-10	8.0792594358234e-10	0.18801058114854
