# Time [h]	hydro_Methanogenesis_0 [g/h]	Disintegration_Initial_0 [g/h]	Hydrolysis_Proteins_0 [g/h]	aceto_Methanogenesis_0 [g/h]	Valeric_Degradation_0 [g/h]	Acetic_Degradation_0 [g/h]	Acidogenesis_MS_0 [g/h]	Disintegration_Substrate_0 [g/h]	Propionic_Degradation_0 [g/h]	Butyric_Degradation_0 [g/h]	Hydrolysis_Lipids_0 [g/h]	Hydrolysis_Carbohydrates_0 [g/h]	Acidogenesis_AA_0 [g/h]	Acidogenesis_LCFA_0 [g/h]	hydro_Methanogenesis_1 [g/h]	Disintegration_Initial_1 [g/h]	Hydrolysis_Proteins_1 [g/h]	aceto_Methanogenesis_1 [g/h]	Valeric_Degradation_1 [g/h]	Acetic_Degradation_1 [g/h]	Acidogenesis_MS_1 [g/h]	Disintegration_Substrate_1 [g/h]	Propionic_Degradation_1 [g/h]	Butyric_Degradation_1 [g/h]	Hydrolysis_Lipids_1 [g/h]	Hydrolysis_Carbohydrates_1 [g/h]	Acidogenesis_AA_1 [g/h]	Acidogenesis_LCFA_1 [g/h]0.2	39.123509683827	0	38.619345008259	128.66295518735	3.2332684725381	25.923335834585	115.39382149304	0.68736838257679	10.508067296087	9.5529508496894	31.850077092268	107.50992011962	32.154023126838	0.72874981666114	39.123509683827	0	38.619345008259	128.66295518735	3.2332684725381	25.923335834585	115.39382149304	0.68736838257679	10.508067296087	9.5529508496894	31.850077092268	107.50992011962	32.154023126838	0.72874981666114	
0.48	39.306944284854	0	34.35321180194	125.97872229055	5.1650911793705	25.608889688013	102.36979642653	1.6404817081538	18.086895509812	13.934333428205	28.327468680896	95.692147785327	32.42752444346	1.1503284629669	39.306944284854	0	34.35321180194	125.97872229055	5.1650911793705	25.608889688013	102.36979642653	1.6404817081538	18.086895509812	13.934333428205	28.327468680896	95.692147785327	32.42752444346	1.1503284629669	
0.872	37.638760268744	0	29.184100346195	121.4760704295	5.0279468416549	25.066246037701	87.097290150804	2.9569330428958	21.035423358171	13.454222168076	24.053598172037	81.450818773577	27.79497432703	1.5418284140758	37.638760268744	0	29.184100346195	121.4760704295	5.0279468416549	25.066246037701	87.097290150804	2.9569330428958	21.035423358171	13.454222168076	24.053598172037	81.450818773577	27.79497432703	1.5418284140758	
1	36.706219295239	0	27.670193747124	119.66377182618	4.8206568650893	24.841471958644	82.586302127288	3.3824295625867	21.181608197827	12.920963374029	22.800487009268	77.299113043629	26.302997362084	1.6677530012393	36.706219295239	0	27.670193747124	119.66377182618	4.8206568650893	24.841471958644	82.586302127288	3.3824295625867	21.181608197827	12.920963374029	22.800487009268	77.299113043629	26.302997362084	1.6677530012393	
1.2	35.316574712155	0	25.464227089742	115.78288404733	4.5216073914619	24.35236590706	76.337679460926	3.3554795198491	21.235736752875	12.059894041778	20.974031124582	71.256438236297	24.34896493297	1.8990038472893	35.528982466663	0	25.464228015327	115.32436024458	4.6025217573928	24.29829121491	76.688374977585	3.3554795239052	21.663507635269	12.264448732031	20.974031891191	71.25644076811	24.543913563414	1.9070549886493	
1.48	33.045027501939	0	22.673095138996	109.08273436946	4.0641141765878	23.466611830296	68.135995164963	3.3181109643978	20.491986096334	10.825970695238	18.663198258937	63.609239504498	21.685292763042	2.2286623118578	33.355117496644	0	22.673095708786	107.66808225598	4.1784865028313	23.292694504336	68.465892291067	3.3181109630141	21.317822294567	11.115955513194	18.663198731002	63.609241061155	21.892605154137	2.2561135222217	
1.872	29.656866522484	0	19.28168785723	97.10816115269	3.4604004525578	21.737349230372	58.149375341021	3.2664957792059	18.589585041785	9.2310699141347	15.855608778031	54.314327089924	18.417583334841	2.7170922683793	29.88758898889	0	19.281686253423	93.354231960174	3.5679231132253	21.236139126532	58.429188086831	3.2664957518929	19.691762381736	9.5069165212272	15.855607450419	54.314322692872	18.592442209934	2.7993287133458	
2	28.430040438344	0	18.28617027019	92.519515722868	3.2807420126038	21.018059597653	55.183665479099	3.2498147402688	17.86612594828	8.7550230900368	15.031520700602	51.585132153524	17.44017977455	2.8993325631446	28.610751903762	0	18.2861685498	87.672894019022	3.3831966727619	20.34763918193	55.44874059405	3.2498147071529	19.010823463807	9.0184076657869	15.031519276622	51.585127434957	17.604604222047	3.0062149812263	
2.2	26.634095095475	0	16.83462694074	84.566922381332	3.0162489380865	19.72527980321	50.906828415822	3.2239214038433	16.706764625374	8.056877915016	13.829991588694	47.604974187346	16.039200003899	3.2302869908408	26.666109753818	0	16.834624824022	78.077426841234	3.1108284474157	18.764111630825	51.15111833042	3.2239213578045	17.867816089993	8.3009894890891	13.82998983686	47.604968379146	16.189443806315	3.3603731314588	
2.48	24.160290559719	0	14.997940458674	73.855914604732	2.682988418525	17.846873578922	45.498230951974	3.1880177946539	15.071423558786	7.1787951038201	12.309769290376	42.56719579864	14.276091050132	3.7055678812754	23.967710638689	0	14.997937797299	65.438590004322	2.766831655762	16.480268043279	45.716278701331	3.1880177271185	16.194976478983	7.3956538261895	12.30976708812	42.567188491155	14.408582859095	3.8938770290773	
2.872	21.105376515936	0	12.766063715566	61.72631026802	2.2795802357909	15.520403508567	38.92568626686	3.1384254791111	12.9139638736	6.1165272819342	10.462662927382	36.442519197388	12.138885129769	4.3549445633317	20.718658229908	0	12.766060319654	52.227927988316	2.3502721707982	13.826812063197	39.112243070875	3.1384253766328	13.912551885911	6.2995999336956	10.462660117891	36.442509864994	12.250439986096	4.6351059999876	
3	20.217395595635	0	12.110902039113	58.415133793953	2.1614241196841	14.8428981226	36.980617773488	3.122398373789	12.252765287211	5.8043400307878	9.9205023965524	34.643910320814	11.504026961528	4.5592155409436	19.805017841127	0	12.110898777814	48.881325668329	2.2282807776755	13.105919796348	37.157812146563	3.1223982668228	13.201089126683	5.9775001895349	9.920499698737	34.643901354131	11.609383761933	4.8671477193288	
3.2	18.851333911672	0	11.155579139529	52.226647271546	1.9882541723998	13.6649651732	34.164996582226	3.0975200346443	11.270093057387	5.3484755822744	9.1300061206122	32.020526707627	10.588384210915	4.9198236076678	18.445235954313	0	11.155576224849	43.44058629618	2.0498560092521	11.980374197534	34.328880267737	3.097519923662	12.141898101641	5.5080232504674	9.1300037100803	32.020518686337	10.685211245755	5.2454070613307	
3.48	17.065528973068	0	9.946689615505	44.509810892194	1.7701664726448	12.118928943581	30.602004524744	3.0630236850982	10.027239425042	4.7744640919002	8.1298006404139	28.699342276157	9.4334680716003	5.4147744728813	16.754009904379	0	9.9466872185102	37.458421101092	1.8249642010152	10.678742858104	30.749190105592	3.063023573102	10.789612435125	4.9165346363562	8.1297986587691	28.699335669305	9.519512488053	5.7503774036998	
3.872	15.042632981949	0	8.477526435661	37.155586439861	1.5058891623173	10.490568998842	26.269748035554	3.0153748866836	8.5280808244207	4.0788104222919	6.9144568263085	24.660279483826	8.0317641850855	6.0322404597897	14.86635182735	0	8.4775243096892	32.014345816929	1.5524423041854	9.3977683499117	26.396819834016	3.0153747737825	9.1495366462813	4.1998091530318	6.9144550692116	24.660273617292	8.1049491786247	6.3721952257122	
4	14.493514264217	0	8.0462292312403	35.461861996219	1.428375925152	10.087208017528	24.989702289185	2.9999760807563	8.0877190942694	3.8742833882454	6.5577231856158	23.473848826938	7.6168653024818	6.2118225032578	14.32804954803	0	8.0462272367128	30.705695688564	1.4725222197215	9.0729885164558	25.110836486614	2.9999759709105	8.6671483813677	3.9891248686116	6.5577215372976	23.473843321179	7.6862577195247	6.5605466680407	
4.2	13.552876084173	0	7.4172929804372	31.144675027925	1.3148279364324	9.1447102652188	23.132725784321	2.9760729866039	7.4326196559437	3.5753534625187	6.0375707679191	21.743029105992	7.0162166727222	6.5373912635456	13.476482968209	0	7.4172912652914	27.700707520554	1.355682734023	8.3627376993949	23.245350758186	2.9760728844665	7.9610315475707	3.6817594958699	6.0375693507638	21.743024367651	7.080329383439	6.8692697890467	
4.48	12.436592696931	0	6.621340525741	27.062291638201	1.1716829476958	8.1591319734326	20.781626224268	2.9429288301404	6.6203059887164	3.1984258751498	5.3793940237984	19.551154948331	6.2576502429609	6.9471176758209	12.45867773749	0	6.6213390829046	24.859551187505	1.2082463872529	7.6380669322091	20.883563837222	2.9429287381986	7.0823260318627	3.2939080630572	5.3793928318578	19.551150959307	6.3150437022942	7.252971570343	
4.872	11.28760122464	0	5.6538669305683	24.100366626528	0.99801337117805	7.3790459868258	17.921060798264	2.8971475736976	5.6515829565852	2.7409061189129	4.5795830680286	16.884235954811	5.3362632020757	7.383277578396	11.333148136476	0	5.6538655924276	22.4373829311	1.0293523615753	6.981958381292	18.01014309573	2.897147491979	6.0341465402704	2.823138495643	4.5795819624503	16.884232256998	5.3856085136143	7.6803643156866	
5	10.964758610657	0	5.3698164519358	23.437004155587	0.94700615334729	7.1967653011836	17.075703006693	2.8823524594043	5.3683197699935	2.6062686113388	4.3448070147032	16.100559226685	5.0639765570855	7.5050358948837	11.00371684727	0	5.3698151893501	21.819342337724	0.97681764497438	6.809743022056	17.16102561564	2.8823523836264	5.7279507049062	2.6846253257173	4.3448059715011	16.100555738316	5.1109609793959	7.8027526180098	
5.2	10.426579398062	0	4.955563378427	21.663523100327	0.87233288057552	6.737720675687	15.848540577582	2.859386425339	4.9490418960796	2.4094390959959	4.002464604471	14.956975861983	4.669023142855	7.7110704784228	10.491865547155	0	4.9555622416274	20.493096126905	0.90004789712868	6.4486599336297	15.92845629303	2.8593863594001	5.2805794609239	2.4824610591619	4.0024636651165	14.956972722276	4.7126988869263	7.9902274766211	
5.48	9.8014147533424	0	4.4312275360329	20.146101947363	0.77810578779266	6.3192768978567	14.294030740974	2.8275415338135	4.4265342819061	2.1609189077094	3.5692485467763	13.508127816954	4.1698575561006	7.9394490681562	9.8729659840868	0	4.4312265145393	19.213890055823	0.80309498959488	6.0867295013208	14.367192194752	2.8275414798257	4.7217366206875	2.227048518672	3.5692477025117	13.508124998309	4.2093265225599	8.1992610925726	
5.872	9.0926433359433	0	3.7937569269486	18.791965481649	0.66366527371956	5.9289094553603	12.401317964465	2.783554772794	3.7991509283406	1.8587965092606	3.0427477926337	11.744061582585	3.5632303644686	8.1627932061509	9.1413186347305	0	3.7937559725794	17.888393362381	0.68534663909808	5.7010736074567	12.466445447561	2.7835547323723	4.0505562038549	1.9165957831722	3.0427470034873	11.74405895411	3.5976802520431	8.4001075222777	
6	8.8808057915462	0	3.6065620055368	18.422228372546	0.62999798217342	5.8202448974014	11.840621191741	2.7693396983394	3.6149969058687	1.7697297682849	2.8881861022022	11.225397621813	3.3839316495349	8.2193883166865	8.9199533282309	0	3.6065611057302	17.506818853449	0.6507134744702	5.5884485717736	11.903427935282	2.7693396647266	3.8536692061466	1.8250979745358	2.8881853580109	11.225395145833	3.4169187179383	8.4483065017682	
6.2	8.5396210880614	0	3.3335244999943	17.560935302473	0.58073986090467	5.5772672946163	11.027807698565	2.7472740191016	3.3433476331715	1.6395167958873	2.6627944065893	10.468230322118	3.1237936396142	8.2990393804868	8.5804433403058	0	3.333523680355	16.78296738479	0.60012727585114	5.3775725771889	11.087302754831	2.7472739959359	3.5657524688847	1.6915339343971	2.6627937284332	10.468228070414	3.1547307321191	8.5073576675637	
6.48	8.1185306144539	0	2.9878578042554	16.725779132453	0.5185444543445	5.3315117151278	9.9977316685734	2.7166775184952	3.0025228493116	1.4749318885754	2.3775431268751	9.5083386263812	2.7949243224824	8.3620823702729	8.149868479451	0	2.9878570671815	15.994286260946	0.53621941512506	5.1422158893866	10.053161325228	2.7166775081469	3.2039164537374	1.5226604511433	2.3775425166556	9.5083366066787	2.8232788028533	8.5447609646058	
6.872	7.6032060569705	0	2.5674694481679	15.820886474582	0.44295000035399	5.0574406192427	8.7427301372717	2.6744150357601	2.590371793386	1.2745494378772	2.030811494138	8.3384547652511	2.395175447378	8.3665102490018	7.6125282763585	0	2.5674687813819	15.068030167652	0.45856654981087	4.8604986062606	8.7934717930284	2.6744150398772	2.7663530172504	1.3171596166321	2.0308109416251	8.3384529448077	2.4204909608989	8.5150476246813	
7	7.4428125631935	0	2.4439883377789	15.548704938983	0.42066118588061	4.9739127451183	8.3687071470844	2.6607572719695	2.4687879720184	1.2152905474937	1.9290103407935	7.9942091026117	2.2767601275823	8.3503557956209	7.4450631459502	0	2.4439877096522	14.784789029761	0.43567889146609	4.7734157310818	8.4181564802793	2.6607572822352	2.6373536370167	1.256416475396	1.9290098200851	7.9942073908702	2.301204178218	8.4875555348918	
7.2	7.1825750217459	0	2.2638472693957	14.95690883696	0.38808664667509	4.7986293247822	7.8290651112211	2.6395566732432	2.2898378999464	1.1287028678879	1.7805430302011	7.4913742730087	2.1052637650271	8.3075354992695	7.1845848813659	0	2.2638466972621	14.267134178358	0.40227731771734	4.6160853527077	7.8766896924806	2.6395566925957	2.4486201474068	1.1677802195558	1.7805425555508	7.4913727187971	2.1284880606576	8.4260212635351	
7.48	6.8462305941934	0	2.0357183783942	14.33014407778	0.34694944991443	4.6061353295381	7.1450347210963	2.6101596687957	2.064212534962	1.0191761983518	1.5926170448498	6.8533301828115	1.8885116796679	8.2026781244078	6.8420181611617	0	2.0357178685229	13.663517087898	0.36009234283901	4.4288227190078	7.1905224268552	2.6101596990077	2.210501148782	1.0556906555653	1.5926166213874	6.8533288041413	1.9102331441698	8.3000985989537	
7.872	6.4115050438078	0	1.7581437596932	13.583114184832	0.29694828547417	4.3712106007871	6.3110850010971	2.5695539630662	1.7900210638875	0.88566743222552	1.3641328758151	6.0746041495553	1.6250787268457	7.9785916861352	6.3955160541935	0	1.7581433110703	12.907329717528	0.30885283898956	4.1904881965566	6.3543076464351	2.5695540050541	1.9213566680439	0.91920507242056	1.3641325026677	6.0746029441078	1.6450787904165	8.0531653405039	
8	6.2717540799768	0	1.6765794729365	13.345895535103	0.28217105376971	4.2958856205131	6.0596764219316	2.5564316672515	1.7087292835758	0.84601242174047	1.297036406887	5.8451903242741	1.5466943007488	7.888712178892	6.2524666567959	0	1.6765790504141	12.666276834866	0.29371656222585	4.1138902192181	6.1023981431354	2.5564317138083	1.8357077515908	0.87869600670305	1.2970360551971	5.845189192422	1.5662205005299	7.956899662847	
8.2	6.0442705380239	0	1.5575557006049	12.858262117524	0.26064394564722	4.1460455192059	5.7003534986225	2.5360622493789	1.5897053528863	0.78822067847769	1.1991688396937	5.5098122592062	1.4336408124676	7.7319503114825	6.0277742548197	0	1.5575553163385	12.236104611874	0.27167767631412	3.9787835021589	5.7423285350243	2.5360623026626	1.7106587093316	0.81969530718985	1.1991685194534	5.5098112352392	1.4524831458404	7.7914688923672	
8.48	5.7424678063504	0	1.4067587086514	12.310552596815	0.23348974937021	3.9723250466955	5.2448892589541	2.5078177480908	1.4393175391183	0.71515925464476	1.0752632406571	5.0837015122706	1.2908806137169	7.4797516025719	5.7261470935567	0	1.4067583690669	11.714080337155	0.24389457097238	3.811884472776	5.2860975171664	2.5078178094232	1.5527691671638	0.74518800105589	1.0752629571421	5.0837006144052	1.3089086456181	7.5322987135525	
8.872	5.3460119628856	0	1.2231512040541	11.633980387496	0.20060356636261	3.7536673599274	4.6890371592041	2.4688039366212	1.2567535436799	0.62630125055193	0.92456429436371	4.5625933408981	1.1175287982709	7.0803281819916	5.3277861004074	0	1.2231509115736	11.045581925753	0.21027067852835	3.5955304086618	4.729602391283	2.4688040067403	1.3614108932556	0.65470061695474	0.924564049554	4.562592576119	1.1346241533816	7.1289750355676	
9	5.2186441796405	0	1.1691679945402	11.416757001259	0.19090731916369	3.6830744564157	4.5191292634028	2.456196121495	1.2026889732521	0.59990311334033	0.8802975229595	4.4088184284767	1.0657967660278	6.941879820288	5.2001202685714	0	1.1691677192307	10.830681392046	0.2003564874473	3.525658063849	4.5597201058305	2.4561961948874	1.3047816776661	0.62783050216746	0.8802972922566	4.4088177122464	1.0826430220237	6.9899678201116	
9.2	5.0150199313525	0	1.0903604743143	10.988562915601	0.17694883914347	3.5485445387142	4.2791001361983	2.4366253124301	1.1250979095742	0.56186732454312	0.81571643204611	4.1837541659996	0.99161105788757	6.7215485451243	5.0019109666284	0	1.0903602244519	10.456345472138	0.1860331801361	3.4055992010255	4.3195465218128	2.4366253907652	1.2230874207194	0.58899214795514	0.81571622224603	4.1837535217636	1.0080106575346	6.7691663385787	
9.48	4.750454241793	0	0.99045190978406	10.511221757086	0.15942155314882	3.3942953243291	3.9751852404621	2.4094881613845	1.0276332486846	0.51402406409123	0.73392705378286	3.8972789856875	0.89811019872581	6.4099315215589	4.7410816265746	0	0.9904516902881	10.008842766575	0.16807638393827	3.2598557781391	4.0154740932999	2.4094882457665	1.1207384354108	0.54024910226413	0.73392686892102	3.8972784274365	0.91397723034706	6.4590734724047	
9.872	4.4210462128112	0	0.86868474374084	9.9531377482919	0.13843930538708	3.2111395650238	3.6042551735705	2.3720038995228	0.9111876283321	0.45655280996568	0.63440172995217	3.5459487634286	0.78494432139781	5.9895896674479	4.4129322704064	0	0.86868455700065	9.4648172029695	0.14657130376372	3.0810824075873	3.6442915759756	2.3720039905993	0.99871158546674	0.48172769402439	0.63440157198468	3.5459482980133	0.80008937131969	6.0412775442957	
10	4.3207588979283	0	0.8328539445327	9.7837543996793	0.13233252665573	3.1553927223724	3.4911949709077	2.3598904038163	0.87728189676365	0.43970872429526	0.60515466705846	3.4420323097238	0.75147653072462	5.8595362795368	4.3128117143843	0	0.83285376891202	9.2985889259885	0.14030149227364	3.0263638924634	3.5312416494124	2.3598904973713	0.96317387211524	0.464555214031	0.60515451821332	3.4420318759248	0.76639460969843	5.9115980288036	
10.2	4.165484233993	0	0.78051592043184	9.4464540032116	0.12383674988602	3.0491506159464	3.3313798896782	2.3410869127602	0.83144309272366	0.41628718453254	0.56247335570632	3.2896936684292	0.7036750496801	5.6685978938011	4.1621819175184	0	0.78051576124053	9.0109778916099	0.13141261057713	2.9335805945423	3.3711296411246	2.341087010092	0.91362050781461	0.44023076368342	0.56247322033558	3.2896932814009	0.7180152782064	5.7201412606057	
10.48	3.9761156214417	0	0.71410360226764	9.1017093512337	0.11310032889266	2.9374525517035	3.1290417311083	2.3150137324809	0.77408487979729	0.38670434284314	0.50839406348408	3.0952962019437	0.6431655757246	5.4276363886814	3.9748820767799	0	0.71410346262157	8.6926893784983	0.12025016871665	2.8293736004424	3.1682550800624	2.3150138343762	0.85210828808072	0.40972546697904	0.50839394414065	3.095295870591	0.65687725829481	5.4779343880238	
10.872	3.7614900596135	0	0.63304637715157	8.7452971585395	0.10018408417217	2.8201614266436	2.8813385150696	2.2789991160805	0.7058402788473	0.35112618737963	0.44254008021023	2.8559605951208	0.56975483045061	5.1465531590091	3.7581384882337	0	0.63304625848301	8.3433067810962	0.10683111804656	2.7142002202311	2.9195871317907	2.2789992228027	0.77934112556024	0.37308701018641	0.44253997807115	2.8559603234886	0.58259366047987	5.19280359365	
11	3.700638154491	0	0.60916657272501	8.646625419203	0.0964238734066	2.7876108779272	2.8074799574667	2.2673605693515	0.68604750566723	0.34073789002635	0.42317616540366	2.7849432817414	0.54828774636574	5.0681974046612	3.6961544432035	0	0.60916646127294	8.2445254630155	0.10291649957089	2.6816442741743	2.8453899461151	2.267360677994	0.75826229599337	0.3623701519963	0.42317606917372	2.784943030782	0.56084164031467	5.1124068338736	
11.2	3.6074736346429	0	0.57425647789211	8.4308350174363	0.091458922197524	2.7205958934463	2.7006511909184	2.2492943300925	0.66186125410312	0.32715537553984	0.39490567438478	2.6806029394539	0.51769696625986	4.9594550619852	3.6045795843362	0	0.57425637696719	8.0659163489377	0.097473878085503	2.6245432269522	2.7377493178737	2.2492944416153	0.73007915764622	0.34755144792759	0.39490558677204	2.6806027186903	0.52941487259361	4.999894977235	
11.48	3.4984174211471	0	0.52990103994156	8.2282910418299	0.084895936041112	2.6559403527449	2.5639334376253	2.224243432802	0.63024491061923	0.30909775587327	0.35906158812397	2.5469964430819	0.4780813754868	4.8338373879475	3.4943907673765	0	0.52990095150015	7.881101813248	0.090423760804385	2.5646793088223	2.6000026306923	2.2242435477054	0.69406856941638	0.32831347577496	0.35906151073112	2.5469962581084	0.4890527168619	4.8682684996191	
11.872	3.3808175656977	0	0.47565543512922	8.0355014597515	0.076624004645552	2.5935127207709	2.3947088596856	2.1896408822636	0.59018272795817	0.28626085271029	0.31536763690597	2.3816400274118	0.42935994378508	4.6995384938792	3.3716034780025	0	0.47565536011757	7.6884610805325	0.081629216457344	2.5021142560169	2.4293494622043	2.1896410005306	0.64931034517063	0.30425469976888	0.31536757051748	2.3816398808063	0.43942765572925	4.7244543017851	
12	3.3482443026648	0	0.45964768508755	7.984527860047	0.074155355184408	2.5769870838071	2.3445703196796	2.1784586692374	0.5780684243496	0.27941605821194	0.30250854229843	2.3323640721806	0.41505367191682	4.6641747402916	3.3371064843109	0	0.45964761484795	7.6354490771818	0.079008698872264	2.484955743122	2.3787541123952	2.1784587890088	0.6358815403877	0.29705664128206	0.30250847980905	2.3323639393613	0.42484405266707	4.6856168464515	
12.2	3.2971857566589	0	0.43621843511937	7.8662451581385	0.070825170994092	2.5408546108557	2.2708066656558	2.1611007856134	0.56297068703272	0.2704143908253	0.28372334146569	2.2597531447886	0.39455775764581	4.6129091553233	3.285433888865	0	0.43621837177777	7.5361384337511	0.075299340667876	2.4537821519381	2.3040435848811	2.1611009076006	0.61745183392527	0.28697566104782	0.28372328461101	2.2597530319175	0.40363638432829	4.6302437747193	
12.48	3.2356277720841	0	0.40639554030017	7.7538684427725	0.066370172975477	2.5058537426253	2.1753883207198	2.1370321029119	0.5423843124627	0.25811572890506	0.25988273533284	2.1663522583201	0.36779946472216	4.5557055037022	3.2213489651013	0	0.40639548520601	7.4310834129062	0.070427985987108	2.4206044221248	2.2075373041835	2.1370322274606	0.59299219768209	0.27357596593993	0.25988268521831	2.1663521692563	0.37621736116087	4.5667577110922	
12.872	3.1680044414767	0	0.36981963207093	7.6430854070075	0.060669133478268	2.4711216590735	2.0562289232867	2.1037862717269	0.51502232694395	0.24214449441217	0.23077762948342	2.0499609283483	0.33469132455212	4.4941292017573	3.1480876982883	0	0.36981958595677	7.3162403262276	0.064264903906564	2.3844784422512	2.0869764260204	2.1037863986871	0.56123074529714	0.25642997127976	0.23077758672127	2.0499608650201	0.34233820159811	4.4956966808589	
13	3.1488397263141	0	0.35900089319985	7.6130617979796	0.058953085438452	2.4617260039691	2.0206580150412	2.0930425032208	0.50652862572836	0.23729261132923	0.22220136316219	2.0150841832466	0.32490514701264	4.4777161967652	3.1269737635946	0	0.35900085027235	7.2836036439992	0.062414701457745	2.3742720634264	2.0509715337126	2.0930426313347	0.55146710148747	0.25123960754251	0.22220132299843	2.0150841291981	0.33232002195797	4.475871792741	
13.2	3.1171056330173	0	0.3431405711693	7.5462660437686	0.05635242844762	2.4416493696638	1.9679763218134	2.0763652060219	0.49370743270949	0.23012837541776	0.20966181583633	1.9634968766398	0.31045612454987	4.4491022974978	3.0941716373432	0	0.34314053284607	7.2236417834431	0.059646573487516	2.3558836373949	1.9975525495954	2.0763653358133	0.53679196165408	0.24354826554489	0.20966177942647	1.9634968360044	0.31754546101303	4.4444100139453	
13.48	3.0763520776747	0	0.32290071321645	7.4769387008843	0.053052424948424	2.4206321516569	1.899709502361	2.0532402326005	0.47684497113386	0.22082682803228	0.19372589923167	1.896754556747	0.29204773409819	4.4162263549869	3.0510942656119	0	0.32290068043561	7.155083594729	0.056102430269713	2.33487461082	1.9283343420794	2.0532403642706	0.51748227465762	0.23355033721855	0.19372586734564	1.8967545321881	0.29867349143123	4.4067926203261	
13.872	3.0299055441495	0	0.29798077240181	7.4017332609144	0.048984983367171	2.3978516202008	1.813852747605	2.0212979343855	0.4552339353767	0.2091088928094	0.17422977269714	1.8128652762639	0.26934666581877	4.3773851702851	2.999790782536	0	0.29798074567292	7.073842894274	0.051705359791272	2.3101429914485	1.8412655142276	2.021298067601	0.4926958562429	0.22093557268824	0.17422974576901	1.8128652690097	0.27538228590971	4.3600427171665	
14	3.0163929882873	0	0.29058604905431	7.3803912496306	0.047774723473816	2.3914070477952	1.7879684025981	2.0109754209015	0.44864132871463	0.20557586130745	0.16847482876651	1.7875551526271	0.26260577853428	4.3662433750715	2.9845633535968	0	0.2905860244491	7.0497864807212	0.050393534435114	2.3028570641267	1.8150037610488	2.0109755549246	0.4851233254442	0.21712832325132	0.16847480356863	1.7875551515763	0.26846266198227	4.3458697942515	
14.2	2.9921957221373	0	0.2797212209451	7.3308033682775	0.045779573920805	2.3768280849047	1.7494495796412	1.9949520273272	0.43737800517174	0.1998675013477	0.16005005928184	1.7499445597622	0.25237947758199	4.3432918509629	2.9597123490289	0	0.27972119941395	7.0043036096316	0.048351568228025	2.2892359921415	1.7759432383236	1.9949521625023	0.47307587085984	0.21123909038722	0.16005003658911	1.7499445676826	0.25812809341795	4.3209043741376	
14.48	2.9599377465179	0	0.26580830493053	7.2771420948405	0.043355482470791	2.3609884444473	1.6994564742054	1.9727337647537	0.42319934301329	0.1927920875237	0.14932281043397	1.7009429506201	0.23962655120393	4.315315143321	2.9257258538786	0	0.26580828709678	6.9502688704134	0.045797997214878	2.2730892686736	1.7251612866047	1.9727339011015	0.45757002231151	0.20376184700513	0.14932279076204	1.7009429692254	0.24506336378772	4.2890541014861	
14.872	2.9224727647795	0	0.24858795656438	7.2163216250314	0.040463117627448	2.3430731775686	1.6360124085693	1.9420438949277	0.40581812833751	0.18413094828059	0.13616003582156	1.6387168859751	0.22392040801696	4.2792115893179	2.8840454086872	0	0.24858794271874	6.8834236002521	0.042684386492077	2.2532142440724	1.6607188577629	1.9420440318506	0.43811559577154	0.19445805530427	0.13616001943271	1.6387169157649	0.22892630882655	4.2456045760009	
15	2.9114404651793	0	0.24345603487517	7.1986759359123	0.03961053823454	2.3378868540747	1.6166792395888	1.9321261201984	0.40062641073892	0.18153537330159	0.13226505738844	1.6197913880811	0.21923265006233	4.2681785012125	2.8714304994997	0	0.24345602243779	6.8631347822931	0.041759638527325	2.2472004710719	1.6410741691359	1.9321262575955	0.43223396832838	0.19165485793518	0.13226504214917	1.6197914219543	0.224107250135	4.2315750718023	
15.2	2.8902456505727	0	0.23589356227393	7.1536215836702	0.038153133533814	2.3248528324941	1.5877951447342	1.9167309925817	0.39134548667823	0.17716798138728	0.12655338993571	1.5915171479828	0.21202787641263	4.2443421946843	2.8498787183315	0	0.23589355187471	6.822521901566	0.040294225955663	2.2352204214365	1.6117698489168	1.9167311306256	0.42266775613493	0.1872289563822	0.12655337636162	1.5915171877462	0.21686133464975	4.2058645375814	
15.48	2.8615688288999	0	0.22616522235062	7.1051992055234	0.036415715974921	2.3108085571755	1.5501135223486	1.8953838916175	0.37993963614581	0.17186010655155	0.11926134884627	1.5543831613617	0.20310469239365	4.2140584209528	2.8196975767326	0	0.22616521438511	6.7740018992363	0.038479999087681	2.2209377637593	1.5734458603132	1.8953840301481	0.41052077350235	0.18166115666381	0.11926133727077	1.5543832080173	0.20772024033457	4.1716125215827	
15.872	2.8279284999854	0	0.2140411867607	7.0500739308701	0.03436752310201	2.294847841904	1.5017604617591	1.865897347118	0.36627376688541	0.16541862749752	0.11027713180721	1.5066807566533	0.19207220167864	4.173585863759	2.7818278156603	0	0.21404118135251	6.7128197093754	0.036279350169075	2.2029827020261	1.5242855761527	1.8658974852668	0.39545997838938	0.17474653665443	0.11027712236391	1.5066808101101	0.19637670485371	4.1230235264872	
16	2.8179794207782	0	0.2104079534947	7.0339661014647	0.03376437093051	2.2901890885093	1.4868577695702	1.8563684420506	0.36222861853979	0.16348402083432	0.10760969712762	1.4920435665482	0.1887575596466	4.1608959447803	2.7702192833572	0	0.21040794901781	6.6939570181572	0.035625014076065	2.1974543912022	1.5091294522206	1.856368580393	0.39092241102702	0.17265490813305	0.10760968844885	1.4920436226461	0.19296685282444	4.1069239882686	
16.2	2.7977909017755	0	0.20503366040289	6.9900615487468	0.03271709238471	2.2775723573445	1.464506250026	1.8415769472926	0.35486095635104	0.16016738003882	0.10368903261811	1.4700482383886	0.18363110146938	4.1333898671472	2.7496424379606	0	0.20503365727064	6.6546745892737	0.034578985974279	2.1859374583185	1.4864411316648	1.8415770858583	0.38346399219788	0.16931628495134	0.10368902504522	1.470048298272	0.18781839544213	4.0771981940567	
16.48	2.7702482546842	0	0.19808002368032	6.9431162241052	0.03147549456254	2.2640597976432	1.4351384054692	1.8210668515516	0.34589665570601	0.15615599270206	0.098665486852217	1.4409115287023	0.17727507937629	4.0976952788189	2.7203847201212	0	0.19808002213332	6.6074275699823	0.033286012085131	2.1721108344637	1.4565481693967	1.8210669900308	0.37403720771675	0.16511676512015	0.098665480595653	1.4409115928758	0.18130482736108	4.0367460204507	
16.872	2.7375687684349	0	0.18933895045907	6.8894307584656	0.030011571245331	2.2486271619926	1.3969968161294	1.7927364529895	0.33522892956538	0.15127120428085	0.092442181862734	1.4030265388414	0.16935756056881	4.0497220365609	2.6828864828748	0	0.189338950509	6.546834411482	0.031713253678867	2.1544032482101	1.4177479472259	1.792736590275	0.36236476355292	0.15987022401245	0.092442176971947	1.40302660679	0.17316033878789	3.9788716287979	
17	2.727881510074	0	0.18670146632101	6.8736455432335	0.029578496006594	2.244090113724	1.3851043538623	1.783581170459	0.3320698776759	0.14979322753727	0.090586203495718	1.3912954881497	0.16695940721366	4.0345814574136	2.671292953454	0	0.18670146698604	6.527910375028	0.031243182767465	2.1488721608157	1.4056447255023	1.783581307727	0.35883734770885	0.15827070500276	0.090586199115115	1.3912955577709	0.17069209935128	3.9595603324425	
17.2	2.7073212236157	0	0.1827819632033	6.8288913449104	0.028819589775821	2.2312297031735	1.3671994944788	1.7693696408852	0.32624761184927	0.14723009437135	0.087849851890587	1.3735628760786	0.16323355262745	4.0017583986936	2.6501290873527	0	0.18278196475275	6.4876412585561	0.030486972050323	2.1370606935878	1.3874607771485	1.7693697780571	0.35299293480747	0.15569692360815	0.087849848246087	1.3735629480696	0.16695106063442	3.9238926134709	
17.48	2.6791364738552	0	0.17767492432307	6.7808217439375	0.027919749571777	2.217396305378	1.3434946865699	1.7496637325806	0.31918363081184	0.14412727110988	0.084327137434363	1.3498705291808	0.15859359081654	3.958627623378	2.619784180483	0	0.17767492689472	6.4386377674078	0.029549868609777	2.1227038941947	1.3633143953886	1.7496638692248	0.34560026492875	0.15244697210009	0.084327134655613	1.3498706037051	0.1621929936892	3.8748368017889	
17.872	2.6452208120001	0	0.17118878411983	6.7252818881463	0.02685246311701	2.2014203194552	1.3123370956935	1.7224441493851	0.31076264537282	0.14031688492691	0.079931912863318	1.3186974257268	0.15275673343989	3.9007747797994	2.5801631423871	0	0.17118878765335	6.3747853426323	0.028401812067145	2.1039937412592	1.3316008625774	1.7224442841772	0.33640015029092	0.14834749264053	0.079931910947916	1.3186975019652	0.15618537288493	3.8047882203387	
18	2.6351462678412	0	0.16921588953476	6.708829198099	0.026534259182359	2.1966840864766	1.3025102966425	1.7136478399578	0.30825441301228	0.13915261786715	0.078613584318216	1.3089601507828	0.15097169043578	3.8824919783362	2.5678502690599	0	0.16921589347207	6.3546407440458	0.028055972355439	2.0980830894587	1.3215909821476	1.7136479745701	0.33360003708609	0.14708533203512	0.078613582743773	1.3089602280361	0.15434688732717	3.7814134944958	
18.2	2.6130134304112	0	0.16626823986278	6.661155372922	0.025971964144339	2.1829222553646	1.2876663257618	1.6999935356478	0.30358064259103	0.13711347236999	0.076662297668699	1.2941590570468	0.14818576804111	3.842940908021	2.5448763049395	0	0.1662682443767	6.3113478583411	0.027496023207402	2.0853185962445	1.3065047396116	1.6999936699133	0.32892379481647	0.14503896523411	0.076662296584383	1.2941591357048	0.15154870163919	3.7383383201398	
18.48	2.5826361310469	0	0.16239656740133	6.6094495002055	0.025303824906532	2.167965165252	1.2678717587123	1.6810602833795	0.29790907082525	0.1346392047266	0.074135202850452	1.274224876159	0.14469615111884	3.7904606737266	2.5118646133999	0	0.16239657256046	6.258019446443	0.026799038348775	2.0695969394613	1.286322261215	1.6810604167534	0.32298819786556	0.1424417332078	0.074135202332658	1.2742249561401	0.1479663297403	3.6787454781115	
18.872	2.545524226212	0	0.15742232113074	6.5489523621669	0.024504484980455	2.1504507067101	1.2415636645962	1.6549079617368	0.29111091916391	0.13157057108322	0.070954089400611	1.2477112662677	0.14025614253507	3.72021533356	2.4681381428913	0	0.1574223268267	6.1876896493552	0.025936886757122	2.0488306039251	1.2595224702455	1.6549080926738	0.3155406075938	0.13912981568342	0.070954089415083	1.2477113465124	0.14339187161612	3.5940698527859	
19	2.5344799380594	0	0.15589584462338	6.5308973116718	0.024263814019343	2.1452148501705	1.2331739983892	1.6464565503	0.28906900776573	0.13062285084347	0.069993182962934	1.2393645069209	0.1388832336929	3.6980038820407	2.4545186542424	0	0.1558958505783	6.1653552482645	0.025674634567828	2.0422210818269	1.2509663893571	1.6464566809083	0.31325299036772	0.13809926320711	0.069993183203729	1.239364587711	0.14197626339323	3.5658923292336	
19.2	2.5097148382415	0	0.15360184879782	6.4783239931999	0.023834491473993	2.1299188602485	1.2204711480753	1.633337622819	0.28521975999133	0.1289467749488	0.068564149463138	1.2266144341921	0.13673028143694	3.6503628180439	2.4287608882169	0	0.15360185511798	6.1172965206875	0.025246902706087	2.0279297666048	1.2380425496255	1.6333377528449	0.30940107702222	0.13641588846841	0.068564150027425	1.2266145156927	0.13981211260537	3.5142202730164	
19.48	2.4757909505385	0	0.1505627399649	6.4206595551442	0.023323008067424	2.1130867829087	1.2034232663961	1.6151467312974	0.28054334672501	0.12690846100994	0.06670008060689	1.2093225116467	0.13401631554743	3.5866588686216	2.3918436511808	0	0.1505627466705	6.0575118526418	0.024711629424727	2.0101323649401	1.2206388048308	1.6151468600782	0.30448955646504	0.1342681954466	0.066700081535205	1.2093225935859	0.13702136919157	3.4425262899069	
19.872	2.4337837712634	0	0.1466105873213	6.3523963290199	0.022704940984937	2.0931147302504	1.1805451572617	1.5900198247426	0.27490006094174	0.12435544786002	0.064328830798992	1.1861089997451	0.1305206333355	3.5015708836143	2.3424903979668	0	0.1466105942701	5.9781091412131	0.024042107649722	1.9864294174894	1.197306717725	1.5900199505071	0.29826890951746	0.13149969404975	0.064328832037143	1.1861090808591	0.13341428291742	3.3413139943923	
20	2.4212718978007	0	0.14538668003382	6.3319028667863	0.022516751017757	2.0871036151393	1.1731724469751	1.5818997880118	0.27318897904551	0.12355840068291	0.063606667829875	1.1787529074957	0.12942662291828	3.474680806337	2.3271210284197	0	0.14538668713875	5.9528198871406	0.023836206012468	1.9788581201438	1.1897778732308	1.5818999132891	0.29633919356114	0.13062912385199	0.063606669214861	1.1787529887958	0.13228448652998	3.3077967908268	
20.2	2.3930048085658	0	0.14353650243061	6.2727084660711	0.022177464953912	2.069702834771	1.1619968991107	1.569295245502	0.26992463526151	0.1221357308488	0.062526813682234	1.1674699626942	0.12770310114691	3.4177874402916	2.2978735298419	0	0.14353650975061	5.8986343910331	0.023497667878946	1.9625696451491	1.1783928687006	1.5692953699485	0.29306345535254	0.12919712712127	0.062526815275231	1.1674700441717	0.13054977891571	3.2467387047543	
20.48	2.354469251164	0	0.1410642616457	6.2071556208464	0.021772163808578	2.0503428727619	1.1469172436643	1.5518176071556	0.26595301606034	0.12040210749276	0.061106714136313	1.1520797198401	0.12551629550033	3.3413512282898	2.2562118586466	0	0.14106426916686	5.8308305552897	0.023071550517891	1.9421423898837	1.1629763928914	1.5518177299959	0.28886627316374	0.12736111509677	0.061106715953651	1.152079801074	0.12829621596089	3.1620269759524	
20.872	2.3063154427628	0	0.13781099162477	6.1289235013321	0.021277123178232	2.0271502314037	1.1265165710669	1.5276759097651	0.26112592992034	0.11821016676106	0.059279024229491	1.1312630436937	0.12266452008267	3.2396644260481	2.2003290702803	0	0.13781099918159	5.7406449152166	0.022532190785835	1.9148713668827	1.1421440553762	1.5276760290266	0.28349947391087	0.124970180816	0.059279026204949	1.1312631232573	0.12534770191172	3.0434751704597	
21	2.2919853669914	0	0.13679469801361	6.1053667555077	0.02112457988872	2.0201436408217	1.119878602015	1.519874254655	0.25964817343729	0.11751871543224	0.058717410292818	1.1246316674675	0.12176090200349	3.2076288199842	2.1829712313505	0	0.13679470565154	5.7119466760259	0.022364408439537	1.906164093671	1.1353576363367	1.5198743732639	0.28181846906599	0.12421095640258	0.058717412358907	1.1246317469305	0.12441286773872	3.0045099128924	
21.2	2.2596225158194	0	0.13524979186952	6.0382155879079	0.020846554874068	2.0001651154718	1.1098172706416	1.5077639282692	0.25679730404927	0.11627484473765	0.057872687867036	1.1144272112311	0.12033175758098	3.1408252986129	2.1499006518291	0	0.13524979961361	5.6508168187575	0.022086294782173	1.8875623649692	1.1250933866601	1.5077640457989	0.27894395218592	0.12295470555252	0.057872690059842	1.1144272904512	0.12297199627784	2.9340078254646	
21.48	2.2158428899651	0	0.13316892428989	5.9634650716213	0.020513518576963	1.9777908568079	1.0961800290313	1.4909715767191	0.25332247787489	0.11475589255733	0.056752182326141	1.1004451703694	0.11850678520625	3.0509880453511	2.103236513559	0	0.13316893210261	5.5742900288821	0.021734138394769	1.8642016542246	1.1111318519512	1.4909716923037	0.2752427071045	0.1213365246902	0.056752184645686	1.1004452488163	0.12108667161707	2.8365422580476	
21.872	2.1609741771796	0	0.13040092759004	5.8740468649165	0.0201022159167	1.95089015759	1.0776110303933	1.4677764588849	0.24906810544593	0.11281817963264	0.055292486064531	1.0814224104726	0.11609867811682	2.9323566013835	2.0408518885509	0	0.13040093529583	5.473004832666	0.021283019785436	1.8331483012808	1.0921458313906	1.4677765704419	0.27046626926623	0.11920970367557	0.05529248844019	1.0814224866378	0.11859140395096	2.7018025162316	
22	2.1446961889485	0	0.12952946104757	5.847143956157	0.019973960966919	1.9427656069847	1.0715181787137	1.4602807017336	0.24775364234347	0.11220116314054	0.054839857188268	1.0753379751762	0.11532657758291	2.8952335025809	2.0215765566683	0	0.12952946877958	5.4409362172561	0.021141131984595	1.8232807583365	1.085912243976	1.4602808124863	0.26895708924712	0.11852862900121	0.054839859614535	1.0753380510158	0.11779131674548	2.6580030976614	
22.2	2.1080637814674	0	0.12819818479491	5.7713595996331	0.01973797429737	1.9199223280161	1.0622906437314	1.4486452133946	0.24519554613515	0.11108532430956	0.054155046736697	1.0659519603385	0.11410207984713	2.8187672752064	1.9849142055603	0	0.12819819255521	5.3729240309102	0.020904240368372	1.8023174630251	1.0764865578117	1.4486453228606	0.2663616603585	0.11739685891069	0.054155049232632	1.0659520356198	0.11655429777461	2.5792211000903	
22.48	2.0590468504275	0	0.1263925466285	5.6870840167404	0.019454373962839	1.894335073034	1.0497370100623	1.432511278771	0.24206964177431	0.10971886368745	0.053238886947955	1.0530474040803	0.11252852192501	2.716262338946	1.9338486693565	0	0.12639255436646	5.2883098222365	0.020602461069337	1.7761357944841	1.0636189167025	1.4325113860502	0.26300320178697	0.11593237783354	0.053238889503948	1.0530474782204	0.11492473877007	2.4711407479801	
22.872	1.9978592079312	0	0.12396833555553	5.5867340309028	0.019100191692858	1.863683863178	1.0325572735575	1.410225625528	0.23821306721184	0.10796079935412	0.05203130924295	1.035413512346	0.11043006009603	2.5824878898235	1.8662991534642	0	0.12396834310017	5.1776711604848	0.020211418756472	1.7417404404223	1.0460342479914	1.4102257285723	0.25863180386264	0.11399180021331	0.052031311790935	1.0354135838659	0.11274582117566	2.3242324627424	
23	1.9798081293121	0	0.12320007892932	5.5566952504842	0.018988539307155	1.8544706767369	1.0268830110247	1.4030237721446	0.23701167730828	0.10739656630593	0.051653620659547	1.0297563451572	0.10975033459186	2.5410759246106	1.8455998775619	0	0.12320008646204	5.1429713614278	0.02008724210267	1.7309136291202	1.0402288108303	1.4030238742788	0.25724079435379	0.1133662923483	0.051653623230359	1.029756416195	0.11204068826504	2.2771959965418	
23.2	1.939369529834	0	0.12202165921761	5.4727551316872	0.018781872059343	1.8288269137841	1.018297335152	1.3918445035938	0.23466371033026	0.10637465922926	0.051079046386714	1.0210134690821	0.10867088754182	2.4565826420373	1.8063541715781	0	0.12202166672661	5.0694650587747	0.019878869978526	1.7079662078221	1.0314503735956	1.3918446043208	0.25484131315367	0.11232475136696	0.051079048988432	1.0210135393599	0.11094789025819	2.192991685398	
23.48	1.8860357265731	0	0.12041416798209	5.3801425700163	0.018532360643057	1.8003025399113	1.0065797907173	1.376343169636	0.23178330432191	0.10511772015371	0.050304304657355	1.0089629631028	0.10727470476736	2.3441768783325	1.7525947757603	0	0.12041417541395	4.97923796533	0.019611766344508	1.6796770266493	1.0194303498397	1.3763432681018	0.25172081558157	0.11097061298487	0.050304307276408	1.0089630320529	0.10949917129893	2.0788573402025	
23.872	1.8202016134354	0	0.11823972571459	5.2711762601985	0.018217229368252	1.7665205094749	0.99048300798605	1.3549313214276	0.2282000763776	0.10348706978435	0.049272243032388	0.99244335805114	0.10539583037841	2.1999170031667	1.6827363397233	0	0.11823973291876	4.8635339654414	0.019262040487946	1.6432275729915	1.0029429451497	1.3549314157988	0.24762809889406	0.10916368211549	0.049272245609915	0.99244342435634	0.10754539234758	1.9271021115298	
24	1.8227753862237	0	0.11670152711264	5.3742692122135	0.018752402594593	1.799534239409	0.97916448621944	1.3491484513572	0.23169555252736	0.1109984073543	0.048600316173199	0.97995786130141	0.10426621676028	2.1495970970353	1.6840589084347	0	0.11670153608984	4.9649686197801	0.019791767496412	1.6761143633196	0.99141362718553	1.3491488830054	0.25083690687406	0.1166950676174	0.048600319501321	0.97995794232716	0.10638089553311	1.8735380910517	
24.2	1.9479195528261	0	0.11795170831807	6.2197165863137	0.023283805573197	2.0671251692066	0.9797405830727	2.0258549979085	0.29648865817085	0.1714377277339	0.049052871191121	0.99139186401934	0.10373240828423	2.004857811159	1.8218691580535	0	0.11795171920625	5.8567442646698	0.024462077502981	1.9609457138786	0.9920334545027	2.0258554825894	0.31794460647874	0.17897990183381	0.049052875332069	0.99139196085807	0.10585099034055	1.7387956722608	
24.48	2.0033123219324	0	0.1265915228874	6.6464787327654	0.026092592368086	2.2007178528084	1.0377764166162	2.9641851756051	0.35526688933486	0.20856227491939	0.052519634804794	1.0657465427229	0.10851710329752	1.852886784059	1.888579539018	0	0.12659153633907	6.3217984219408	0.027406722971049	2.1075717345835	1.0508454083514	2.9641857330497	0.38037784032472	0.21795610000004	0.052519640033433	1.0657466608108	0.1107244383542	1.5959519282745	
24.872	2.0270989713756	0	0.15049638578318	6.7987541747762	0.028935319497226	2.2482079003372	1.2221812891865	4.2602904903706	0.41240812178096	0.23495605156169	0.062229540592425	1.2698509626288	0.12611746531128	1.6866014195338	1.9211495099517	0	0.15049640252839	6.5017079311596	0.030423347823385	2.1639028748689	1.2376070164374	4.2602911513936	0.44278660319571	0.24617371475816	0.062229547214585	1.2698511080717	0.128672219425	1.4357035167017	
25	2.0353402374101	0	0.1608158571529	6.8194685129175	0.030040065918072	2.2546731112858	1.3038767677242	4.6791424439724	0.42980951667392	0.24283975961916	0.066433966155337	1.35778514568	0.13418163211012	1.6395148200065	1.9313200505581	0	0.16081587571096	6.5281549161162	0.031595201629937	2.1721611167101	1.3202811446912	4.6791431467409	0.46196241717817	0.25459707520265	0.066433973533524	1.3577853063308	0.13689580410644	1.3894325285771	
25.2	1.8602375684559	0	0.17701282208992	5.8243709314757	0.026952626704	1.9443569930578	1.4430606036557	4.6418590920578	0.38964838118045	0.19041054042433	0.073036062511957	1.4957609885375	0.14840362155793	1.5937403233978	1.753840825208	0	0.17701284363105	5.5164748773964	0.028489024790562	1.853568210385	1.4610596750606	4.6418597888578	0.42231392227046	0.20112215701321	0.073036071131733	1.4957611742474	0.15140495971359	1.3490053672665	
25.48	1.7592706498455	0	0.19711580810264	5.2644258348215	0.027207638688851	1.7672105798653	1.6205186112013	4.5901614404166	0.37003666343649	0.17104384864542	0.081229355836605	1.6670237971899	0.16727180079005	1.5082140668267	1.6525568674128	0	0.19711583337382	4.9405056091278	0.028793392750109	1.6696938764191	1.6404162658842	4.5901621291265	0.40303741324356	0.18100979529434	0.08122936600914	1.66702401423	0.17063532120974	1.272012940556	
25.872	1.7205841385208	0	0.22080037528293	5.0362547593176	0.030137251590954	1.6948294050672	1.8291996453726	4.5187519236755	0.37917974863171	0.17842870240704	0.090880542771895	1.8688243281561	0.18967034959405	1.3861086198195	1.6156939430138	0	0.22080040525778	4.7030373839751	0.031873312262289	1.5936692723513	1.8512724962122	4.5187526013258	0.41297642987225	0.18836372043827	0.090880554900853	1.8688245847268	0.19345965064863	1.1596032419743	
26	1.7173830414314	0	0.22756901307725	5.0083210303121	0.031203483760253	1.6860521162266	1.8892220630985	4.4956751934533	0.38631521667029	0.18325799364238	0.093638217389345	1.9265018334981	0.19610066986071	1.349059532278	1.6131499156672	0	0.22756904422005	4.6739190709625	0.032996237484048	1.5844208643743	1.9118839224005	4.4956758675294	0.42051994917329	0.19332278179032	0.093638230005718	1.9265020998621	0.20000935493565	1.1248649053744	
26.2	1.7105123276861	0	0.23725052113745	4.9879473956356	0.032868143320224	1.6797654054906	1.9745947507814	4.4598537195396	0.40059027252211	0.19167974272024	0.097582159760325	2.0090075099288	0.20531012243879	1.2733610817981	1.6101903008498	0	0.23725055384371	4.651726994516	0.034734838034331	1.5774829654681	1.9980974657565	4.4598543886208	0.43519919670224	0.20193657001398	0.097582173030508	2.0090077893842	0.20936533418803	1.0620600725077	
26.48	1.7020652654927	0	0.249125624261	4.9665443502954	0.034989597903381	1.6733249396061	2.0793198694652	4.4101831426246	0.42219498794405	0.20312900375435	0.10241870100562	2.110220761363	0.21656186694098	1.1789098140175	1.6079104736187	0	0.24912565887907	4.6354123767035	0.036966975087031	1.5725466182339	2.1038344260972	4.4101838054138	0.45781168898901	0.21381193063251	0.10241871507596	2.1102210568173	0.2208137999452	0.98262134469323	
26.872	1.695233293906	0	0.26284304624592	4.9456690154346	0.0375004144452	1.6671272988204	2.2005156125535	4.3415736251445	0.45153455957653	0.21715830464211	0.1080036244733	2.2271633849944	0.22958106099483	1.068522625992	1.6083048880389	0	0.26284308332923	4.6244549937182	0.039622122604126	1.5694071494856	2.2261666670887	4.3415742800314	0.48907837712406	0.22850202927674	0.10800363957389	2.2271637011002	0.23405891644384	0.88732626087661	
27	1.6937947500738	0	0.26669376765999	4.9404110190342	0.038214213765763	1.6655747678065	2.2347245423268	4.3194017276375	0.46041193976999	0.22118947408303	0.10957090122609	2.2599982384438	0.23325423350548	1.0373869794077	1.6087108898733	0	0.26669380546825	4.6221165716054	0.040378465193648	1.5687630226619	2.2606828756516	4.3194023796277	0.49864100236196	0.23273994661387	0.10957091662952	2.2599985606241	0.23779467463567	0.85982999625718	
27.2	1.6795536710464	0	0.27212839281944	4.8821061590414	0.039272191951695	1.6475423999844	2.2829983954476	4.2849848078406	0.47380836835687	0.22698049307855	0.11178229373783	2.306346453633	0.23851244741211	0.97699520640874	1.6030458968667	0	0.27212843158021	4.5931314708085	0.041476054391789	1.5596931857559	2.3093500214227	4.2849854561424	0.51294208064704	0.23881477787411	0.11178230954029	2.3063467837793	0.24310395085755	0.81164854833673	
27.48	1.6645684602765	0	0.27864513540301	4.8403501683622	0.040535210920403	1.6345609918234	2.3410309154088	4.2372618119434	0.49055506898381	0.23403018123744	0.11443287961719	2.3619388320563	0.24478228196392	0.90258266039872	1.5965743226896	0	0.2786451753709	4.5724093581536	0.042796871408536	1.5532482187287	2.3678306290052	4.237262455742	0.53098585827439	0.24621180754566	0.11443289592533	2.3619391722981	0.24946058916084	0.75165604203771	
27.872	1.6506708170382	0	0.28588047744704	4.8075405860888	0.041946181060365	1.6243615974346	2.4057141816316	4.1713424810946	0.51003286780877	0.24199935305525	0.11737348229269	2.4236924757032	0.25177214890446	0.81742684842302	1.5903983870445	0	0.28588051899582	4.5548867963953	0.04428154397467	1.5478311275085	2.4330065268331	4.1713431194349	0.55221557147843	0.25458458177401	0.11737349926185	2.4236928291833	0.25655247174182	0.68111818363695	
28	1.6470043902517	0	0.28783576116128	4.7993743025102	0.042332289857322	1.6218230279853	2.4232867519737	4.1500399361217	0.51547578832816	0.24418725454303	0.11816754248883	2.4403892124171	0.2536731827303	0.79377478894388	1.5885533478848	0	0.2878358031922	4.5501096262932	0.044689001514418	1.5463526096762	2.4507158268118	4.1500405723517	0.55819553146935	0.25688655554845	0.11816755965932	2.4403895699384	0.25848196210523	0.66103140233575	
28.2	1.6335815361397	0	0.29051395151877	4.7576620980143	0.042900157960595	1.6087665380433	2.4474488967281	4.1169724941437	0.5235384002298	0.24731838389497	0.11925450196448	2.4632684129613	0.25632498870833	0.74736899267661	1.581618648585	0	0.29051399421488	4.5276836906803	0.045270843854201	1.5392515710412	2.4750356463142	4.1169731277349	0.56684015009931	0.26013000830877	0.11925451941316	2.4632687760521	0.2611537144571	0.62543872158852	
28.48	1.6177109351288	0	0.29355742312353	4.7225559248848	0.043546987883664	1.5977175090873	2.475116642873	4.0711207067542	0.53301700558758	0.25093225657334	0.12048826554994	2.4892880332405	0.25934472829127	0.69117010513662	1.572388691305	0	0.29355746666986	4.5074063494831	0.045941471267622	1.5328309762514	2.502856277921	4.0711213372079	0.57710221247959	0.26389162397571	0.12048828335416	2.4892884034507	0.26420617270441	0.58168267530354	
28.872	1.6011681640241	0	0.29659980258148	4.6895837381402	0.04421760863359	1.5873111501789	2.5031462701403	4.0077860650534	0.54317519961378	0.25470556811021	0.12171852515667	2.5153404055221	0.26241878528915	0.62796741085841	1.5618980084273	0	0.29659984722535	4.4859110728333	0.046642393727782	1.5260155050954	2.5310216190166	4.0077866917756	0.58823259293173	0.2678327853791	0.12171854341919	2.5153407849314	0.26731372906597	0.53087182723384	
29	1.5964993597732	0	0.29733116626805	4.6806723070377	0.044387921376812	1.5844941609735	2.5099815092287	3.9873187839677	0.54582601286961	0.25566427358743	0.12201335269118	2.5216157957624	0.26317425682542	0.6106048516196	1.5586484406439	0	0.29733121123984	4.4795754390848	0.046821081732403	1.5240023289209	2.5378954939765	3.9873194092162	0.5911638029208	0.2688364982482	0.12201337109051	2.5216161779219	0.26807792045798	0.51650945025305	
29.2	1.5851558147162	0	0.29823169313525	4.6548335254629	0.044624925844403	1.5763322380345	2.5185690495304	3.9555479039931	0.54974227068092	0.25697666371002	0.12237522408914	2.5293584741281	0.26414005426377	0.5763314000153	1.5514944104699	0	0.2982317385776	4.4634151842812	0.047061820168921	1.5188424310703	2.5465040781624	3.9555485273919	0.59528593786426	0.27017640166109	0.12237524268491	2.5293588602324	0.26904712993309	0.49087208516691	
29.48	1.5701842937159	0	0.29903964954847	4.6275195895439	0.0448657146908	1.5676635132457	2.5266523934015	3.9114939499978	0.55393225229631	0.25831289317648	0.12269717653277	2.5363426352746	0.26506181423095	0.53538300645372	1.5411076977891	0	0.29903969559518	4.4448297673869	0.047308665489788	1.5128975826401	2.5545699509135	3.9114945712101	0.59975740104464	0.27154847570466	0.12269719538078	2.5363430264463	0.26997020289229	0.45963104270524	
29.872	1.5533662122283	0	0.29939177581066	4.5972028378387	0.045055819092489	1.5580080722736	2.5311205279919	3.8506426425163	0.55766796429013	0.25935699328081	0.12283020459947	2.5394866755362	0.26561699711309	0.48990370451197	1.5285162817925	0	0.2993918226243	4.4220217521605	0.047503648789548	1.5055844933111	2.5589638372337	3.8506432610824	0.60381368883731	0.27261892483207	0.12283022376727	2.5394870731423	0.2705179937809	0.42362037210186	
30	1.5484284417288	0	0.29933996130894	4.5884928388401	0.045087042279599	1.5552286946032	2.5310867622852	3.8309778739784	0.55844341088502	0.25952270821468	0.12280562340218	2.5390928716382	0.26563881498858	0.47750359135726	1.5245574298092	0	0.29934000834445	4.4150204434903	0.047535378979404	1.5033355578972	2.558907027095	3.8309784915098	0.6046704211371	0.27278721515361	0.12280564266247	2.539093271106	0.27053634109379	0.41348080491174
