# Time [h]	MS [g/L]	Lignin [g/L]	Butyric [g/L]	Initial_Substrate [g/L]	Carbohydrates [g/L]	Substrate [g/L]	MO_AcidoLCFA [g/L]	MO_hydroM [g/L]	MO_Acetic [g/L]	Proteins [g/L]	AA [g/L]	MO_acetoM [g/L]	Propionic [g/L]	Carbondioxide [g/L]	MO_Propionic [g/L]	MO_ButyricValeric [g/L]	Valeric [g/L]	LCFA [g/L]	MO_AcidoMS [g/L]	Methane [g/L]	Hydrogen [g/L]	Lipids [g/L]	MO_AcidoAA [g/L]	Acetic [g/L]	Nitrogen [g/L]	NH4N [g/L]
0.2	0.086458312513642	232.9731600065	0.024172635540612	0.0	5.119520005696	0.3436841912884	2.7398680218464	6.4315570402154	2.0671835203086	1.83901642896474	0.053519535342422	3.7291310707358	0.056011647914382	1.5381746333854	2.2684321381426	3.9186582034188	0.0078966478307538	0.114633281184326	14.0449003006056	0.17352162883041	1.22044505090002E-5	1.51667033772704	2.0483706458808	2.477261615545	4.2507451564298	4.1705824894708	
0.48	0.076082323541834	232.9745822164	0.036166975330848	0.0	4.5567689421584	0.82024085407692	2.7392019237408	6.5036217783002	2.0747666185582	1.63586722866384	0.053619434448206	3.7539541932788	0.107824878876926	1.38631065101634	2.2720655509202	3.9248267531242	0.0127599352612388	0.2341683507427	14.085646426683	0.2171642317412	1.2068418363139E-5	1.34892708004268	2.062772190135	2.1623483041352	3.4142797709998	3.407920487193	
0.872	0.0641290269448	232.97866950952	0.034748920522384	0.0	3.8786104177894	1.47846652144788	2.738615041887	6.60365637743	2.0851995426656	1.3897190641045	0.044697947820436	3.7877245692098	0.13156815885997	1.14244487030296	2.2792741384502	3.9346569047762	0.0123845972380294	0.35249313809774	14.1339515168832	0.23758823979102	1.07936211600044E-5	1.14540943676366	2.0808268578856	1.78587562646238	2.598805358928	2.5987032660638	
1.0	0.06064457054666	232.9805659091	0.0332421861637	0.0	3.6809101449348	1.69121478129338	2.7384941116488	6.634975682937	2.0885592680876	1.31762827367256	0.041941004989828	3.798500256791	0.132814130157826	1.069239608115	2.2817454428796	3.9376354994682	0.0118505556769788	0.3807217340307	14.1478622015246	0.23938171173694	1.02171488606846E-5	1.0857374766318	2.0860987163076	1.67161815573418	2.3804078944722	2.3804057884672	
1.2	0.055980247128372004	232.98367360508	0.031105079588029	0.0	3.3931637858192	1.67773976093858	2.7383884866904	6.6825055830141	2.0937256694954	1.2125822644064002	0.038550346443849	3.8149098846978	0.134472550370946	1.11210692784265	2.285664783645	3.9420035126821	0.0111837661574011	0.43686068762624997	14.1679644823973	0.24015812965187	9.4531235545165E-6	0.99876340513745	2.0937980029613	1.45484767759649	2.0770290864825	2.0770290578499	
1.48	0.049740601824569	232.9879562295	0.02782754987228	0.0	3.0290114420394	1.65905548185297	2.7384293917955	6.7455828871772	2.1007266365396	1.07967121066148	0.033857451866162	3.8367286380867	0.129406558309398	0.97475993823093	2.2911128603488997	3.9474911221845	0.0100641074174858	0.49958767549759003	14.1928793922635	0.23245154302714	8.3231899264802E-6	0.8887237378557	2.1034928289318	1.1787549889862299	1.71744160747482	1.7174415877632399	
1.872	0.042226721678951	232.99382526712	0.023519086939709	0.0	2.5863964233998997	1.6332478827747101	2.7388779045993	6.8261575534254995	2.1098674085013	0.91817557406316	0.028258002986627	3.8642217478164	0.114803087346286	0.81717644434684	2.2982231324209996	3.9538923433899997	0.0085410060198885	0.5624574327426299	14.2220736562707	0.21329577583193998	6.854024864604E-6	0.75502895782024	2.1150957523293	0.8536328857587401	1.3173691999616701	1.31736918868997	
2.0	0.040015081482202	232.99578113094	0.022242144706231003	0.0	2.4564347521067003	1.62490736185543	2.7391186389930002	6.8505543931881	2.1126764925195	0.8707699719045501	0.026623761759093	3.8724241053455	0.109289552205084	0.77537241380418	2.3003670809754	3.9556944999952	0.0080877113784872	0.57766644231258	14.2303793995049	0.20595431820891003	6.3833283080564E-6	0.7157866661243799	2.1184593052633	0.76329233362084	1.2072803952325701	1.20728038555278	
2.2	0.036841453820519995	232.99880706524	0.020384610979169	0.0	2.2669033944403	1.6119606904119599	2.7396197046150004	6.8865649630500005	2.1167970379897003	0.80164885154195	0.024312597969586	3.884165862852	0.100537291494143	0.81412097533731	2.3035139524883004	3.9582353271806	0.0074229621490615	0.60531736810642	14.2422081499857	0.193881034009308	5.7289098538112996E-6	0.65857098632273	2.1233138016864	0.62150683571913	1.05358486962014	1.05358486184458	
2.48	0.032854843348008006	233.00298622725	0.0180716769900857	0.0	2.027009149757	1.5940088804430999	2.740606539552	6.9325639324444	2.1219610023735997	0.7141875775231501	0.021455767619902	3.8983578878933	0.088566598681331	0.7151364116921299	2.3074847852694003	3.961275804045	0.0065895988075227	0.63456942059248	14.2566140167493	0.17197780990302702	4.9103334443068E-6	0.5861794375832401	2.1293624877183	0.47347973234422003	0.8710977527013399	0.8710977468180501	
2.872	0.028051409075291002	233.00872863963	0.0153131603809642	0.0	1.7353578348186298	1.56921271393598	2.7425531503864997	6.9890444702287	2.1280651021075	0.60790771512428	0.0180691224591447	3.9144351611987	0.073499751710475	0.58942529753856	2.3121955096407003	3.964638657748	0.0055885459977258	0.65944965568995	14.273040601750001	0.14235193969015902	4.0208935083697E-6	0.49822197726842	2.1365355473591	0.34774156702883	0.66819306378889	0.66819305965868	
3.0	0.026638698250985	233.01060828913	0.0145109821992174	0.0	1.64970980178441	1.56119916015294	2.7433116858588003	7.0058524247702	2.1298493808979	0.57670954326018	0.0170790381786076	3.9190135949986997	0.06905477919436	0.55591197542994	2.3135418221894	3.9655446076672	0.0052970552784219	0.6642865998484699	14.277595366311001	0.133927290617029	3.7856290425129004E-6	0.47240481179259997	2.1385985350278	0.31952149408876	0.61239054242851	0.61239053872857	
3.2	0.024601293215176998	233.01352052331998	0.013347685332042999	0.0	1.52478679509439	1.54875998957657	2.7446404182009	7.0305144981578	2.1324075788883	0.53121798486614	0.0156639259262729	3.9254534604415	0.062622511800322	0.57149842105171	2.3154554228114	3.9667799791489	0.004871685702756	0.6780083326566799	14.2839569610635	0.123036624635767	3.4437908422790004E-6	0.43476213882601	2.1415601882799	0.25789485829181	0.5345146935609999	0.53451469042958	
3.48	0.022036174320791	233.01754967699	0.011894414774766202	0.0	1.36663518917766	1.53151181455005	2.7468039159415003	7.0619234878077	2.1355386181403	0.47365182938131	0.0139002739936242	3.9330807531474	0.054733019682228004	0.50213665528046	2.3177732441781	3.9681718194256	0.004338226038729499	0.69155913769664	14.2914453298223	0.107390325187546	3.0313419452765E-6	0.38713331664722	2.1452168803535	0.199854575773047	0.44210784909961	0.44210784659903	
3.872	0.0189383268380602	233.02309922696	0.0101516973728931	0.0	1.1742988833599601	1.50768741511654	2.7503815899737	7.100767622067	2.1392082326652	0.4036916844131	0.0117920379551184	3.9417137638976003	0.045599514703785995	0.42102808154806004	2.3203904352513	3.9695360113275	0.0036956904392441998	0.7012921764560001	14.2994656760461	0.08999557458414101	2.5981999675934E-6	0.3292598070362	2.1494870420525	0.15728492228747698	0.33939616937024997	0.33939616752113	
4.0	0.0180278053258889	233.02490300668	0.0096434002526685	0.0	1.11780219400277	1.4999880129167	2.7516645293743	7.1124293180566	2.1402833240473997	0.38315372542744996	0.011174865890889299	3.9441995891967	0.042997108417291	0.40001705319553	2.3211114289803	3.969855451183	0.0035081404227656	0.70264955399777	14.3015510582786	0.085459485611779	2.4834181252268E-6	0.3122724934027	2.1506978277265	0.14859192088147	0.31114430551399996	0.31114430383569003	
4.2	0.016711455037504402	233.02770023739998	0.008904603569124502	0.0	1.03538222556293	1.4880364677676	2.7537960411665	7.1296305447138	2.141814938144	0.35320438680306	0.010287326579580699	3.9476741582213997	0.039227876533151004	0.40206396659615	2.322110095448	3.9702366621580003	0.0032344328346044	0.7074804721329	14.3043122058799	0.080355529158259	2.2984124745075998E-6	0.28750333615912	2.1524181558419	0.124809114516125	0.2717214779686	0.27172147652300005	
4.48	0.015052973641778801	233.03157412807	0.007978889024117801	0.0	0.93100728351519	1.47146439208475	2.7570408270196998	7.151728672220001	2.1436703724306003	0.31530189544395004	0.009176342106363	3.9517736676693	0.034652148775645	0.3586986478413	2.3232697466154004	3.9705491286613	0.0028906533966614996	0.71114766965184	14.3072435610325	0.07244763270583099	2.08681336074E-6	0.25616159180134	2.154505176079	0.106292356350285	0.22494469908522002	0.22494469790754001	
4.872	0.013049573519809302	233.03691641766	0.006865485588058599	0.0	0.80401114790022	1.44857376641914	2.7620040314174	7.1796285989865	2.1458957399012	0.26923172673799	0.0078427384231203	3.9566071099004	0.029351520440921	0.31160185763834003	2.3244866913199	3.9706032571903	0.0024760004101365	0.7114326245915099	14.309723696579699	0.064046728589908	1.87207685756388E-6	0.21807535786854998	2.1568691214535	0.09373125870476001	0.172883476469392	0.172883475579994	
5.0	0.0124611414946373	233.03864728027997	0.0065403104650555	0.0	0.76669321345241	1.44117621075768	2.7637093916771	7.1881320778362	2.146560904189	0.25570551526871	0.0074521790230429995	3.9580422687018	0.027835065139789998	0.29955305984229996	2.3247977737522003	3.9705381052561997	0.0023548444705524998	0.71057879906983	14.3101814587722	0.061890902519094	1.81266602164675E-6	0.20689554729058002	2.1575202653891	0.090940404392922	0.158545809546039	0.15854580873427798	
5.2	0.011610834384583199	233.04133246921998	0.0060675379123316005	0.0	0.71223687105377	1.42969319618477	2.7664597131348003	7.200814828059	2.1475248379594	0.23597918142986	0.0068890509834267	3.9601048173853997	0.025633067578974003	0.29837521858099003	2.3252022242129	3.9703588618205	0.0021781876862101	0.7087229427303801	14.310568714309099	0.05993257847848	1.71857203959344E-6	0.190593530228273	2.158425006502	0.083729806463466	0.138520960929003	0.138520960224442	
5.48	0.0105410099704294	233.04505293947	0.0054747829377187005	0.0	0.6432441146491099	1.4137707534098	2.7704709929471	7.2174209245719005	2.1487393045005003	0.21101081072791	0.0061831790529841	3.9626798234496	0.022932850006034	0.2728517516344	2.3256160381555997	3.9699625146380004	0.0019563212013971	0.7045490404153101	14.310494379856099	0.056085183058363	1.61117650724724E-6	0.16996419641162	2.1594802779449997	0.077839383116841	0.114721426131858	0.114721425552878	
5.872	0.0092528030128067	233.05018677818998	0.0047621525313949	0.0	0.55924096515941	1.39177737629158	2.7763244158229003	7.238814481279601	2.1502539130269	0.18065506903638	0.0053355340782215	3.9658758396377003	0.0197650628108853	0.24618558158617	2.3259340513096998	3.9691553854952	0.00168897742307317	0.69625241912881	14.309318245982201	0.051768400703567	1.49345332313509E-6	0.144892733240977	2.1605906164677	0.072709944313575	0.088184730666711	0.08818473022546999	
6.0	0.0088749747292613	233.0518475865	0.0045541678833474	0.0	0.5345426849439501	1.3846698407665001	2.7782825359140997	7.245406723487299	2.1507125353059	0.171741026458737	0.0050874511156535004	3.9668416803935997	0.0188524023531538	0.23930397319512	2.3259820201345	3.9688372761446997	0.0016109101287968201	0.6930571188872	14.3087015549522	0.05060664977901	1.4595548087561598E-6	0.137532653814599	2.1608736693999	0.071361578775921	0.08087010441058701	0.08087010400689901	
6.2	0.008331934331894199	233.05442457091	0.0042523620106838	0.0	0.4984871045841	1.37363700375936	2.7813807427560997	7.255312069317	2.151385728527	0.15873924238927	0.004730175715531399	3.9682552513624	0.0175266737380746	0.23944748417884	2.3260042356158	3.9682891574315997	0.00149732730308055	0.6858091087460401	14.3075210752196	0.049814149884189	1.4073308600748E-6	0.12679971750053498	2.1612417585674	0.068318935544538	0.070649348099321	0.070649347747808	
6.48	0.007652584095656599	233.05799590335	0.0038750936798704	0.0	0.45277798173952	1.35833875666051	2.7857788434295	7.2684101825115	2.1522484531771	0.142278925510402	0.004283300474034	3.9700622803557	0.0158906166759357	0.22380753898959999	2.3259364675359	3.9674258498068	0.0013550453797301601	0.67492570333339	14.305460706219801	0.04748636937061	1.34548907548028E-6	0.11321632484597	2.1616178692778	0.06555001477269701	0.058496806470672	0.058496806180753	
6.872	0.0068432325889468005	233.06292525456	0.003424150079829	0.0	0.39706923119187	1.33720751890932	2.7919866107123	7.2854220424845	2.1533303672249	0.122260434036901	0.0037491587247775	3.9723290698309	0.0139620925542876	0.20768040164228302	2.3256708592845	3.9660505850673	0.001184391482831	0.65866706505145	14.3018666357933	0.044674757235734	1.27548260882888E-6	0.09670529608959699	2.161902550952	0.062850000369516	0.044950844103895	0.044950843882071004	
7.0	0.0066067091912525005	233.06451874534	0.0032930578231618	0.0	0.38067658317815	1.33037863855118	2.7940182648164003	7.2906862719214995	2.1536571590742	0.11638038208169399	0.0035931777441732	3.9730145069404	0.013405620586322	0.203523918638637	2.3255474613156997	3.9655654899304	0.0011347017703230902	0.65318799821828	14.300539022069199	0.043887507178777	1.2551588509951001E-6	0.09185762287806301	2.161943112475	0.062115931153671006	0.041219502449972995	0.041219502246803	
7.2	0.0062722292088958995	233.06699146251	0.0031039650873689	0.0	0.35673207123348	1.3197783414597302	2.7971826153124	7.298608695104	2.1541353719708	0.107802237301376	0.0033700671840534	3.9740175397964	0.012600206437659401	0.204932959125179	2.3253199267228	3.9647736643878	0.00106273970580413	0.64228594637983	14.298320607921799	0.043491695258681004	1.22372003116621E-6	0.08478775204171099	2.1619575165604	0.060459257259018	0.036011558417732	0.036011558240524	
7.48	0.0058603002449456	233.07041856125	0.0028697552679097	0.0	0.32634902349888	1.30507984195085	2.8015715739953	7.3090932821826	2.1547433073069	0.096938958259931	0.0030930579834642	3.9752949120707	0.011608268386491101	0.19476263581765801	2.3249360875727	3.9636014914797997	9.731627248916801E-4	0.62695459619333	14.294944306494699	0.041748865714107	1.18634613270899E-6	0.075838896815172	2.1618858134482997	0.058991812120366	0.029833926238923003	0.029833926092402	
7.872	0.0053828156480682995	233.07514923393	0.0025939328659296	0.0	0.28926683556341004	1.28477699203006	2.8075699643054	7.3226727044252	2.1554891109789	0.083721120732464	0.0027657785300192	3.9768718082273002	0.0104469598534708	0.184601687703941	2.3242853853039	3.9618498630634997	8.6674725891349E-4	0.6057525520912099	14.289746147105	0.039525193243276996	1.14441247769994E-6	0.064958699487686	2.1616257589756	0.057657182590111	0.022981616568593002	0.022981616455969002	
8.0	0.0052442977327916	233.07667793630998	0.0025144654433543	0.0	0.27834236944514	1.27821584526495	2.8094890962205	7.3268616517468	2.1557098178047998	0.07983710769882399	0.0026705238282586	3.9773412926328	0.0101136211211433	0.182057425676736	2.3240485810844	3.9612540566208	8.3592443704328E-4	0.59895916665316	14.287946514980899	0.038885490253744	1.13233087954825E-6	0.061763630049619	2.1615062892136	0.05731558374081	0.02110244355142	0.021102443448067	
8.2	0.0050560627478801	233.07905017155002	0.0024012743277213	0.0	0.26237198796299	1.2680311380103801	2.8124297385384	7.3331412345248	2.1560263000192004	0.07416930992722301	0.0025361390958861998	3.9780175574687	0.009636446296504501	0.18440466348783702	2.3236554006149	3.9603005588961	7.9163037532357E-4	0.5867536891693399	14.2850384073068	0.038618315049796	1.11348769591644E-6	0.057103270455884994	2.1612872101634	0.05643319104163	0.0184920178493121	0.018492017758818	
8.48	0.0048319252052394	233.08233810015	0.0022633529717877	0.0	0.24208100301608998	1.2539088893785	2.8164111616429	7.3413926457158	2.1564143365812	0.066988501850436	0.0023710039255352	3.9788547962651997	0.0090544308555085	0.177609718785589	2.3230614025989	3.9589233908240997	7.3691926706723E-4	0.57022147323927	14.2807868342503	0.037104808685256	1.0915694247439299E-6	0.051203004709506006	2.1609198251072	0.055815123695568	0.0154220324435573	0.0154220323681596	
8.872	0.0045843057782766	233.08687692879	0.0021041825758254	0.0	0.21726633135755	1.23440198584036	2.8216726872897	7.3519474334728	2.1568601935621	0.058245288467326004	0.0021773560966527	3.9798371744969003	0.008382723226864501	0.17130503999476399	2.3221542822781	3.9569220957067	6.7235824054934E-4	0.5484788448753599	14.274520499719301	0.035116992564866	1.06807396908842E-6	0.044026865331373996	2.1603001579544996	0.055498905733281	0.012068694596308	0.012068694537367	
9.0	0.004512092608227099	233.08834342052	0.0020586360033447	0.0	0.20994371763626002	1.2280980790956	2.8233172055080002	7.3551734609247	2.1569848478232	0.055674659851687	0.0021205062427983	3.98011745132	0.008191122886964199	0.169843380194256	2.3218419969109	3.956252933469	6.536366557351599E-4	0.54175345733881	14.2724063443069	0.034540754367603996	1.06141262366745E-6	0.041918924171812005	2.1600750842739	0.05546068045645	0.011160860760609799	0.011160860706117999	
9.2	0.0044197972398214	233.09061922086	0.0019946941592553797	0.0	0.19922637351817302	1.2183126757988298	2.8257981674036996	7.3599747231046	2.1571537545733	0.051921921399195	0.0020405655080539	3.9805043908571	0.0079228109356446	0.172922155262289	2.3213388107614	3.9551925699985997	6.268694025728201E-4	0.53034951291153	14.269038597477	0.034329558524767004	1.0506729537226E-6	0.038843634626004	2.1597020718434	0.055090364033083	0.009914973581654801	0.009914973533265	
9.48	0.0043108855831952	233.09377374359002	0.0019164341233521799	0.0	0.185584700312477	1.20474410178775	2.8290876338975	7.3662195124591	2.1573409640554	0.047164371430289995	0.00194007802920189	3.9809501041514004	0.007594482535297301	0.168336850335608	2.3206060481315998	3.9536805681417	5.932655823122301E-4	0.5153375621821901	14.2642038101523	0.032958825991055	1.03853447160891E-6	0.034948902921521	2.1591400762938	0.055074302244555	0.0084791889325253	0.008479188891161601	
9.872	0.0041832724113841	233.09812905896	0.0018230009509949598	0.0	0.168854691939093	1.18600197253053	2.8333315296397	7.374117355424801	2.1575196650448	0.041365935731941	0.00181449937604128	3.981414430608	0.0072072002582366	0.164628313400347	2.3195318498060997	3.9515167286603	5.519531406605401E-4	0.49628157204707	14.257226657075	0.031203531722432	1.02584172766093E-6	0.030209602427067002	2.1582845501178003	0.055444059654516	0.0069600070924566	0.006960007058520099	
10.0	0.004141694249718	233.09953628526	0.00179505823586541	0.0	0.16390629013449198	1.17994522529692	2.8346398232854	7.376517306468401	2.1575610132684	0.039659707462969	0.0017755337139478198	3.9815336816251996	0.0070933266820306	0.163900536214894	2.3191709402183	3.9508001972551003	5.394866654989E-4	0.49052195919579	14.254903357953399	0.030710765158500998	1.022097101245E-6	0.028816885363614	2.1579903801116	0.055591104998319	0.006558727533868	0.0065587275018921	
10.2	0.0040838504463933	233.10172031308	0.00175563658320929	0.0	0.15665207023405198	1.17054348071304	2.8366025819595	7.3800827819553	2.1576053146961	0.037167420992198996	0.00171767149433226	3.9816802460416003	0.0069399735692713	0.167449840082665	2.3185978060651	3.9496715025839	5.2156414489471E-4	0.48088984516800004	14.2512306932616	0.030635166894398998	1.01509160737517E-6	0.026784442286712	2.1575170079283	0.055439064542330996	0.0060192296648706005	0.006019229635529999	
10.48	0.0040016024820284	233.10474804284001	0.00170176920494556	0.0	0.147395049346064	1.15750689171428	2.8391977617895003	7.384723501873999	2.157630695271	0.034004930116409995	0.0016377225143090202	3.9818143056419997	0.0067357941833585	0.16418757127424	2.3177787158071	3.948074566769	4.9711500677632E-4	0.46835604030929	14.246009943655402	0.029523009909184002	1.0064622035889401E-6	0.02420923827678	2.1568286526467	0.055609562610072	0.0054165876245251005	0.005416587598127	
10.872	0.0038765796873143	233.10892911335	0.00162701464275755	0.0	0.13599811710974602	1.13949958472079	2.8425681990067	7.3906480618331	2.1576104173112	0.030145062753204	0.0015262844305348	3.9818955555247	0.0064612521442937	0.162007909648857	2.3166037559915003	3.9458102302108	4.6377207806232E-4	0.45256645092938996	14.2385636187344	0.028188281591004997	9.9585282268071E-7	0.021073334720985	2.1558206011189	0.056020151991409	0.0048040048114009	0.0048040047879928	
11.0	0.0038327850743793	233.11028015313	0.00160259361252389	0.0	0.13261634077436701	1.13368031183638	2.8436170748665	7.392466783037699	2.1575931249696	0.029007929380903	0.00149038221192463	3.9819018291274997	0.0063730219895668	0.161691094247476	2.3162140935016	3.9450647024117	4.5310786093215E-4	0.44780243367198	14.236102232236	0.027835456135853	9.9235920382714E-7	0.020151243680413	2.1554817937025996	0.05614088894569701	0.0046466113320139	0.0046466113093738	
11.2	0.0037626432897990003	233.11237715746	0.00156830748904591	0.0	0.12764775376534	1.12464719292694	2.8452071634967	7.3951970082792	2.1575536864159	0.027345544163316998	0.0014353722933947099	3.9818870770636	0.0062594975566278	0.165384267899985	2.3156001576248	3.9438944707245	4.3794547720414E-4	0.43958845700418003	14.2322284435841	0.027987729326831	9.8528005105756E-7	0.018805030027543197	2.154943639269	0.055914942451026	0.0044394070105679	0.004439406988938899	
11.48	0.0036580533583334	233.11528457482	0.0015164066255071	0.0	0.12128554050453	1.11212174512686	2.8473488007674	7.3988107238816	2.1574767737597	0.025233380748612	0.00135714120014403	3.9818237366746	0.0060894674709278	0.162716503034264	2.314731484885	3.9422461892255	4.1593565850569E-4	0.42880866043059	14.2267526203035	0.027208382119072	9.7546466894158E-7	0.0170981690203593	2.1541735921529	0.055851639498156	0.0042149551572514	0.0042149551367173	
11.872	0.0035039793432183	233.11930005238	0.00144025612620162	0.0	0.113411426386145	1.09482047069855	2.850212401131	7.4035465977117	2.1573384659336003	0.022650257029686	0.0012498103959452098	3.9816758107507	0.0058363857412974	0.161192149483964	2.3134990918265	3.9399208201878	3.8493032096158003E-4	0.41500665944455	14.2189943208892	0.026304108234234	9.6236651106948E-7	0.0150175049386536	2.1530663207249	0.055821282450593	0.0039941508681397	0.003994150848682701	
12.0	0.0034536059372144	233.12059766096002	0.00141531019649304	0.0	0.11106495265576	1.08922936456156	2.8511221787206	7.4050275946410995	2.1572875360754002	0.021887983331798	0.00121619420569777	3.9816163590119	0.0057520361536496	0.161032558226885	2.3130930145419	3.9391575510998003	3.7502229788244E-4	0.41078897040049	14.2164406492527	0.02607651531688	9.58076658595E-7	0.014405167193035001	2.1526983447642998	0.055794960708314	0.0039386394868637	0.0039386394676774	
12.2	0.0033745725704238004	233.12261182879	0.0013797219460841702	0.0	0.10760728992157301	1.08055042330349	2.8525202533065	7.4072805413167	2.1572013529091	0.020772304926123	0.00116567119159496	3.981510169841	0.0056359871495536	0.16464826908416	2.3124553680363	3.9379614750576	3.6072206139004003E-4	0.40313912952786	14.212431686037	0.026415327128447998	9.501920626845901E-7	0.013510633954207	2.1521175479892998	0.05547943147756	0.0038669054065679	0.0038669053877315	
12.48	0.0032640438200758	233.12540456556002	0.00132810643784494	0.0	0.10315962922801	1.06851608259315	2.854437773832	7.4103148839891	2.1570689358668	0.0193521672739567	0.00109674443474693	3.9813378432789	0.0054655597082831995	0.162157480943673	2.3115567859965003	3.9362803860648	3.4075077748999E-4	0.39296341988083	14.2067831992408	0.025871088410765	9.3897331480672E-7	0.0123753671559797	2.1512932911042	0.05517266384877	0.0037921048857574	0.0037921048672857	
12.872	0.0031140951540189	233.129261924	0.00125642817581101	0.0	0.097617185556391	1.05189316760351	2.8570579826627	7.414375829758599	2.156866547336	0.017610457572087998	0.00100698653759771	3.981062683747	0.0052210096116255995	0.16085318244733499	2.3102878582852	3.9339148480389	3.1391648854055E-4	0.37969965810291	14.1988118124216	0.025226921478246	9.2421838421243E-7	0.0109894099096354	2.1501196652605996	0.054778251792959004	0.0037224393004661	0.0037224392823343	
13.0	0.0030672045698261	233.13050846981	0.0012337678630521599	0.0	0.095956388391541	1.04652128363887	2.857901251734	7.4156624242425	2.1567971066288	0.0170952796064811	9.7965449168202E-4	3.9809661190528	0.0051417511274332	0.160743861824973	2.3098709748083	3.9331397246398	3.0559495470794E-4	0.3755986031991	14.1961948172138	0.025068964831831	9.195279369979699E-7	0.010581016337157498	2.1497321189500003	0.054645399067165	0.0037058070631524	0.0037058070451017	
13.2	0.0029957132870004	233.13244342143003	0.00119940260679037	0.0	0.093499850301052	1.0381826354588	2.8592061895930003	7.417635343775499	2.1566848501768	0.0163400262860804	9.3864601969428E-4	3.9808075054082	0.005019029068663	0.164253984957352	2.3092171744404	3.9319260598080996	2.9287480541274E-4	0.36800008598010003	14.1920926310709	0.025505994385914	9.1138783672834E-7	0.0099838951253047	2.1491225568461	0.054299916560442	0.0036855230201698003	0.003685523002218	
13.48	0.0028995375484793	233.13512639927	0.00115327477520309	0.0	0.09032164497464501	1.02662014921777	2.8610104843246997	7.4203180123995	2.1565207001760998	0.0153762236583825	8.851131632375199E-4	3.9805710185856	0.0048514186856149	0.161814762752759	2.3082971568292	3.9302221119584	2.762444672212E-4	0.35781287729089	14.186324520538701	0.025077773255065	8.997847161087199E-7	0.0092250420613646	2.1482615703435	0.053880140429371004	0.0036676892075644	0.0036676891896996	
13.872	0.0027736037606113	233.13883228358	0.00109308109085729	0.0	0.08632691774460899	1.01064900049662	2.8634962944830002	7.423946298370399	2.1562799124516	0.0141895599541602	8.1748129510547E-4	3.980217309485	0.0046278947683929	0.16061834355273302	2.3070006306412	3.927828113921	2.5513905172024E-4	0.34441385030035	14.1782047886051	0.024554145628226998	8.846946167457999E-7	0.0082966552015749	2.1470429005982	0.053318830682223	0.0036568874675578	0.0036568874497456003	
14.0	0.0027347539745601	233.14002989264	0.0010745692841525	0.0	0.085121673909603	1.00548774395651	2.864299700386	7.4251030858065	2.1561989862801	0.013837430321509601	7.9712525881752E-4	3.9800970391088	0.0045581744666315	0.160540202914392	2.3065753447419	3.9270445383502	2.4876088733273E-4	0.3402497586953	14.175543566336199	0.024427614781897	8.7996546020677E-7	0.0080226102936939	2.1466420575991	0.05313839810393	0.0036557800442662	0.0036557800264593	
14.2	0.0026761277683512	233.14188890408002	0.00104532383134727	0.0	0.083330693510591	0.99747604745738	2.8655452947602003	7.4268829584441	2.1560698418085	0.0133200576275963	7.6638079025415E-4	3.9799034122048997	0.004444021737402701	0.16398641505807	2.3059088736056	3.9258183610028	2.3862946517845E-4	0.33261645053503	14.1713761298812	0.024908207801834	8.7178186673801E-7	0.0076214308540702	2.1460129761093	0.052757143968939	0.0036566100976048	0.0036566100797939998	
14.48	0.0025982095351292003	233.14446662319	0.0010077115949175901	0.0	0.080997283805844	0.9863669164638	2.867270467719	7.4293121763485	2.1558838240306	0.0126575379054121	7.2713866441035E-4	3.9796212878736004	0.004295000660887701	0.161580891022869	2.3049719694612	3.924098239357	2.2588274500345E-4	0.32236490143075003	14.165524036811199	0.024529784564621	8.601651141698899E-7	0.0071106095522859	2.1451270893466	0.052275980830441	0.0036632620513292998	0.0036632620334860998	
14.872	0.0024968613877589998	233.14802718264	9.6013870982676E-4	0.0	0.078034138136666	0.97102198169458	2.8696495033039	7.4326111830929005	2.1556148532673998	0.011837521411503	6.7805081009128E-4	3.9792082163104	0.0041050390712482	0.160468949851344	2.3036536126284997	3.9216842022988	2.1020679761041999E-4	0.30887021995643005	14.1572996755158	0.024056775721276	8.4509037246696E-7	0.0064838108393873006	2.1438778797336	0.05163673491491	0.0036795775874297	0.0036795775695069	
15.0	0.0024655658961274	233.14917783377	9.4566838767532E-4	0.0	0.077132924048461	0.9660630944484501	2.8704183872040003	7.433665544937201	2.1555251813906002	0.011593144221737201	6.6329398116807E-4	3.9790694088201	0.0040471116148999	0.160419028389148	2.3032216564477	3.9208946865165997	2.0552656854106E-4	0.30467828164514	14.154607132898	0.023943433511581	8.4039026093681E-7	0.0062983357032766005	2.1434680137162	0.051434346753838	0.003686002110227	0.0036860020922728	
15.2	0.0024183995690417	233.15096396526002	9.224224494709301E-4	0.0	0.075786531803072	0.95836553080181	2.8716098675243	7.4352894459186	2.1553827365241	0.011233026527348599	6.409124171929299E-4	3.9788474917521	0.0039507059572587	0.163826997276356	2.3025451919466002	3.9196597895459	1.97977396958992E-4	0.29711121587437	14.1503933857775	0.024442587497563	8.3216454843916E-7	0.0060263515785079	2.1428257144588	0.051020496005085	0.0036975574165263	0.0036975573985158	
15.48	0.0023556464916761	233.1534406484	8.9292454938438E-4	0.0	0.07401824688997599	0.94769198044139	2.8732580502203	7.4375073940023	2.1551787113387	0.0107697723032318	6.1249083224884E-4	3.9785268918226	0.0038272473994205	0.161456102699574	2.3015951461431	3.9179285392296	1.88608976822791E-4	0.28697056210813	14.1444814488611	0.024084623921574	8.205160796013801E-7	0.0056791115742155	2.1419229870547003	0.050499223361824996	0.0037174918656399	0.0037174918475321	
15.872	0.0022735949095014	233.15686168102002	8.5584726393955E-4	0.0	0.07174670397055899	0.93294870809619	2.8755256004779	7.4405212943484	2.1548854776275	0.0101924373360287	5.768805195803E-4	3.9780616994343	0.0036726093491144	0.160427331888024	2.3002599974914	3.9155008480938998	1.7718939924304998E-4	0.27367452942855	14.1361820527488	0.023631288175681	8.053411660121699E-7	0.0052512917659790995	2.1406531043137997	0.04981214810411	0.0037497921562211	0.0037497921379558	
16.0	0.0022480919345919	233.15796724355	8.445609963573201E-4	0.0	0.07104969498081601	0.9281842556108999	2.8762570322742	7.4414847025209	2.1547880717313	0.0100194262502979	5.6613085652258E-4	3.9779062207251004	0.0036257961580598	0.16040636374477202	2.2998229323215	3.9147073012869997	1.7378453315403E-4	0.26955821195901997	14.1334669289496	0.023522891453148002	8.0061701171311E-7	0.0051242710851542	2.1402371218043	0.049595779854937	0.0037609088024291998	0.0037609087841097002	
16.2	0.0022095686519183998	233.15968339022	8.2629711692798E-4	0.0	0.070002298491919	0.9207885082877401	2.8773885432422	7.4429679161735	2.1546336621123	0.0097635075636552	5.4977638368591E-4	3.9776584700843998	0.0035474728310238	0.16379324962686997	2.2991388588341	3.9134665230929997	1.68258189670056E-4	0.26217720238672	14.129219682931	0.024029424303546	7.9224532875893E-7	0.004937572801507899	2.1395858656323	0.049157797208668	0.0037794398054892	0.0037794397870793	
16.48	0.0021580036795606	233.16206303934	8.031050020076099E-4	0.0	0.06861483622805001	0.9105334603955899	2.8789492368917	7.4449911276267	2.1544130602107003	0.009432382043181801	5.2893955907693E-4	3.97730201068	0.0034476213770525	0.161463385715012	2.2981788965592	3.9117278322916	1.61406872757104E-4	0.25232261345025	14.1232642269914	0.023678301027719	7.803898839945E-7	0.0046983563678064	2.1386717208648	0.04860535583318	0.0038085629570068	0.0038085629384549	
16.872	0.0020899293188895	233.16535005128	7.7377368460248E-4	0.0	0.066810789181699	0.8963682608161401	2.881087068423	7.4477348324824	2.1540968486055	0.0090161404992397	5.026299399116701E-4	3.9767870120691002	0.0033227025933868	0.16052711224947502	2.2968311657239	3.9092910836685	1.53027195192112E-4	0.23947268582343	14.1149098280796	0.023229174938409	7.648384194622699E-7	0.0044020085436829	2.1373877939459	0.047876897565564	0.0038528202241096	0.0038528202053418996	
17.0	0.0020685911225885	233.16641230169	7.6478625211001E-4	0.0	0.066252167760013	0.89179061954648	2.8817744213381	7.4486104074973	2.1539919763216	0.0088905460311203	4.9463005053679E-4	3.9766153307184	0.003284807648352	0.160538591755939	2.296390279756	3.9084948745121	1.50516677271903E-4	0.23551067505966	14.1121780470002	0.023121325959326998	7.5999866854509E-7	0.0043136286335913	2.1369676481846	0.04764753696985	0.003867625817514	0.0038676257986741	
17.2	0.0020362439407969	233.16806121672	7.501739216122199E-4	0.0	0.065407757717813	0.88468485473558	2.8828349009088	7.4499560991266005	2.1538258733232	0.0087039030465728	4.8241559506067E-4	3.9763422001013	0.0032212058462491	0.16392034765476698	2.2957005277147	3.9072502290962	1.4642602729266402E-4	0.22839452999002	14.1079059889058	0.023629315756995	7.5130477158532E-7	0.0041833261937304	2.1363102900886	0.047185269031203	0.0038918568604559	0.0038918568414978002	
17.48	0.00199261082763096	233.1703476413	7.3149726403648E-4	0.0	0.06427955078299599	0.8748319004513501	2.884291179109	7.4517856119538	2.1535887848266997	0.0084607107432806	4.6673771110535E-4	3.9759499625543	0.0031398652787944003	0.16163833723516	2.2947331840642997	3.9055066783154	1.41328303611121E-4	0.21892928522535	14.1019180982713	0.023276779862521	7.3899204068658E-7	0.0040155779069041	2.1353883541874	0.046599240895591004	0.003928927899516399	0.0039289278803775	
17.872	0.00193437517399414	233.17350587999	7.0760559564077E-4	0.0	0.062795117326001	0.86122210839058	2.8862731347499	7.4542545719086	2.1532491998878	0.0081518469469804	4.4671442123307996E-4	3.9753842703017	0.0030373489792726	0.16080699205014198	2.2933760931883	3.9030640612682	1.35031870097289E-4	0.20665227627878902	14.0935223368631	0.022821421479417	7.2272197156935E-7	0.0038062815193151	2.1340948158429	0.045823270146888	0.0039842534028014	0.0039842533833927	
18.0	0.0019159591440120602	233.17452651187	7.0021858566033E-4	0.0	0.062331437590927	0.85682395363197	2.8869073498977	7.4550395157145	2.1531366160295002	0.008057899595400701	4.4056874684977E-4	3.9751958728970003	0.0030060329291686	0.16085554424744	2.2929323611485	3.9022661376691	1.33129733171164E-4	0.20288120760769002	14.0907779432038	0.022710963575335003	7.1766014496477E-7	0.0037435039776663997	2.1336718140858997	0.045578554213021996	0.0040026126217982995	0.004002612602300001	
18.2	0.0018879382277151601	233.17611082124	6.881578981598E-4	0.0	0.061626623636941	0.84999680139027	2.8878820674002004	7.4562419345985	2.1529583067331997	0.0079175353390351	4.3114446738454E-4	3.9748963071864	0.0029533131593441004	0.16424600717742	2.2922383754268	3.9010190144241	1.30018268013254E-4	0.1960788497898	14.0864870131024	0.023216333545281	7.084443898708101E-7	0.0036505855774543	2.1330102636762	0.045085651765784995	0.0040324965246259	0.004032496504981799	
18.48	0.00184984731841578	233.17830765664002	6.7261155175397E-4	0.0	0.060677376959501	0.84053017503323	2.8892120737986	7.4578669045976	2.1527037517055	0.00773316999909	4.1893193696997E-4	3.9744663049877	0.00288543544465	0.162016686903159	2.2912655186414996	3.8992723749938003	1.26108471247719E-4	0.18706306914045	14.080474288238	0.022855787351322	6.954115286242E-7	0.003530247742455	2.1320829621352	0.044457768342238996	0.0040777706272821	0.0040777706074173	
18.872	0.00179847689190024	233.18134213298998	6.52465859518E-4	0.0	0.05941482411381	0.82745401360265	2.8910052806437	7.460040935104	2.1523389600675	0.0074963011418438	4.0312228996702E-4	3.9738462468113003	0.0027989321824764997	0.161303395824891	2.2899014095883	3.8968260739179996	1.21214804739712E-4	0.17542867856627598	14.0720465589723	0.022385276687572002	6.7808715272777E-7	0.0033787661622784	2.1307827810063	0.043623236995284004	0.0041450064278638	0.004145006407671	
19.0	0.00178209840450931	233.18232276387	6.4617812708018E-4	0.0	0.059017359395999	0.8232283078020599	2.8915751237878	7.4607275590865	2.1522179641265	0.0074236117905163	3.9821873864804E-4	3.973639738176	0.0027722747101469	0.161394208993756	2.2894555357895	3.8960270854573	1.19721286142553E-4	0.17186839166563	14.0692923490831	0.02226945315649	6.727034483819599E-7	0.0033330087182539	2.130357799927	0.043359730247632	0.0041672739138544	0.004167273893553	
19.2	0.00175710325687778	233.18384497603	6.3587406211124E-4	0.0	0.058410213092495	0.8166688439159899	2.8924459901504003	7.4617735239875	2.1520262351715997	0.0073143739027573	3.9066436064767E-4	3.9733113278139003	0.0027272686940234	0.164804543617863	2.2887583553223	3.8947784359721	1.1726791193518901E-4	0.165432193687783	14.0649866635707	0.022768910018734	6.6279581216155E-7	0.00326495951168	2.1296933385191	0.042828998708688004	0.0042034559986862	0.0042034559782083	
19.48	0.0017229015606768198	233.18595569579	6.2248053631464E-4	0.0	0.057586788219824	0.8075733978439199	2.8936232877751	7.4631731765114	2.1517522785171	0.0071696544437002	3.8077470546051E-4	3.9728397349237	0.0026688780072637	0.162630598121553	2.2877813198106	3.8930299204753	1.1415521893540901E-4	0.15693565530659898	14.0589543919676	0.022394463782587	6.488365914769999E-7	0.0031761943367165	2.1287623006553	0.042151175152850995	0.004258004976168401	0.0042580049554244	
19.872	0.00167638744005861	233.18887119880998	6.0491512018838E-4	0.0	0.056481382871529	0.7950099438124201	2.8951887048122	7.4650190741507	2.1513591627306	0.0069814567045571995	3.6779541414041995E-4	3.9721591839164	0.0025936057091841	0.162048637127848	2.2864118555001003	3.8905814320842	1.10202478790434E-4	0.146037152631119	14.0505012683708	0.021900787695004	6.3022572991448E-7	0.0030632776865746	2.1274574750328004	0.041249327873944	0.0043388647984707995	0.0043388647773324	
20.0	0.00166145821464505	233.18981337453	5.9938693516914E-4	0.0	0.056131092768844995	0.79094992532523	2.8956809957306	7.4655956531392995	2.1512286485886998	0.0069231754088706	3.6372805202577E-4	3.9719323988068	0.002570212555016	0.162187164003313	2.285964338881	3.8897818244713998	1.0898333291494799E-4	0.14271738668287098	14.047739208159499	0.021777160908732	6.2445823956281E-7	0.0030288889772555998	2.1270311058219002	0.040964730505038	0.0043656215595094	0.0043656215382404	
20.2	0.0016386373641712202	233.19127588691998	5.903039686778299E-4	0.0	0.055593809687282	0.7846476538626399	2.8964269889298	7.4664659215053	2.1510216682244	0.0068350717186003995	3.5743654458574004E-4	3.9715715680254	0.0025306353515314	0.165625405609093	2.28526469834	3.8885323022316003	1.06972753258446E-4	0.136720940462621	14.0434216703852	0.022268160113222003	6.137688296518E-7	0.0029774673561301004	2.1263645985018	0.040391903122453	0.004409038299467	0.0044090382779862	
20.48	0.00160726841407634	233.19330381097	5.7841527292834E-4	0.0	0.054860940974145	0.7759088342878699	2.8974213267998996	7.4676115742231	2.1507255466438	0.006717345971727601	3.4912276226443E-4	3.971053014756	0.0024789368573779	0.163506675591428	2.2842844254748	3.8867827444933	1.04397720818204E-4	0.128846212185975	14.0373735987531	0.021874860460744	5.9880434690533E-7	0.0029098435735706	2.1254309264033	0.039660971634796	0.004474206243106699	0.004474206221308	
20.872	0.00156437709746101	233.19610491826	5.6267579055601E-4	0.0	0.053869670641691	0.76383798469794	2.8987152950543997	7.4690862971956005	2.1502999126798	0.006562428352532301	3.380810698947E-4	3.9703038744875	0.002411646543905	0.163067601346782	2.282910776336	3.8843331000169	1.0108332235617701E-4	0.11882623700334499	14.0288997716237	0.021351594581783	5.7888050132425E-7	0.0028228107246295	2.1241228117438	0.038691498436415	0.0045705299198194	0.004570529897550701	
21.0	0.001550548141301	233.19701011643002	5.576915155969401E-4	0.0	0.053553890818999	0.75993715697974	2.899115543496	7.4695382088064	2.1501584449443003	0.0065140334205987995	3.3459052536487E-4	3.9700540552288	0.002390593669941	0.163258796814777	2.2824619676289997	3.8835331808055003	1.00051433170541E-4	0.115793017034932	14.0261312717288	0.021218324011932	5.727365067305201E-7	0.0027960672059934	2.1236954563265	0.038386552060425	0.0046023442890078	0.0046023442665839	
21.2	0.00152940807061681	233.19841522078	5.4949378959441E-4	0.0	0.053067964325769	0.75388199351701	2.899713845342	7.4702093763402	2.1499338918273	0.0064404664638839	3.2917673139104E-4	3.9696563597827	0.0023549451143297997	0.166728479705874	2.2817603831151	3.8822832373243	9.8344673798506E-5	0.11032560769435701	14.0218039728217	0.021699527596558	5.6129993240621E-7	0.0027558423315923	2.1230274922183003	0.037772849105931	0.0046538525125267	0.0046538524898515	
21.48	0.0015002859953722998	233.20036352315998	5.3871226806148E-4	0.0	0.052402152837755	0.74548581725569	2.9004930533447997	7.4710673582121	2.1496122168016	0.0063413775331548	3.2197036703318E-4	3.9690843955641997	0.0023081487400341003	0.164660152199124	2.2807775335687	3.8805332145338	9.614155506252901E-5	0.103195593706714	14.0157428151817	0.021284184415450998	5.4543858685692E-7	0.0027024849279006996	2.1220919382780004	0.036993975695593	0.0047307446376652	0.0047307446146147	
21.872	0.0014603849271523001	233.20305461254	5.243526428236099E-4	0.0	0.051496307074056	0.73388825733172	2.9014706176734	7.4721227381952	2.1491491356693	0.0062095681639492	3.1231666299113E-4	3.9682573602271	0.0022468386935297	0.164370475359099	2.2794005197199	3.8780831293198	9.3275242814459E-5	0.09421952525267	14.0072517104947	0.020727845430655	5.244581586106299E-7	0.0026329755834457	2.1207814632944	0.035969289393421006	0.0048437862697945	0.0048437862461924	
22.0	0.00144749175519238	233.20392424675	5.1978886535362E-4	0.0	0.051206572052189994	0.73014037855497	2.9017642684991998	7.4724341569122	2.1489950762887	0.006168069757789199	3.0924584364825996E-4	3.9679814337185	0.002227575218499	0.164617618278147	2.2789506642705	3.8772831121123996	9.237654004427701E-5	0.09152454093661	14.0044778076549	0.020584146179208	5.180351987204701E-7	0.0026114218286381998	2.1203533978305	0.035649002894247	0.0048809844056459	0.0048809843818623	
22.2	0.0014278091472591401	233.2052741361	5.1228769463475E-4	0.0	0.050759618951387	0.72432263406382	2.9021923946864003	7.4728814955613	2.1487503569733	0.0061046756511932004	3.0447833346258E-4	3.9675420310896	0.002194972909737	0.16811576327108602	2.2782474966971	3.8760330614988003	9.0887997260342E-5	0.086674019071448	14.0001422915004	0.021056106339448002	5.0604431173934E-7	0.0025788118087936	2.1196843826381997	0.035003085258917	0.004940998637243401	0.0049409986131669	
22.48	0.00140069601354266	233.20714585575	5.023980813739499E-4	0.0	0.050145116245256	0.7162556662052999	2.9027257585069	7.473417536642	2.1483994628728	0.0060186928808325	2.9810252306954E-4	3.9669098639249	0.0021520623933345	0.16608617235220402	2.2772625322621	3.8742829761172	8.895606850257699E-5	0.08040460880807601	13.994070064719399	0.020618424926928	4.8962038261441E-7	0.0025351851536168	2.1187474666706	0.034191925819209004	0.005029963530285101	0.0050299635057744	
22.872	0.00136358138912058	233.20973112275	4.8919265028579E-4	0.0	0.049305407052662995	0.70511283852508	2.9033461480783	7.4740072479043	2.1478938458823	0.005903254253707	2.8952026789694E-4	3.9659956120880997	0.0020956645731498	0.165943436706011	2.2758827260360004	3.8718329501774997	8.6424734873497E-5	0.072617315852787	13.9855642525808	0.020030123071416002	4.6815539034161E-7	0.0024776814531877	2.1174352759696	0.033139070683118	0.0051596559618751	0.0051596559367315005	
23.0	0.00135158866097627	233.21056654890998	4.8499088697887E-4	0.0	0.049036018127432995	0.7015119116058499	2.9035205345764004	7.474163602566	2.147725562244	0.0058666706045561005	2.8678100743853997E-4	3.9656906151315	0.0020779133665515	0.166246766211004	2.2754319946717	3.8710329844511	8.5627661093393E-5	0.07030311014086499	13.9827857299468	0.0198767871226841	4.6164642006676E-7	0.0024596962830930004	2.1170066928063003	0.032813071125164	0.0052020847138141	0.0052020846884634	
23.2	0.00133332283835782	233.21186332821998	4.7810034675612996E-4	0.0	0.048619690677192004	0.6959222769786599	2.9037595748522	7.4743651298672	2.1474581661206997	0.0058105553796243	2.825308114058E-4	3.9652049833136	0.0020479273874	0.169761928948159	2.2747274955227	3.8697830471211	8.4307998124042E-5	0.066138565797267	13.978443169083	0.020342649661061002	4.4946658291105E-7	0.0024323356041701	2.1163369099904	0.032152265798711	0.005270197931520899	0.0052701979058378	
23.48	0.00130820676247332	233.21366138514	4.6901144644969E-4	0.0	0.048045857027516	0.68817160943447	2.9040227642468004	7.4745505417124	2.1470746683959003	0.0057340081760962995	2.768344254609E-4	3.9645065951484	0.00200843831778775	0.16775076444137998	2.2737407384223003	3.8680331826345	8.25901055484E-5	0.060813589827707	13.9723614163055	0.0198863722198249	4.3304285238345E-7	0.00239544314128	2.1153989967337	0.031335453980688	0.0053702763272662005	0.0053702763010945	
23.872	0.00127393423581615	233.2161448681	4.5687860486506003E-4	0.0	0.04725920910494	0.67746568430662	2.9042568978994	7.4746395074703	2.1465221471074	0.0056304633007939996	2.6915620436296004E-4	3.9634975169757	0.00195652428779474	0.167739877276049	2.2723585394711	3.8655835696815	8.0331299901027E-5	0.054304547176678	13.963842884303801	0.0192732692498335	4.1194826480473E-7	0.0023462973486263	2.1140855453675	0.030294961753622	0.0055144661593625	0.005514466132487	
24.0	0.00125452127360221	233.21680375231	4.8519383267624E-4	0.0	0.046664661991156	0.67457433359065	2.9043091038718	7.4745866258898	2.1463249824482	0.0055572157905351	2.6525185806146E-4	3.9631351445178	0.00197400022778411	0.167832811588004	2.2719043747638	3.8647801916946003	8.213255973009599E-5	0.052371460597136	13.9610598327287	0.0190127981888868	4.1059598822072E-7	0.0023143008493934	2.1136566069589	0.030787948929262	0.0055689315652137	0.0055689315380723	
24.2	0.0012524021082725599	233.21836274915	7.4043983303574E-4	0.0	0.047209138687558	1.01292762012447	2.9043288714285	7.474710545184999	2.1460912389488	0.0056167482743887005	2.6331769162415E-4	3.9627147286729	0.0024960970369002997	0.173083468937332	2.2712084101064	3.8635467145582	1.0112442148070799E-4	0.048994370073815005	13.956708235277599	0.0201433823522078	4.4219715980032E-7	0.002335851107695	2.1129860158433997	0.036320740832388	0.0056043194523824995	0.005604319425068199	
24.48	0.00132578147609447	233.22159268682	9.0453463353328E-4	0.0	0.050749838179375	1.4820927271637099	2.9042539976795	7.4750572319035005	2.1458331145651997	0.0060281680768206	2.7516656270388E-4	3.9622627253434	0.0029893109565911	0.174258727017489	2.2702540554860997	3.8618435293321998	1.13442373792213E-4	0.044860002512187	13.9506285198328	0.020874235175727	4.5826435513906E-7	0.0025009351151958	2.112048192734	0.039374258045477	0.005618378326716101	0.0056183782993331	
24.872	0.00156092455134914	233.22814293943	0.00102451506036618	0.0	0.060469096921441	2.130145410441	2.9039924664937002	7.4756402143728	2.1455126927062	0.0071664949597994	3.194868945129E-4	3.9617117660514	0.0034854678962811	0.178112574637002	2.2689438280026	3.8594806166213003	1.26003257712725E-4	0.040053473507288995	13.9421918814059	0.021435155771218	4.6642558810552004E-7	0.0029633116144527002	2.1107427585865	0.040619961376356	0.0056307794008089995	0.0056307793733654	
25.0	0.0016650890274182702	233.2307867682	0.0010599211071672101	0.0	0.06465643933359	2.3395713976783	2.9038748594921	7.4758489454899	2.1454117522621	0.0076578984015204	3.3983534197332E-4	3.9615392709382	0.0036376703388031	0.179528840668605	2.2685217671179	3.8587135474362	1.30826243898227E-4	0.03869935692455	13.939469744207301	0.021550512359785	4.6894069158255E-7	0.0031635223735443	2.1103199635421	0.040802607744655994	0.0056351736267214	0.0056351735992564	
25.2	0.00183778304952315	233.23510126164	8.3889844860806E-4	0.0	0.071226718161545	2.3209297202289	2.9036694514667003	7.4760266698310005	2.1452054455292	0.008429182517166001	3.7481556000691E-4	3.9611728881301	0.0033171781400327	0.184242304459577	2.2678589156184996	3.8575050365077	1.17826630236571E-4	0.036195001585988	13.9352542942843	0.021843018145612	4.254035419534E-7	0.0034779079438974	2.1096633526062	0.03427029967127	0.0056777271945684	0.0056777271668956	
25.48	0.0020489147780637	233.24108350119002	7.4824727796628E-4	0.0	0.07938209074809299	2.2950808923857	2.9033361396749	7.4760084636254	2.144833307031	0.0093864676542012	4.1952840647584003E-4	3.9604946954119002	0.0031414174652864	0.180802050394839	2.2669219811624997	3.8557978973479	1.1799731487430201E-4	0.033035470594567	13.9294274236823	0.020581145576828	3.9775828660997004E-7	0.0038680648058509997	2.1087525797678	0.030327573563644	0.0057865804005184	0.0057865803723142	
25.872	0.0022890291568143997	233.24934665643	7.6798212684796E-4	0.0	0.088991640782925	2.2593761312504	2.9027663003638	7.4758099118583	2.1442561394425	0.0105143042985884	4.7102210943841E-4	3.9594346331640002	0.0031837325469964003	0.179029473439331	2.2656095307419	3.8534087356354	1.29086580137327E-4	0.029316406768066	13.921397481553399	0.019226918635106997	3.8424382086317E-7	0.0043276451826845	2.1074922830627	0.028443406324051998	0.0059491439692585	0.0059491439402605	
26.0	0.0023570785648786997	233.25201696952	7.8539972631495E-4	0.0	0.091738188889529	2.2478377652457002	2.9025566772367997	7.4757335884891	2.1440631099556002	0.0108366204118406	4.8559035826066E-4	3.9590794501415	0.0032319280686298	0.178981676799764	2.265182841999	3.8526310846338	1.33223545247783E-4	0.028261300301207	13.918802286917199	0.018940629282551802	3.8232548261825E-7	0.0044589630332158	2.1070838774299	0.02815551617296	0.0059984167183893995	0.0059984166891508	
26.2	0.0024530747645285	233.25616209918002	8.166977253786199E-4	0.0	0.095667030936025	2.2299270270401	2.9022017304974	7.4756093807917	2.1437596655325	0.0112976446424086	5.0625709253828E-4	3.9585207998736998	0.0033315185742564	0.182119616457884	2.2645187838403	3.8514190681268	1.39680245207923E-4	0.02635025745758	13.9147719551811	0.0193551385592623	3.795872902776E-7	0.0046467698283532005	2.1064486224891	0.027874265647458	0.006070978241711	0.006070978212118	
26.48	0.0025695130392028	233.26190994347002	8.6028639541215E-4	0.0	0.100486709956674	2.2050917370096004	2.9016483033693	7.4754231994193	2.1433328259034	0.011863125789049401	5.3125506854116E-4	3.9577345164411	0.0034880420377248	0.179238748961995	2.2635953365223997	3.8497286171756997	1.4794367945995102E-4	0.024015707760579	13.909174865112501	0.018896080053088897	3.7654130320338E-7	0.0048770813352759	2.1055645656166	0.027595907682873	0.0061648108376532	0.0061648108076019	
26.872	0.0027022216184861	233.26984969466	9.1414432109075E-4	0.0	0.106055406811777	2.1707869762938996	2.9007764488935	7.4751528358197	2.1427330319328	0.0125163364184558	5.597562401332E-4	3.9566289652883997	0.0037061808597640003	0.178819625867281	2.2623151123997998	3.8473735396044	1.5768843842342E-4	0.021338154769662	13.901415352053899	0.0184181188299311	3.7366675467603003E-7	0.0051430300963618	2.1043358297473	0.027322256911443	0.0062807005098792	0.006280700479262	
27.0	0.0027392805429337	233.27241554698	9.2960394579689E-4	0.0	0.107618971406379	2.1597010268163	2.9004718200191	7.4750634086661	2.1425368732274004	0.012699704122100901	5.6771377433749E-4	3.9562672821841	0.0037728970174093	0.17913291073867899	2.2618999899045003	3.8466070328086	1.60443241434699E-4	0.0205883138446863	13.89889748266	0.018319604324022798	3.7292598551356E-7	0.0052176623298954	2.1039364742892	0.027249629838528	0.006314804182936199	0.0063148041521523	
27.2	0.0027910129701221	233.27639852927	9.5166090450136E-4	0.0	0.109826029462198	2.1424925659957	2.8999741124624	7.4749162204012	2.1422283287247	0.012958495819039201	5.7894792453144E-4	3.9556979382496	0.0038729446055154	0.182637671634889	2.2612541742619	3.8454116924282	1.64445006585487E-4	0.0192303179206153	13.8949777615156	0.018940171677975	3.7002086951314003E-7	0.0053229667447171	2.1033141959935	0.026953275136976998	0.0063663030725453	0.0063663030415099	
27.48	0.0028519676161974	233.28192151851	9.7817211085768E-4	0.0	0.112473285817963	2.1186310669213	2.899233455387	7.4746878867591	2.1417926554905	0.0132688169231882	5.9212736692642E-4	3.9548933162067	0.0039980121028156	0.180051038012367	2.2603554010948	3.8437425430576	1.69181098817233E-4	0.0175827248228998	13.889516482981701	0.018633527032713197	3.6663629604037E-7	0.0054491851319647	2.1024461363598	0.026695633399956002	0.006435927897753	0.0064359278663776	
27.872	0.0029178838434557	233.28955060686	0.00100756858144885	0.0	0.115413935830629	2.0856714001323997	2.8981226367054997	7.4743416698484	2.1411789118618	0.0136133570581632	6.0641769446497E-4	3.953759151201	0.0041429819905585	0.179838806505598	2.2591063463334997	3.8414130538031	1.74384580678078E-4	0.0157087163415055	13.8819141804923	0.018234307842051198	3.6297133051736003E-7	0.0055892138465365	2.1012360472655	0.026440693669219	0.0065250508586227	0.0065250508268118994	
28.0	0.0029353742532545	233.29201606293	0.00101551983526387	0.0	0.116209018627511	2.0750201271183	2.8977449813401	7.4742233499365	2.1409778858983	0.013706465817940001	6.102201809810601E-4	3.9533875524270004	0.004183330867552	0.18019026620397	2.2587004124429	3.8406539284730004	1.7578870323729302E-4	0.0151866188048787	13.8794405455159	0.018145631865154298	3.6190862562934E-7	0.0056270262416226995	2.1008419726194	0.026369453342693	0.0065517763038261	0.0065517762718848	
28.2	0.0029588954348641	233.29584318245998	0.00102664711584903	0.0	0.117298504500319	2.0584864054696004	2.8971385925607	7.4740295324455	2.1406621806367	0.0138339987079441	6.154021388691999E-4	3.9528036940672	0.0042417347929633	0.183712553823568	2.2580679310422997	3.8394692026832002	1.77792780430221E-4	0.0142374293008057	13.8755833389304	0.0187778864634867	3.591328714888E-7	0.0056787862232771	2.1002271887298	0.026152635054999	0.0065922981680205	0.0065922981358811	
28.48	0.0029846389600233	233.30115001111	0.00103917416230375	0.0	0.118537534206934	2.0355605109905	2.8962569320782	7.473733788592099	2.1402171632219	0.0139789259474618	6.210759639548E-4	3.9519802326141997	0.0043095766114121005	0.181112477095503	2.2571857403376	3.8378131657258	1.80030094609346E-4	0.013091622440472999	13.8701972259512	0.018473510006142703	3.55596992853E-7	0.0057375368786688995	2.0993682090372	0.025936799777738	0.006647405123613399	0.006647405091204799	
28.872	0.0030085291637613	233.3084804439	0.00105165835508245	0.0	0.119778123582226	2.0038931892073	2.8949684111818	7.4732852974495	2.1395902792743	0.014123801185876899	6.2641795680551E-4	3.9508197160418	0.0043806220999834	0.18089769055614902	2.2559560141708	3.8354989766539	1.82253499855423E-4	0.0117954544930149	13.8626788154191	0.018067929335123	3.5148854596492E-7	0.0057961206803776	2.0981683997716	0.025698726210003	0.0067186695643183005	0.0067186695315615	
29.0	0.0030137929410251002	233.31084938241	0.00105468438675868	0.0	0.120076951754386	1.99365954829598	2.8945368386048003	7.4731313903499	2.1393848442768997	0.0141586280359022	6.276202658642199E-4	3.9504393060145	0.0043987480735852	0.181246385864824	2.2555555182558997	3.8347441873398997	1.8279375310650402E-4	0.0114354478082112	13.8602279821656	0.0179762613838123	3.5025743240058E-7	0.0058101600900404005	2.0977771588891	0.025629394581041	0.0067402227444833	0.0067402227116212	
29.2	0.0030197006089705	233.31452666478998	0.00105860848865615	0.0	0.120445650818107	1.9777741078462299	2.8938506757063998	7.4728820201733	2.1390627372567	0.0142015102788774	6.290181644377001E-4	3.9498426960828	0.0044242669497141	0.184740544367833	2.2549307050089	3.8335656169564	1.83505709193604E-4	0.0107808407140447	13.8564021458963	0.0186093336045638	3.4776735214359E-7	0.0058273920660489	2.0971663142568	0.025478813565983	0.006772754590993	0.0067727545579719	
29.48	0.0030235510498116003	233.31962569912	0.0010621890352058199	0.0	0.12077823004097299	1.95574713030197	2.8928664392203	7.472509232784599	2.1386095260754	0.014239984408182301	6.3001995016925E-4	3.9490029679893004	0.0044503396610971	0.182077657094795	2.2540576688716003	3.8319170350312	1.84159711739748E-4	0.0099931489949582	13.8510519884979	0.0183018249517338	3.4435836089267E-7	0.0058427231407989	2.0963119387689	0.025301847064678	0.006816811320265299	0.006816811287029	
29.872	0.0030214618354221	233.32666905623	0.00106406361458862	0.0	0.120927946397108	1.92532147589966	2.8914498857283	7.471950720265	2.1379714774145	0.0142567523436896	6.298234882237701E-4	3.9478203571123	0.0044709015887174994	0.18182064744051502	2.2528379949110002	3.8296112889803	1.84521031094148E-4	0.009104602890675599	13.8435701967529	0.0178917732790008	3.4022490221974E-7	0.0058490578182557994	2.0951170108575	0.025087021253491	0.0068739043732995	0.0068739043397842	
30.0	0.00301920860895	233.3289452207	0.00106402590667269	0.0	0.120909193874863	1.9154890913720601	2.8909796810374	7.4717600369833	2.1377623789296	0.0142542849917474	6.2942441399883E-4	3.9474327131636997	0.004474325607791501	0.182158355331248	2.2524401843163	3.8288588302452	1.84524957237091E-4	0.008858070476277	13.841128378750899	0.0177987494819744	3.3896162596948E-7	0.0058478872872535	2.0947270285983	0.025022503099382	0.0068912526781964	0.0068912526445964	
