# Time [h]	Carbondioxide [NL]	Methane [NL]	Hydrogen [NL]	Sum [NL]
0.2	95.755847427252	-85.243219549696	0.63694404500712	11.1495719225642	
0.48	94.32534143181	39.40526465541	0.23727701204736	133.967883099268	
0.872	56.839817536344	54.067220626548	0.181649684527736	111.08868784742	
1.0	37.934928900626	51.898108273482	0.154785079149282	89.987822253256	
1.2	135.78516049497102	130.855968680837	0.26971571029109	266.9108448861	
1.48	19.9313713237456	39.608982901188995	0.15006258515826099	59.690416810093	
1.872	27.309829529189997	48.229543051072	0.116672442879176	75.65604502314	
2.0	27.217526771537	47.603801943534	0.108506436982641	74.92983515205401	
2.2	95.11554554499699	112.04371357471	0.163478383471689	207.32273750318	
2.48	14.3135925245523	30.047369967296	0.091686719994581	44.452649211844005	
2.872	17.951576972516698	34.230523179535	0.069466863784718	52.251567015836	
3.0	17.436286681806898	33.326553222025	0.064609978865324	50.827449882696996	
3.2	59.216597839228996	88.736678387914	0.095492207701504	148.048768434844	
3.48	7.3203147771261	16.5172776364882	0.04448995508835	23.882082368703	
3.872	9.1676880817075	20.4397785634132	0.031761919856561	29.639228564977	
4.0	8.9066940485618	20.3371037933807	0.030143036589788	29.273940878533	
4.2	31.025294523475	66.951742719701	0.042866484888356995	98.019903728063	
4.48	3.0130014641703	8.0269539957229	0.0171866252558092	11.057142085149	
4.872	4.3277802749663	12.671874805697101	0.0134029283576369	17.0130580090211	
5.0	4.2994568121371	13.0742284635293	0.013002033784852401	17.3866873094514	
5.2	16.9426826784959	52.334618983763	0.024782610289207002	69.302084272548	
5.48	1.64812265913195	5.1045245884853	0.0102926601083898	6.762939907725601	
5.872	2.6147194971392	9.516893893213	0.0079043447081243	12.139517735060199	
6.0	2.6205877389749	9.956597948885499	0.0076306236022049	12.5848163114626	
6.2	11.2397853401732	43.70140576358	0.0184954860308109	54.959686589785	
6.48	1.17989657063303	3.9103544205917	0.0074584563118352005	5.0977094475366	
6.872	1.90639774703276	7.8416086385045	0.0056954137540036	9.7537017992913	
7.0	1.91565606139277	8.2515197521407	0.005523586587747	10.1726994001213	
7.2	8.5061729362362	38.222596852140995	0.0147127339513742	46.743482522329	
7.48	0.9432155641487601	3.100946615777	0.0058439977771689005	4.0500061777028	
7.872	1.5298468445763902	6.6485599300859	0.0045102003224625	8.1829169749848	
8.0	1.54095945983002	7.0247918745863	0.0043974033252883	8.5701487377416	
8.2	7.0077538609202	34.55834122191	0.0124669281241802	41.578562010955	
8.48	0.80137705180516	2.3615236976796	0.0048759434518341	3.1677766929366	
8.872	1.30325840677859	5.6304468556809	0.0037827409823281	6.9374880034418	
9.0	1.31459033270441	5.97899048745	0.0036904371789599	7.297271257333399	
9.2	6.146960942388899	32.075822512584	0.0111046187971495	38.233888073768995	
9.48	0.7026144754486701	1.58650491375789	0.0042145320502006	2.2933339212568002	
9.872	1.15133025821289	4.6993123151075	0.0032454362244404003	5.8538880095448	
10.0	1.16022039720219	5.0445227582001	0.0031488210426692	6.2078919764449	
10.2	5.643017812697	30.463036738526	0.010185866516648	36.116240417741	
10.48	0.62432099062311	0.84884678492258	0.0036511821164786	1.47681895766218	
10.872	1.0412226699806801	3.9461456316894	0.0027556164444302	4.9901239181145005	
11.0	1.04547374073925	4.3177394558769	0.0026574740061248003	5.365870670622201	
11.2	5.3440538970525004	29.535935894772	0.0095397870803104	34.889529578903	
11.48	0.56473994805134	0.31061676664510995	0.003181832178689	0.87853854687514	
11.872	0.96339381162449	3.4587453439163998	0.0023497791055167	4.4244889346464	
12.0	0.96306656566245	3.8589552750905	0.0022692600450454	4.824291100798	
12.2	5.1659637702632	29.057334912435	0.0091331505957506	34.232431833294	
12.48	0.5262416649527699	-0.0037287526329320003	0.0028764171011808	0.52538932942102	
12.872	0.91468272773554	3.1831286051755	0.00208442141867054	4.0998957543297	
13.0	0.91163024478523	3.5988045039421	0.00202193459981122	4.5124566833271	
13.2	5.0616825559753	28.803070382305002	0.008766519077518	33.873519457357006	
13.48	0.50254026225025	-0.185905637817081	0.0026626102992277	0.3192972347324	
13.872	0.8852129344712101	3.0177542591577	0.0019082545718480302	3.9048754482008	
14.0	0.88099623658099	3.4401081795798003	0.0018589247482436498	4.3229633409091	
14.2	4.9973400479484	28.646554607387	0.0083608101667162	33.652255465502	
14.48	0.48530471357212	-0.31345888865074	0.0024829592354759	0.17432878415686598	
14.872	0.86389886491538	2.8955966521863	0.0017706249836960401	3.7612661420853	
15.0	0.85917993939409	3.3210067804321	0.0017301608895583	4.181916880715701	
15.2	4.9510736277911	28.530519153816	0.0079596500916501	33.489552431698	
15.48	0.4711489565407	-0.42059233168601	0.0023241943947534	0.052880819249442004	
15.872	0.8463766891370299	2.7893935166365003	0.0016493033159936002	3.6374195090896	
16.0	0.8413213182915	3.2163445703458002	0.00161467016895724	4.0592805588063	
16.2	4.916000685726599	28.437312179586	0.0075665520060023	33.360879417319	
16.48	0.45913227566505	-0.5210618444566899	0.0021711957198144	-0.059758373071828005	
16.872	0.83148867376829	2.6883883502246997	0.00153155326481724	3.5214085772578	
17.0	0.82607047297023	3.1161282720498	0.00150231977258256	3.9437010647926005	
17.2	4.891262877588	28.364793070527	0.0071588195527867	33.263214767668	
17.48	0.44850605891804	-0.6232925775843701	0.00201014850879747	-0.172776370157534	
17.872	0.81840330968537	2.585583762712	0.00140903756148847	3.4053961099588	
18.0	0.81252636734308	3.0137307002597	0.00138643448515524	3.8276435020879997	
18.2	4.8766899731667	28.313806884143	0.0067208357042405995	33.197217693013	
18.48	0.43844518651365	-0.7343304905418799	0.0018355613138662501	-0.29404974271436	
18.872	0.80622015406603	2.4749005099114	0.00127818043036832	3.2823988444078	
19.0	0.7997478553583	2.9033328296013003	0.0012635587956538901	3.7043442437552	
19.2	4.8719441270536	28.285112472785002	0.006248520291805899	33.163305120130005	
19.48	0.42816696500476004	-0.860248086143	0.00164835116034478	-0.43043276997789004	
19.872	0.79406661419039	2.3511356928199	0.00113919638660983	3.1463415033968998	
20.0	0.78681333743402	2.7799858517012	0.00113325268667709	3.5679324418219	
20.2	4.8765356580701	28.27925038939	0.0057428605474405	33.161528908007	
20.48	0.41693677208297	-1.00596117665706	0.00145133573187041	-0.58757306884222	
20.872	0.78109393981066	2.2102254982775	9.9403371934044E-4	2.9923134718076	
21.0	0.7728123083229299	2.6399083567943	9.9688933696134E-4	3.4137175544542	
21.2	4.8896420307535	28.296392928347	0.0052057466472394	33.191240705748	
21.48	0.40403100810258	-1.17489194542486	0.00124724848437281	-0.7696136888379	
21.872	0.76643634436213	2.04957570357952	8.4527414095939E-4	2.8168573220827	
22.0	0.75681292413243	2.4808239517594997	8.5681493142837E-4	3.2384936908234	
22.2	4.9098299861234995	28.335904905098	0.0046418487599015	33.250376739981	
22.48	0.38875252204654	-1.3683172319074601	0.00104022929886696	-0.9785244805620701	
22.872	0.7492392398523999	1.86872111379432	6.967385142727E-4	2.6186570921610004	
23.0	0.73790441365728	2.3026246537296	7.166206147215E-4	3.0412456880017	
23.2	4.934864618573799	28.395976103158	0.0040641795209148	33.334904901253	
23.48	0.37053733267161	-1.5842841522708	8.3851743586482E-4	-1.21290830216332	
23.872	0.72880831291305	1.6703880088771998	5.5464249086321E-4	2.3997509642811	
24.0	0.69120805975676	2.0691823867746297	8.201297537735899E-4	2.7612105762852	
24.2	5.1533143928819	28.75875061531	0.0048656973762376	33.916930705568	
24.48	0.53541002446553	-1.3542651134965098	0.00122287221925984	-0.81763221681173	
24.872	1.00681760278776	2.1821319771529	9.0868365091083E-4	3.1898582635915	
25.0	1.01002793902527	2.6644941568747003	9.720821343640999E-4	3.6754941780343	
25.2	5.890347080741099	30.254492005316997	0.003066906938842	36.147905992998	
25.48	0.41334950202701004	-1.76981617552069	7.0602347589774E-4	-1.3557606500177801	
25.872	0.76107234182779	1.55161038870603	5.956476095845E-4	2.3132783781433996	
26.0	0.73260283423549	2.01822141793472	6.2984931944445E-4	2.7514541014897	
26.2	5.4131894001342005	29.840458795605	0.0038576912879681002	35.257505887026994	
26.48	0.34437488472869	-2.05962063289254	8.7661974545322E-4	-1.7143691284184501	
26.872	0.73633240594589	1.41669721947115	5.4877522640421E-4	2.1535784006434	
27.0	0.7204727872896	1.9035129393647399	5.500663593349E-4	2.6245357930137	
27.2	5.4131022280891	29.825665961360002	0.0031599065090626	35.241928095959	
27.48	0.33664126618004	-2.1633251970747	6.9214785564475E-4	-1.825991783039	
27.872	0.72787909846969	1.3295026608257898	4.6112092224918E-4	2.0578428802177102	
28.0	0.7100362645159299	1.8189162150157299	4.6753810808336006E-4	2.5294200176398	
28.2	5.4380952189819	29.884093213581	0.003104113109808	35.325292545673	
28.48	0.33134569553179	-2.2451620291876	6.7983589732006E-4	-1.9131364977585	
28.872	0.7209643303742199	1.26033212159989	4.1796301030939E-4	1.9817144149844599	
29.0	0.7008853724492701	1.75212951837511	4.1472468741577E-4	2.4534296155118	
29.2	5.4664670256336	29.967674566760003	0.0031043818678699996	35.437245974261	
29.48	0.32539271378107	-2.3150871449296	6.8609087474934E-4	-1.9890083402738201	
29.872	0.71449144744865	1.20493965106405	3.9325280935682003E-4	1.91982435132206	
30.0	0.6927860143789399	1.6996443000840702	3.8130760933973004E-4	2.3928116220723	
