# Time [h]	MS [g]	Lignin [g]	Butyric [g]	Initial_Substrate [g]	Carbohydrates [g]	Substrate [g]	MO_AcidoLCFA [g]	MO_hydroM [g]	MO_Acetic [g]	Proteins [g]	AA [g]	MO_acetoM [g]	Propionic [g]	Carbondioxide [g]	Carbondioxide_gas [g]	Carbondioxide_sum [g]	MO_Propionic [g]	MO_ButyricValeric [g]	Valeric [g]	LCFA [g]	MO_AcidoMS [g]	Methane [g]	Methane_gas [g]	Methane_sum [g]	Hydrogen [g]	Hydrogen_gas [g]	Hydrogen_sum [g]	Lipids [g]	MO_AcidoAA [g]	Acetic [g]
0.2	8.6458312513642	23297.31600065	2.4172635540612	0.0	511.9520005696	34.36841912884	273.98680218464	643.15570402154	206.71835203086	183.901642896474	5.3519535342422	372.91310707358	5.6011647914382	153.81746333854	17.5479664956742	171.365429834214	226.84321381426	391.86582034188	0.78966478307538	11.4633281184326	1404.49003006056	17.352162883041	21.000384599526	38.352547482568	0.00122044505090002	0.0052513274202168	0.0064717724711168	151.667033772704	204.83706458808	247.7261615545	
0.48	7.6082323541834	23297.45822164	3.6166975330848	0.0	455.67689421584	82.024085407692	273.92019237408	650.36217783002	207.47666185582	163.586722866384	5.3619434448206	375.39541932788	10.7824878876926	138.631065101634	28.620959038908	167.252024140542	227.20655509202	392.48267531242	1.27599352612388	23.41683507427	1408.5646426683	21.71642317412	11.9155615146276	33.631984688748	0.0012068418363139	0.0046344814480904	0.0058413232844044	134.892708004268	206.2772190135	216.23483041352	
0.872	6.41290269448	23297.866950952	3.4748920522384	0.0	387.86104177894	147.846652144788	273.8615041887	660.365637743	208.51995426656	138.97190641045	4.4697947820436	378.77245692098	13.156815885997	114.244487030296	26.413573397676	140.658060427972	227.92741384502	393.46569047762	1.23845972380294	35.249313809774	1413.39515168832	23.758823979102	9.8845950159966	33.643418995098	0.00107936211600044	0.0040336587871876	0.005113020903188	114.540943676366	208.08268578856	178.587562646238	
1.0	6.064457054666	23298.05659091	3.32421861637	0.0	368.09101449348	169.121478129338	273.84941116488	663.4975682937	208.85592680876	131.762827367256	4.1941004989828	379.8500256791	13.2814130157826	106.9239608115	23.611882879898	130.535843691398	228.17454428796	393.76354994682	1.18505556769788	38.07217340307	1414.78622015246	23.938171173694	9.6151514466106	33.553322620304	0.00102171488606846	0.0038222938428186	0.004844008728887	108.57374766318	208.60987163076	167.161815573418	
1.2	5.5980247128372	23298.367360508	3.1105079588029	0.0	339.31637858192005	167.77397609385798	273.83884866904	668.25055830142	209.37256694954	121.25822644064	3.8550346443849	381.49098846978	13.4472550370946	111.210692784265	35.746584840894	146.957277625159	228.5664783645	394.20035126821	1.11837661574011	43.686068762625	1416.7964482397301	24.015812965187	13.1695273038498	37.185340269036	9.4531235545165E-4	0.0040347857336519004	0.004980098089103499	99.87634051374499	209.37980029612999	145.484767759649	
1.48	4.9740601824569	23298.795622949998	2.782754987228	0.0	302.90114420394	165.905548185297	273.84293917955	674.55828871772	210.07266365396	107.967121066148	3.3857451866162	383.67286380867	12.9406558309398	97.475993823093	22.011387658312	119.48738148140501	229.11128603488999	394.74911221845	1.00641074174858	49.958767549759	1419.2879392263499	23.245154302714	9.9472383998902	33.192392702603996	8.323189926480201E-4	0.0036864668186016	0.0045187858112496	88.87237378557	210.34928289318	117.875498898623	
1.872	4.2226721678951	23299.382526712	2.3519086939709	0.0	258.63964233999	163.324788277471	273.88779045993	682.61575534255	210.98674085013	91.817557406316	2.8258002986627	386.42217478164	11.4803087346286	81.717644434684	18.095089979383502	99.812734414067	229.8223132421	395.38923433900004	0.85410060198885	56.245743274263006	1422.20736562707	21.329577583194002	9.8724019185389	31.201979501731998	6.854024864604001E-4	0.0032843398077607	0.0039697422942211	75.502895782024	211.50957523293	85.36328857587401	
2.0	4.0015081482202	23299.578113094	2.2242144706231	0.0	245.64347521067	162.490736185543	273.9118638993	685.0554393188099	211.26764925195	87.07699719045499	2.6623761759092996	387.24241053455	10.9289552205084	77.53724138041801	17.3364040120558	94.87364539247301	230.03670809754	395.56944999952	0.80877113784872	57.766644231258	1423.03793995049	20.595431820891	9.8955581158417	30.490989936732	6.3833283080564E-4	0.0031542815630495	0.0037926143938552	71.578666612438	211.84593052633	76.32923336208401	
2.2	3.684145382052	23299.880706524	2.0384610979169002	0.0	226.69033944403	161.19606904119598	273.96197046149996	688.656496305	211.67970379897	80.164885154195	2.4312597969586	388.41658628519997	10.053729149414298	81.412097533731	26.964334767353	108.37643230108401	230.35139524883	395.82353271806005	0.74229621490615	60.531736810642	1424.22081499857	19.3881034009307	12.7868610837651	32.174964484696	5.728909853811299E-4	0.0030091754039844	0.0035820663893655	65.857098632273	212.33138016864	62.150683571913	
2.48	3.2854843348008	23300.298622725	1.8071676990085699	0.0	202.70091497570002	159.40088804431	274.0606539552	693.25639324444	212.19610023736	71.418757752315	2.1455767619902	389.83578878933	8.8566598681331	71.513641169213	17.8489734527766	89.36261462198999	230.74847852694	396.1275804045	0.6589598807522701	63.456942059248	1425.66140167493	17.197780990302697	9.638685277594	26.836466267896	4.9103334443068E-4	0.0027294223481917	0.0032204556926224	58.617943758324	212.93624877183	47.347973234422	
2.872	2.8051409075291	23300.872863963	1.5313160380964201	0.0	173.535783481863	156.921271393598	274.25531503865	698.90444702287	212.80651021075	60.790771512427995	1.80691224591447	391.44351611986997	7.3499751710475	58.94252975385599	15.0768739619048	74.019403715761	231.21955096407	396.46386577479996	0.55885459977258	65.944965568995	1427.304060175	14.2351939690159	9.1649919430366	23.400185912052	4.0208935083697E-4	0.0024715042646973	0.0028735936155343	49.822197726842	213.65355473591	34.774156702883005	
3.0	2.6638698250985	23301.060828913003	1.45109821992174	0.0	164.97098017844098	156.119916015294	274.33116858588	700.5852424770201	212.98493808979	57.670954326018	1.70790381786076	391.90135949987	6.9054779194360005	55.591197542993996	14.485878130841	70.077075673835	231.35418221894	396.55446076672	0.52970552784219	66.428659984847	1427.7595366311	13.392729061702902	9.097664258309699	22.490393320012	3.7856290425129E-4	0.0023966171120699	0.0027751800163212997	47.24048117926	213.85985350278	31.952149408875997	
3.2	2.4601293215177	23301.352052331997	1.3347685332043	0.0	152.478679509439	154.875998957657	274.46404182009	703.05144981578	213.24075788883	53.121798486614	1.56639259262729	392.54534604415	6.2622511800322	57.149842105171004	20.2362758455297	77.38611795070099	231.54554228114	396.67799791489	0.48716857027559	67.800833265668	1428.39569610635	12.3036624635767	11.699388803902401	24.003051267479	3.443790842279E-4	0.0022116709821959	0.0025560500664238	43.476213882601	214.15601882799	25.789485829181	
3.48	2.2036174320791	23301.754967699002	1.18944147747662	0.0	136.663518917766	153.151181455005	274.68039159415	706.1923487807701	213.55386181403	47.365182938131	1.39002739936242	393.30807531474	5.4733019682228	50.213665528046	14.237550223763499	64.45121575181	231.77732441781	396.81718194255996	0.43382260387295	69.155913769664	1429.14453298223	10.739032518754598	8.819538149769	19.5585706685237	3.0313419452765E-4	0.0019604907680269698	0.0022636249625546	38.713331664722	214.52168803535	19.9854575773047	
3.872	1.89383268380602	23302.309922696	1.01516973728931	0.0	117.429888335996	150.768741511654	275.03815899737003	710.0767622067001	213.92082326652002	40.369168441309995	1.17920379551184	394.17137638976	4.5599514703786	42.102808154806	12.2049046909189	54.307712845725	232.03904352513	396.95360113275	0.36956904392442	70.1292176456	1429.94656760461	8.999557458414099	8.356063987912801	17.355621446327	2.5981999675934E-4	0.0017698339171494598	0.0020296539139088	32.92598070362	214.94870420525	15.728492228747701	
4.0	1.80278053258889	23302.490300668	0.9643400252668499	0.0	111.78021940027699	149.99880129167002	275.16645293743	711.24293180566	214.02833240474	38.315372542745	1.11748658908893	394.41995891967	4.2997108417291	40.001705319553	11.7529655812043	51.754670900757	232.11114289803	396.9855451183	0.35081404227656	70.264955399777	1430.15510582786	8.5459485611779	8.3220573215266	16.8680058827044	2.4834181252268E-4	0.00172429696680683	0.0019726387793295	31.22724934027	215.06978277265	14.859192088147001	
4.2	1.67114550375044	23302.77002374	0.8904603569124501	0.0	103.538222556293	148.80364677676	275.37960411665	712.96305447138	214.1814938144	35.320438680306	1.02873265795807	394.76741582214004	3.9227876533151	40.206396659614995	14.3476929427535	54.554089602369	232.2110095448	397.0236662158	0.32344328346044	70.74804721329	1430.43122058799	8.0355529158259	10.7483772868123	18.7839302026383	2.2984124745076E-4	0.0014990557143157099	0.00172889696176647	28.750333615911998	215.24181558419	12.4809114516125	
4.48	1.50529736417788	23303.157412807	0.79788890241178	0.0	93.100728351519	147.146439208475	275.70408270197004	715.1728672219999	214.36703724306	31.530189544395	0.9176342106363	395.17736676693	3.4652148775645	35.86986478413	10.9028127917882	46.772677575917996	232.32697466154	397.05491286613	0.28906533966615	71.114766965184	1430.72435610325	7.2447632705831	8.430683366407699	15.675446636990799	2.08681336074E-4	0.0013182066466073	0.00152688798268131	25.616159180133998	215.4505176079	10.6292356350285	
4.872	1.30495735198093	23303.691641766	0.68654855880586	0.0	80.401114790022	144.857376641913	276.20040314174	717.96285989865	214.58957399012002	26.923172673799	0.78427384231203	395.66071099004	2.9351520440921	31.160185763834	9.6542750083205	40.814460772154	232.44866913199002	397.06032571903	0.24760004101365	71.143262459151	1430.97236965797	6.4046728589908	8.140347727705901	14.545020586696701	1.87207685756388E-4	0.00121612860687382	0.0014033362926302098	21.807535786855	215.68691214535	9.373125870476	
5.0	1.24611414946373	23303.864728028	0.65403104650555	0.0	76.669321345241	144.117621075768	276.37093916771	718.81320778362	214.6560904189	25.570551526871	0.7452179023043	395.80422687018	2.783506513979	29.95530598423	9.362383663835601	39.317689648065	232.47977737522	397.05381052562	0.23548444705525	71.057879906983	1431.01814587722	6.1890902519094	8.1482751136041	14.337365365513499	1.81266602164675E-4	0.00119175156646685	0.00137301816863153	20.689554729058	215.75202653891	9.0940404392922	
5.2	1.16108343845832	23304.133246922	0.60675379123316	0.0	71.223687105377	142.96931961847702	276.64597131348	720.0814828059	214.75248379594	23.597918142986	0.68890509834267	396.01048173854	2.5633067578974	29.837521858099002	10.5578777437334	40.395399601833	232.52022242129	397.03588618205004	0.21781876862101002	70.872294273038	1431.05687143091	5.993257847848	10.3190380820661	16.3122959299141	1.7185720395934402E-4	0.00108088061519635	0.0012527378191557	19.059353022827302	215.8425006502	8.372980646346601	
5.48	1.05410099704294	23304.505293947	0.54747829377187	0.0	64.32441146491101	141.37707534098	277.04709929471	721.74209245719	214.87393045005	21.101081072791	0.61831790529841	396.26798234496	2.2932850006034	27.28517516344	8.5914892693051	35.876664432745	232.56160381556	396.99625146380004	0.19563212013971	70.454904041531	1431.04943798561	5.6085183058363	8.506272731706002	14.1147910375422	1.61117650724724E-4	0.00100514048873717	0.00116625813946189	16.996419641162	215.94802779449998	7.7839383116841	
5.872	0.92528030128067	23305.018677819	0.47621525313949	0.0	55.924096515941	139.177737629158	277.63244158228997	723.88144812796	215.02539130269	18.065506903638	0.53355340782215	396.58758396377	1.97650628108853	24.618558158617	7.8769177131355	32.495475871752	232.59340513096998	396.91553854952	0.168897742307317	69.625241912881	1430.93182459822	5.1768400703567	8.3073517873102	13.4841918576668	1.4934533231350901E-4	9.5435611800261E-4	0.0011037014503161198	14.4892733240977	216.05906164677	7.2709944313575	
6.0	0.88749747292613	23305.18475865	0.45541678833474	0.0	53.454268494394995	138.46698407665002	277.82825359141	724.5406723487299	215.07125353059	17.174102645873702	0.5087451115653501	396.68416803936	1.88524023531538	23.930397319512	7.7008404263285	31.631237745841	232.59820201345	396.88372761447	0.161091012879682	69.30571188872	1430.87015549522	5.060664977901	8.319853719014901	13.3805186969159	1.45955480875616E-4	9.4053906489874E-4	0.00108649454577435	13.7532653814599	216.08736693999	7.136157877592099	
6.2	0.83319343318942	23305.442457090998	0.42523620106838	0.0	49.84871045841	137.363700375936	278.13807427561	725.5312069317	215.1385728527	15.873924238927	0.47301757155314	396.82552513624	1.75266737380746	23.944748417884	8.471196442789498	32.415944860673	232.60042356158	396.82891574316	0.149732730308055	68.580910874604	1430.75210752196	4.9814149884189	10.197389585082899	15.1788045735019	1.4073308600747998E-4	8.9110251541261E-4	0.00103183560142009	12.6799717500535	216.12417585674	6.831893554453799	
6.48	0.76525840956566	23305.799590335002	0.38750936798704	0.0	45.277798173952	135.833875666051	278.57788434295003	726.84101825115	215.22484531771	14.227892551040199	0.42833004740339997	397.00622803556996	1.5890616675935698	22.380753898960002	7.1926492244318005	29.573403123391998	232.59364675359	396.74258498068	0.135504537973016	67.492570333339	1430.54607062198	4.748636937061001	8.6642814133068	13.4129183503678	1.34548907548028E-4	8.5140531737216E-4	9.8595422492019E-4	11.321632484597	216.16178692777999	6.5550014772697	
6.872	0.68432325889468	23306.292525456	0.34241500798290003	0.0	39.706923119186996	133.72075189093198	279.19866107123	728.5422042484499	215.33303672249	12.226043403690099	0.37491587247775	397.23290698309	1.3962092554287602	20.7680401642283	6.7591680035341	27.527208167761998	232.56708592845	396.60505850672996	0.1184391482831	65.866706505145	1430.18666357933	4.467475723573401	8.483246454457198	12.950722178030599	1.27548260882888E-4	8.2169217189726E-4	9.4924043278016E-4	9.6705296089597	216.19025509519997	6.2850000369516	
7.0	0.66067091912525	23306.451874534	0.32930578231618	0.0	38.067658317815	133.03786385511802	279.40182648164	729.06862719215	215.36571590742	11.6380382081694	0.35931777441732	397.30145069404	1.3405620586321998	20.3523918638637	6.6511371610870995	27.003529024951	232.55474613157	396.55654899304	0.113470177032309	65.31879982182801	1430.05390220692	4.3887507178777	8.4883008707567	12.877051588634501	1.2551588509951E-4	8.1336580878062E-4	9.3888169388014E-4	9.1857622878063	216.19431124750002	6.2115931153671	
7.2	0.62722292088959	23306.699146250998	0.31039650873688995	0.0	35.673207123348	131.97783414597302	279.71826153124	729.8608695104	215.41353719708002	10.7802237301376	0.33700671840534	397.40175397964003	1.26002064376594	20.4932959125179	7.2573002254475	27.750596137966	232.53199267228	396.47736643878	0.10627397058041299	64.228594637983	1429.83206079218	4.3491695258681	10.1436441417494	14.4928136676175	1.22372003116621E-4	7.8356823471903E-4	9.0594023783564E-4	8.4787752041711	216.19575165604	6.0459257259017996	
7.48	0.58603002449456	23307.041856125	0.28697552679097	0.0	32.634902349888	130.507984195085	280.15715739953	730.90932821826	215.47433073068999	9.6938958259931	0.30930579834642	397.52949120707	1.1608268386491098	19.4762635817658	6.334099081631299	25.810362663397	232.49360875727	396.36014914798	0.097316272489168	62.695459619333	1429.49443064947	4.1748865714107	8.7719907238665	12.9468772952772	1.18634613270899E-4	7.5849672531195E-4	8.7713133858285E-4	7.583889681517199	216.18858134483	5.8991812120366	
7.872	0.53828156480683	23307.514923393	0.25939328659296	0.0	28.926683556341	128.477699203006	280.75699643053997	732.26727044252	215.54891109789	8.372112073246399	0.27657785300192	397.68718082273	1.0446959853470799	18.460168770394098	6.0636737564407	24.523842526835	232.42853853039	396.18498630634997	0.086674725891349	60.575255209120996	1428.9746147105	3.9525193243277	8.5897659912198	12.5422853155476	1.14441247769994E-4	7.4097054025649E-4	8.554117880264799E-4	6.4958699487686005	216.16257589756	5.7657182590111	
8.0	0.5244297732791601	23307.667793631	0.25144654433543	0.0	27.834236944514	127.821584526495	280.94890962205	732.68616517468	215.57098178048	7.9837107698824	0.26705238282586	397.73412926328	1.01136211211433	18.2057425676736	5.998513356872699	24.204255924546	232.40485810844	396.12540566207997	0.083592443704328	59.895916665315994	1428.79465149809	3.8885490253743997	8.586781739783799	12.475330765158201	1.13233087954825E-4	7.361893139741201E-4	8.4942240192895E-4	6.1763630049619	216.15062892136	5.7315583740810006	
8.2	0.50560627478801	23307.905017155	0.24012743277213	0.0	26.237198796298998	126.803113801038	281.24297385384	733.31412345248	215.60263000192	7.4169309927223	0.25361390958861996	397.80175574686996	0.96364462965045	18.4404663487837	6.5253084924425	24.965774841227	232.36554006149	396.03005588961	0.079163037532357	58.675368916934005	1428.5038407306802	3.8618315049796	10.095534457570501	13.957365962550199	1.11348769591644E-4	7.1664311711924E-4	8.2799188671088E-4	5.7103270455885	216.12872101634002	5.643319104163	
8.48	0.48319252052394	23308.233810015	0.22633529717877	0.0	24.208100301609	125.39088893785001	281.64111616429	734.13926457158	215.64143365811998	6.6988501850436	0.23710039255352	397.88547962652	0.90544308555085	17.760971878558898	5.8111531201558	23.572124998715	232.30614025989001	395.89233908241	0.073691926706723	57.022147323927	1428.07868342503	3.7104808685256	8.8192434381659	12.5297243066914	1.09156942474393E-4	7.0053536277737E-4	8.096923052517599E-4	5.1203004709506	216.09198251072002	5.5815123695568	
8.872	0.45843057782766	23308.687692879	0.21041825758254	0.0	21.726633135755	123.44019858403601	282.16726872897004	735.1947433472801	215.68601935621	5.8245288467325995	0.21773560966527	397.98371744969	0.83827232268645	17.1305039994764	5.651808171471799	22.782312170948	232.21542822780998	395.69220957067	0.067235824054934	54.847884487536	1427.4520499719301	3.5116992564866	8.6273935358108	12.1390927922974	1.06807396908842E-4	6.918956008221901E-4	7.9870299773103E-4	4.4026865331374	216.03001579545003	5.5498905733281	
9.0	0.45120926082270996	23308.834342052	0.20586360033447	0.0	20.994371763626	122.80980790955999	282.3317205508	735.51734609247	215.69848478232	5.5674659851687	0.21205062427983	398.011745132	0.8191122886964199	16.9843380194256	5.6175365459864	22.601874565412	232.18419969109	395.6252933469	0.065363665573516	54.175345733881	1427.24063443069	3.4540754367604	8.6167053758905	12.070780812650899	1.06141262366745E-4	6.8970278928113E-4	7.9584405164787E-4	4.1918924171812	216.00750842739	5.546068045645001	
9.2	0.44197972398214	23309.061922086003	0.199469415925538	0.0	19.9226373518173	121.831267579883	282.57981674037	735.99747231046	215.71537545733003	5.1921921399195	0.20405655080538998	398.05043908570997	0.79228109356446	17.2922155262289	6.1023340956119	23.394549621841	232.13388107614	395.51925699986	0.062686940257282	53.034951291153	1426.9038597477	3.4329558524766997	10.0384635253551	13.4714193778319	1.0506729537225999E-4	6.7616834420474E-4	7.81235639577E-4	3.8843634626004	215.97020718433998	5.5090364033083	
9.48	0.43108855831952	23309.377374359	0.191643412335218	0.0	18.5584700312477	120.474410178775	282.90876338975	736.6219512459099	215.73409640554001	4.716437143029	0.194007802920189	398.09501041514	0.75944825352973	16.8336850335608	5.5199718552413	22.353656888802	232.06060481316	395.36805681417	0.059326558231223	51.533756218219	1426.4203810152299	3.2958825991055	8.8123933728421	12.1082759719476	1.03853447160891E-4	6.6572426283276E-4	7.6957770999365E-4	3.4948902921521	215.91400762938	5.5074302244555	
9.872	0.41832724113841	23309.812905896	0.18230009509949602	0.0	16.8854691939093	118.600197253053	283.33315296397	737.4117355424801	215.75196650447998	4.1365935731941	0.18144993760412798	398.1414430608	0.72072002582366	16.4628313400347	5.4421613387925	21.904992678827	231.95318498061	395.15167286603	0.055195314066054	49.628157204707	1425.7226657074998	3.1203531722432	8.6083403455997	11.728693517842899	1.02584172766093E-4	6.6295720771893E-4	7.6554138048502E-4	3.0209602427066997	215.82845501178002	5.5444059654516	
10.0	0.4141694249718	23309.953628526	0.179505823586541	0.0	16.3906290134492	117.994522529692	283.46398232854	737.65173064684	215.75610132684	3.9659707462969003	0.177553371394782	398.15336816252	0.7093326682030601	16.3900536214894	5.4307179574624005	21.820771578952	231.91709402183	395.08001972551006	0.05394866654989	49.052195919579	1425.49033579534	3.0710765158501	8.5917727122516	11.662849228101699	1.022097101245E-4	6.6232415593783E-4	7.6453386606233E-4	2.8816885363614	215.79903801116	5.5591104998319	
10.2	0.40838504463933	23310.172031308	0.175563658320929	0.0	15.6652070234052	117.05434807130399	283.66025819595	738.00827819553	215.76053146961	3.7167420992199	0.17176714943322602	398.16802460416	0.69399735692713	16.7449840082665	5.8871627744611	22.632146782728	231.85978060651001	394.96715025839	0.052156414489471004	48.0889845168	1425.12306932616	3.0635166894398997	9.974208849082501	13.0377255385223	1.01509160737517E-4	6.5129295014908E-4	7.528021108865999E-4	2.6784442286712	215.75170079283	5.5439064542331	
10.48	0.40016024820284	23310.474804284	0.17017692049455602	0.0	14.739504934606401	115.75068917142801	283.91977617895	738.4723501874	215.76306952710001	3.400493011641	0.16377225143090202	398.1814305642	0.67357941833585	16.418757127424	5.3862070085445	21.804964135969	231.77787158070998	394.80745667689996	0.049711500677632	46.835604030929005	1424.60099436554	2.9523009909184	8.7714222193562	11.7237232102745	1.00646220358894E-4	6.4270642012344E-4	7.4335264048234E-4	2.420923827678	215.68286526467	5.5609562610072	
10.872	0.38765796873143	23310.892911335002	0.162701464275755	0.0	13.599811710974599	113.949958472079	284.25681990067	739.06480618331	215.76104173112	3.0145062753204	0.15262844305348	398.18955555247	0.64612521442937	16.200790964885698	5.3617215581636	21.562512523049	231.66037559915	394.58102302108	0.046377207806232	45.256645092938996	1423.8563618734402	2.8188281591004998	8.5615005584533	11.3803287175538	9.9585282268071E-5	6.4127460906811E-4	7.4085989133617E-4	2.1073334720985	215.58206011189	5.6020151991409	
11.0	0.38327850743793	23311.028015313	0.160259361252389	0.0	13.2616340774367	113.368031183638	284.36170748665	739.24667830377	215.75931249696	2.9007929380902997	0.14903822119246302	398.19018291275	0.63730219895668	16.1691094247476	5.3641132315168	21.533222656264	231.62140935015998	394.50647024117	0.045310786093215	44.780243367198	1423.6102232235999	2.7835456135853	8.5429362914619	11.3264819050472	9.9235920382714E-5	6.4082423986396E-4	7.4006016024667E-4	2.0151243680413	215.54817937026002	5.6140888945697	
11.2	0.37626432897990003	23311.237715746	0.15683074890459098	0.0	12.764775376534	112.464719292694	284.52071634967	739.51970082792	215.75536864159	2.7345544163317	0.143537229339471	398.18870770636	0.62594975566278	16.5384267899985	5.7947728194516	22.33319960945	231.56001576248002	394.38944707245	0.043794547720413995	43.958845700417996	1423.22284435841	2.7987729326831	9.918210410144699	12.716983342827799	9.8528005105756E-5	6.3112566223745E-4	7.296536673432E-4	1.88050300275432	215.4943639269	5.5914942451026	
11.48	0.36580533583335	23311.528457482003	0.15164066255071001	0.0	12.128554050453001	111.212174512686	284.73488007674	739.88107238816	215.74767737597	2.5233380748611998	0.135714120014403	398.18237366745996	0.60894674709278	16.271650303426398	5.338047329131999	21.609697632558	231.4731484885	394.22461892255	0.041593565850569	42.880866043059	1422.67526203035	2.7208382119072	8.727535050895	11.4483732628022	9.7546466894158E-5	6.2201980369052E-4	7.1956627058468E-4	1.70981690203593	215.41735921529	5.5851639498156	
11.872	0.35039793432183	23311.930005238	0.144025612620162	0.0	11.3411426386145	109.482047069855	285.0212401131	740.35465977117	215.73384659336	2.2650257029686003	0.124981039594521	398.16758107506996	0.58363857412974	16.1192149483964	5.3397838776988	21.458998826096	231.34990918264998	393.99208201878	0.038493032096158	41.500665944455	1421.89943208892	2.6304108234234	8.5189918901461	11.149402713569401	9.6236651106948E-5	6.1923436440903E-4	7.1547101551597E-4	1.50175049386536	215.30663207249	5.5821282450593	
12.0	0.34536059372144	23312.059766095997	0.14153101964930398	0.0	11.106495265576001	108.92293645615601	285.11221787206	740.50275946411	215.72875360754	2.1887983331798	0.12161942056977701	398.16163590119004	0.57520361536496	16.1032558226885	5.3479133151131	21.451169137801003	231.30930145419	393.91575510998	0.037502229788243996	41.078897040049	1421.64406492527	2.607651531688	8.5010859065913	11.1087374382793	9.58076658595E-5	6.183612142771501E-4	7.1416888013665E-4	1.4405167193035	215.26983447643	5.5794960708314	
12.2	0.33745725704238	23312.261182879003	0.137972194608417	0.0	10.7607289921573	108.05504233034901	285.25202533065	740.72805413167	215.72013529090998	2.0772304926123	0.116567119159496	398.1510169841	0.5635987149553601	16.464826908416	5.7564318266944	22.22125873511	231.24553680363	393.79614750576	0.036072206139004	40.313912952786	1421.2431686036998	2.6415327128448	9.8810503772661	12.5225830901109	9.5019206268459E-5	6.1100844138477E-4	7.0602764765323E-4	1.3510633954207	215.21175479893	5.5479431477559995	
12.48	0.32640438200758	23312.540456556002	0.13281064378449398	0.0	10.315962922800999	106.851608259315	285.4437773832	741.0314883989099	215.70689358668	1.93521672739567	0.109674443474693	398.13378432789	0.54655597082832	16.2157480943673	5.3215707558102	21.537318850177	231.15567859965	393.62803860648	0.034075077748999	39.296341988083	1420.67831992408	2.5871088410764997	8.6978143720101	11.2849232130866	9.3897331480672E-5	6.0170451167275E-4	6.9560184315342E-4	1.2375367155979702	215.12932911042	5.517266384877001	
12.872	0.31140951540189	23312.926192400002	0.12564281758110102	0.0	9.7617185556391	105.189316760351	285.70579826627	741.4375829758601	215.6866547336	1.7610457572087999	0.100698653759771	398.1062683747	0.52210096116256	16.0853182447335	5.3345337980428	21.419852042777002	231.02878582852	393.39148480388997	0.031391648854055	37.969965810291	1419.88118124216	2.5226921478246	8.491844069211	11.014536217035602	9.2421838421243E-5	5.9787464138934E-4	6.902964798105699E-4	1.09894099096354	215.01196652606	5.4778251792959	
13.0	0.30672045698260997	23313.050846981	0.12337678630521601	0.0	9.5956388391541	104.652128363887	285.7901251734	741.56624242425	215.67971066288	1.70952796064811	0.09796544916820199	398.09661190528	0.5141751127433201	16.0743861824973	5.344753325085	21.419139507582003	230.98709748083002	393.31397246398	0.030559495470794	37.55986031991	1419.61948172138	2.5068964831831	8.474770505537	10.9816669887201	9.1952793699797E-5	5.9675247041661E-4	6.887052641163999E-4	1.05810163371575	214.97321189500002	5.4645399067164995	
13.2	0.29957132870004	23313.244342143	0.119940260679037	0.0	9.3499850301052	103.81826354588	285.9206189593	741.7635343775501	215.66848501767998	1.63400262860804	0.093864601969428	398.08075054081996	0.5019029068663	16.4253984957352	5.7380431794076	22.163441675142998	230.92171744403998	393.19260598080996	0.029287480541274002	36.800008598009995	1419.20926310709	2.5505994385913997	9.8593571699354	12.4099566085268	9.1138783672834E-5	5.906289234319101E-4	6.8176770710474E-4	0.99838951253047	214.91225568461	5.4299916560442	
13.48	0.28995375484793	23313.512639927	0.115327477520309	0.0	9.0321644974645	102.662014921777	286.10104843246995	742.03180123995	215.65207001761001	1.5376223658382502	0.088511316323752	398.05710185856003	0.48514186856149	16.181476275275898	5.3144758168068	21.495952092083	230.82971568291998	393.02221119584	0.02762444672212	35.781287729089	1418.63245205387	2.5077773255065	8.680013319879599	11.1877906453861	8.997847161087199E-5	5.812593682756201E-4	6.7123783988649E-4	0.92250420613646	214.82615703435	5.3880140429371	
13.872	0.27736037606112995	23313.883228358	0.109308109085729	0.0	8.6326917744609	101.064900049662	286.3496294483	742.3946298370399	215.62799124516	1.41895599541602	0.081748129510547	398.0217309485	0.46278947683929	16.0618343552733	5.3334531244207	21.395287479693998	230.70006306412	392.7828113921	0.025513905172024003	34.441385030035	1417.8204788605099	2.4554145628226998	8.475065605190501	10.9304801680132	8.846946167458E-5	5.769927532816299E-4	6.654622149562101E-4	0.8296655201574901	214.70429005981998	5.3318830682223	
14.0	0.27347539745601	23314.002989264	0.10745692841525001	0.0	8.5121673909603	100.54877439565101	286.4299700386	742.51030858065	215.61989862801	1.38374303215096	0.079712525881752	398.00970391088003	0.45581744666315	16.0540202914392	5.3449298547861	21.398950146224998	230.65753447419002	392.70445383502	0.024876088733273002	34.024975869529996	1417.55435663362	2.4427614781897002	8.458274752539701	10.9010362307296	8.7996546020677E-5	5.7581105812588E-4	6.6380760414656E-4	0.80226102936939	214.66420575990998	5.313839810393	
14.2	0.26761277683511997	23314.188890408	0.104532383134727	0.0	8.3330693510591	99.747604745738	286.55452947602	742.68829584441	215.60698418085	1.33200576275963	0.076638079025415	397.99034122049	0.44440217374027	16.398641505807	5.7282457349246005	22.126887240731	230.59088736056	392.58183610028	0.023862946517845	33.261645053503	1417.13761298812	2.4908207801834	9.845645162182599	12.3364659423661	8.7178186673801E-5	5.6948959310392E-4	6.566677797777199E-4	0.76214308540702	214.60129761092998	5.2757143968939	
14.48	0.25982095351292	23314.446662319002	0.100771159491759	0.0	8.0997283805844	98.63669164638	286.7270467719	742.93121763485	215.58838240306	1.26575379054121	0.072713866441035	397.96212878736003	0.42950006608877	16.1580891022869	5.3112114120055	21.469300514293	230.49719694612	392.4098239357	0.022588274500345	32.236490143075	1416.5524036811198	2.4529784564621	8.6676882039245	11.1206666603867	8.6016511416989E-5	5.6002067902633E-4	6.4603719044332E-4	0.71106095522859	214.51270893466	5.2275980830441	
14.872	0.2496861387759	23314.802718264	0.096013870982676	0.0	7.8034138136666	97.102198169458	286.96495033039	743.2611183092899	215.56148532674	1.1837521411503	0.067805081009128	397.92082163104	0.41050390712482	16.0468949851344	5.3342174161063	21.381112401240998	230.36536126285	392.16842022988	0.021020679761042	30.887021995642996	1415.72996755158	2.4056775721276002	8.4625184990743	10.868196071202	8.4509037246696E-5	5.5567221513076E-4	6.4018125237745E-4	0.6483810839387301	214.38778797336	5.163673491491	
15.0	0.24655658961274002	23314.917783377	0.094566838767532	0.0	7.713292404846101	96.60630944484501	287.0418387204	743.36655449372	215.55251813906	1.15931442217372	0.06632939811680699	397.90694088200996	0.40471116148999	16.0419028389148	5.346708276101	21.388611115015998	230.32216564477	392.08946865166	0.020552656854106	30.467828164514	1415.4607132898	2.3943433511581	8.445662443225299	10.840005794383401	8.403902609368101E-5	5.545205843163999E-4	6.3855961041008E-4	0.6298335703276601	214.34680137162002	5.1434346753838	
15.2	0.24183995690416998	23315.096396526	0.092242244947093	0.0	7.5786531803071995	95.836553080181	287.16098675243	743.52894459186	215.53827365241	1.12330265273486	0.06409124171929301	397.88474917521	0.39507059572587	16.3826997276356	5.7226296554488005	22.105329383085	230.25451919466002	391.96597895459	0.0197977396958992	29.711121587437	1415.03933857775	2.4442587497563	9.8350553070087	12.279314056765	8.3216454843916E-5	5.4781944926584E-4	6.3103590410976E-4	0.60263515785079	214.28257144588	5.1020496005085	
15.48	0.23556464916761	23315.34406484	0.089292454938438	0.0	7.4018246889976	94.769198044139	287.32580502202995	743.75073940023	215.51787113387002	1.07697723032318	0.061249083224883996	397.85268918226	0.38272473994205003	16.1456102699574	5.3103827757978	21.455993045756003	230.15951461431	391.79285392296003	0.018860897682279103	28.697056210813	1414.44814488611	2.4084623921574	8.6572287697369	11.065691161894101	8.2051607960138E-5	5.3838895635632E-4	6.2044056431646E-4	0.5679111574215501	214.19229870547	5.0499223361825	
15.872	0.22735949095014	23315.686168102002	0.08558472639395501	0.0	7.1746703970559	93.294870809619	287.55256004779	744.05212943484	215.48854776275	1.01924373360287	0.05768805195803	397.80616994343	0.36726093491144	16.0427331888024	5.336984379378601	21.379717568181	230.02599974914	391.55008480939	0.017718939924305	27.367452942855003	1413.61820527488	2.3631288175681	8.4511524243342	10.8142812419022	8.053411660121699E-5	5.3408999142868E-4	6.1462410802989E-4	0.52512917659791	214.06531043138	4.981214810411	
16.0	0.22480919345918998	23315.796724355	0.084456099635732	0.0	7.1049694980816	92.81842556109	287.62570322742	744.14847025209	215.47880717313	1.0019426250297898	0.056613085652258005	397.79062207251	0.36257961580597997	16.0406363744772	5.3504928261206	21.391129200598	229.98229323215	391.4707301287	0.017378453315402997	26.955821195902	1413.3466928949601	2.3522891453148	8.434039413484399	10.7863285587992	8.0061701171311E-5	5.329868449693101E-4	6.130485461406201E-4	0.51242710851542	214.02371218042998	4.9595779854937	
16.2	0.22095686519184	23315.968339022	0.08262971169279801	0.0	7.0002298491919	92.078850828774	287.73885432423003	744.29679161735	215.46336621122998	0.97635075636552	0.054977638368591	397.76584700843	0.35474728310238	16.379324962687	5.7206898321542	22.100014794841	229.91388588341	391.3466523093	0.0168258189670056	26.217720238672	1412.9219682931	2.4029424303546	9.8255088385504	12.228451268905001	7.9224532875893E-5	5.258955281110501E-4	6.051200609869399E-4	0.49375728015079	213.95858656323	4.9157797208668	
16.48	0.21580036795606	23316.206303934	0.080310500200761	0.0	6.861483622805	91.05334603955899	287.89492368917	744.4991127626699	215.44130602106998	0.94323820431818	0.052893955907693	397.73020106800004	0.34476213770525	16.1463385715012	5.3126448589866	21.458983430487997	229.81788965592	391.17278322916	0.0161406872757104	25.232261345025	1412.32642269914	2.3678301027719	8.646863818813799	11.0146939215857	7.803898839945E-5	5.164525328457601E-4	5.944915212452099E-4	0.46983563678064	213.86717208648	4.860535583318	
16.872	0.20899293188895002	23316.535005128	0.07737736846024801	0.0	6.6810789181699	89.636826081614	288.10870684229997	744.7734832482399	215.40968486055	0.90161404992397	0.050262993991167	397.67870120691	0.33227025933868004	16.0527112249474	5.3432172698411	21.395928494788002	229.68311657239002	390.92910836685	0.0153027195192112	23.947268582343	1411.4909828079599	2.3229174938409	8.4393117196716	10.7622292135125	7.6483841946227E-5	5.1211186578285E-4	5.8859570772908E-4	0.44020085436829004	213.73877939458998	4.7876897565564	
17.0	0.20685911225885	23316.641230169	0.076478625211001	0.0	6.6252167760013005	89.179061954648	288.17744213381	744.86104074973	215.39919763216	0.88905460311203	0.049463005053678996	397.66153307184004	0.3284807648352	16.0538591755939	5.3579127559673	21.411771931561	229.63902797560002	390.84948745121005	0.015051667727190299	23.551067505966003	1411.21780470002	2.3121325959326997	8.4217785512766	10.7339111472093	7.5999866854509E-5	5.110287422605199E-4	5.8702860911503E-4	0.43136286335913	213.69676481846	4.764753696985	
17.2	0.20362439407969002	23316.806121672	0.075017392161222	0.0	6.5407757717813	88.468485473558	288.28349009088004	744.99560991266	215.38258733231999	0.8703903046572801	0.048241559506067	397.63422001013	0.32212058462491	16.3920347654767	5.7237571723867	22.115791937863	229.57005277147	390.72502290961995	0.014642602729266398	22.839452999002	1410.79059889058	2.3629315756995	9.8159943645848	12.178925940284302	7.5130477158532E-5	5.0329440895566E-4	5.7842488611418E-4	0.41833261937304	213.63102900886	4.718526903120299	
17.48	0.199261082763096	23317.034764130003	0.073149726403648	0.0	6.4279550782996004	87.483190045135	288.4291179109	745.1785611953801	215.35887848266998	0.84607107432806	0.046673771110535	397.59499625543003	0.31398652787944	16.163833723516	5.3195410308981	21.483374754414	229.47331840643	390.55066783153995	0.0141328303611121	21.892928522535	1410.1918098271299	2.3276779862521	8.6353382364115	10.9630162226635	7.3899204068658E-5	4.936024467885099E-4	5.6750165085716E-4	0.40155779069041	213.53883541874	4.6599240895591	
17.872	0.193437517399414	23317.350587999	0.070760559564077	0.0	6.2795117326001	86.122210839058	288.62731347499	745.42545719086	215.32491998878	0.81518469469804	0.044671442123308	397.53842703017	0.30373489792726	16.0806992050142	5.3547494656858	21.435448670701	229.33760931883	390.30640612682	0.013503187009728902	20.6652276278789	1409.35223368631	2.2821421479417	8.425666389103	10.707808537044599	7.2272197156935E-5	4.8902618220078E-4	5.612983793577199E-4	0.38062815193151	213.40948158429	4.582327014688801	
18.0	0.191595914401206	23317.452651187	0.07002185856603299	0.0	6.2331437590927	85.682395363197	288.69073498977	745.50395157145	215.31366160295	0.8057899595400699	0.044056874684977	397.5195872897	0.30060329291686	16.085554424744	5.3708712205775	21.456425645320998	229.29323611485	390.22661376690996	0.013312973317116401	20.288120760768997	1409.07779432038	2.2710963575335	8.4075423414192	10.6786386989527	7.176601449647701E-5	4.8791830961771E-4	5.5968432411419E-4	0.37435039776664003	213.36718140859	4.5578554213022	
18.2	0.188793822771516	23317.611082124	0.06881578981598	0.0	6.1626623636941	84.99968013902699	288.78820674002	745.62419345984	215.29583067332	0.79175353390351	0.043114446738454	397.48963071864	0.29533131593441	16.424600717742	5.7334012967651	22.158002014506998	229.22383754268	390.10190144241	0.0130018268013254	19.60788497898	1408.64870131024	2.3216333545280996	9.805745727203899	12.127379081732	7.084443898708101E-5	4.7924149387284E-4	5.5008593285992E-4	0.36505855774543	213.30102636762	4.5085651765785	
18.48	0.184984731841578	23317.830765664003	0.06726115517539699	0.0	6.0677376959501	84.053017503323	288.92120737986	745.7866904597599	215.27037517054998	0.773316999909	0.041893193696997	397.44663049877	0.28854354446499997	16.201668690315902	5.3326258721536	21.534294562469	229.12655186415	389.92723749938	0.012610847124771899	18.706306914045	1408.0474288238	2.2855787351322	8.621567951240799	10.907146686373	6.954115286241999E-5	4.6907241302019E-4	5.386135658826099E-4	0.3530247742455	213.20829621352	4.4457768342239	
18.872	0.179847689190024	23318.134213299	0.0652465859518	0.0	5.941482411381	82.74540136026499	289.10052806437	746.0040935104	215.23389600675	0.74963011418438	0.040312228996702	397.38462468113005	0.27989321824765	16.1303395824891	5.3732652861382	21.503604868627	228.99014095883	389.68260739180005	0.0121214804739712	17.542867856627602	1407.2046558972302	2.2385276687572	8.409035783215	10.6475634519722	6.7808715272777E-5	4.640948672172E-4	5.319035824899801E-4	0.33787661622784	213.07827810063	4.3623236995284	
19.0	0.178209840450931	23318.232276387	0.064617812708018	0.0	5.9017359395999005	82.322830780206	289.15751237878	746.0727559086499	215.22179641265	0.74236117905163	0.039821873864804	397.3639738176	0.27722747101469003	16.1394208993756	5.3910875978557	21.530508497231	228.94555357895	389.60270854573	0.0119721286142553	17.186839166563	1406.92923490831	2.226945315649	8.3901391086223	10.617084424271301	6.7270344838196E-5	4.6292602332082E-4	5.301963681590199E-4	0.33330087182539003	213.0357799927	4.3359730247632005	
19.2	0.175710325687778	23318.384497603	0.06358740621112399	0.0	5.8410213092495	81.666884391599	289.24459901503997	746.1773523987499	215.20262351716002	0.7314373902757301	0.039066436064767	397.33113278139	0.27272686940234003	16.4804543617863	5.750983998213	22.23143836	228.87583553222998	389.47784359721	0.011726791193518899	16.5432193687783	1406.4986663570699	2.2768910018734	9.7940870147301	12.070978016603501	6.6279581216155E-5	4.5312115988646996E-4	5.1940074110262E-4	0.326495951168	212.96933385191	4.2828998708688	
19.48	0.172290156067682	23318.595569579	0.062248053631464004	0.0	5.7586788219824	80.757339784392	289.36232877751	746.31731765114	215.17522785171002	0.71696544437002	0.038077470546051	397.28397349237	0.26688780072637	16.263059812155298	5.3532399895143	21.61629980167	228.77813198106	389.30299204753	0.011415521893540899	15.6935655306599	1405.89543919676	2.2394463782587	8.6046093810088	10.844055759267501	6.48836591477E-5	4.4236256200193996E-4	5.0724622114964E-4	0.31761943367165	212.87623006553	4.2151175152851	
19.872	0.16763874400586098	23318.887119881	0.060491512018838	0.0	5.6481382871529	79.500994381242	289.51887048122	746.50190741507	215.13591627306	0.69814567045572	0.036779541414042	397.21591839164	0.25936057091841	16.2048637127848	5.4002029106708	21.605066623455002	228.64118555001	389.05814320842	0.011020247879043401	14.6037152631119	1405.05012683708	2.1900787695004	8.3883995239883	10.5784782934887	6.3022572991448E-5	4.3690849406343E-4	4.9993106705488E-4	0.30632776865746003	212.74574750328	4.1249327873944	
20.0	0.16614582146450502	23318.981337453	0.059938693516914	0.0	5.6131092768845	79.09499253252301	289.56809957306	746.5595653139301	215.12286485887	0.69231754088706	0.036372805202577	397.19323988068	0.2570212555016	16.2187164003313	5.4200231297407	21.638739530072	228.5964338881	388.97818244714	0.0108983332914948	14.2717386682871	1404.77392081595	2.1777160908732	8.368542407896701	10.546258498770001	6.2445823956281E-5	4.3566230556103E-4	4.9810812951731E-4	0.30288889772556	212.70311058219	4.0964730505038	
20.2	0.16386373641712199	23319.127588691998	0.059030396867783	0.0	5.559380968728201	78.46476538626399	289.64269889298	746.6465921505301	215.10216682244	0.6835071718600401	0.035743654458574	397.15715680254	0.25306353515314	16.562540560909298	5.7776095202818	22.340150081191	228.526469834	388.85323022316	0.0106972753258446	13.6720940462621	1404.34216703852	2.2268160113222	9.7804411540346	12.0072571653569	6.137688296518E-5	4.2465578151429E-4	4.8603266447947E-4	0.29774673561301	212.63645985018002	4.0391903122452995	
20.48	0.160726841407634	23319.330381097	0.057841527292834	0.0	5.4860940974145	77.590883428787	289.74213267999	746.76115742231	215.07255466438	0.67173459717276	0.034912276226442995	397.10530147559996	0.24789368573779003	16.3506675591428	5.382463294282299	21.733130853425003	228.42844254748002	388.67827444933005	0.0104397720818204	12.884621218597498	1403.73735987531	2.1874860460744	8.5836845167109	10.771170562785201	5.9880434690533E-5	4.1329934763915E-4	4.7317978232968E-4	0.29098435735705996	212.54309264033	3.9660971634796	
20.872	0.156437709746101	23319.610491826	0.056267579055601	0.0	5.3869670641691005	76.383798469794	289.87152950544	746.9086297195599	215.02999126798	0.65624283525323	0.033808106989469996	397.03038744875005	0.2411646543905	16.3067601346782	5.4366888076146	21.743448942293	228.2910776336	388.43331000169	0.0101083322356177	11.8826237003345	1402.88997716237	2.1351594581783	8.3629400734609	10.4980995316392	5.7888050132425E-5	4.0737625167498E-4	4.6526430180740997E-4	0.28228107246295	212.41228117437998	3.8691498436415	
21.0	0.1550548141301	23319.701011643003	0.055769151559694	0.0	5.3553890818999	75.993715697974	289.9115543496	746.95382088064	215.01584449442998	0.6514033420598799	0.033459052536487	397.00540552288	0.2390593669941	16.3258796814777	5.458806706807	21.784686388285003	228.2461967629	388.35331808055	0.0100051433170541	11.5793017034932	1402.61312717288	2.1218324011932	8.3419397702993	10.4637721714924	5.7273650673052E-5	4.0605484441926E-4	4.6332849509230997E-4	0.27960672059934	212.36954563265	3.8386552060425	
21.2	0.152940807061681	23319.841522078	0.054949378959441006	0.0	5.3067964325769	75.388199351701	289.97138453419996	747.02093763402	214.99338918273	0.64404664638839	0.032917673139104	396.96563597827003	0.23549451143298	16.672847970587398	5.814015094825001	22.486863065413	228.17603831151	388.22832373243	0.0098344673798506	11.032560769435701	1402.18039728217	2.1699527596558	9.7643608760874	11.9343136357432	5.6129993240621E-5	3.9383018194777E-4	4.4996017518839E-4	0.27558423315923	212.30274922183	3.7772849105931003	
21.48	0.15002859953723	23320.036352315998	0.053871226806148004	0.0	5.2402152837755	74.548581725569	290.04930533448	747.10673582121	214.96122168016	0.63413775331548	0.032197036703318	396.90843955642003	0.23081487400341	16.4660152199124	5.4209863237231	21.887001543636	228.07775335687	388.05332145338	0.0096141555062529	10.3195593706714	1401.5742815181702	2.1284184415451	8.5582435075249	10.68666194907	5.4543858685692E-5	3.8192474082706003E-4	4.3646859951276004E-4	0.27024849279007	212.2091938278	3.6993975695593	
21.872	0.14603849271523	23320.305461254	0.052435264282361	0.0	5.1496307074056	73.388825733172	290.14706176734	747.2122738195201	214.91491356693	0.62095681639492	0.031231666299113	396.82573602271	0.22468386935297002	16.437047535909898	5.483362824763599	21.920410360673	227.94005197199	387.80831293198	0.0093275242814459	9.421952525266999	1400.72517104947	2.0727845430654996	8.3321296569764	10.404914200041901	5.2445815861063E-5	3.7559268728151003E-4	4.2803850314257E-4	0.26329755834457	212.07814632944002	3.5969289393421002	
22.0	0.144749175519238	23320.392424675	0.051978886535362	0.0	5.1206572052190005	73.01403785549701	290.17642684992	747.24341569122	214.89950762887003	0.61680697577892	0.030924584364826	396.79814337185	0.2227575218499	16.461761827814698	5.5080458964645	21.969807724279	227.89506642705	387.72831121124	0.0092376540044277	9.152454093661	1400.4477807654898	2.0584146179208	8.3098266295753	10.368241247496101	5.1803519872047E-5	3.7421099746343003E-4	4.2601451733548E-4	0.26114218286381996	212.03533978305	3.5649002894247	
22.2	0.14278091472591298	23320.52741361	0.051228769463475	0.0	5.0759618951387	72.43226340638199	290.21923946864	747.28814955613	214.87503569733	0.61046756511932	0.030447833346258002	396.75420310896	0.2194972909737	16.8115763271086	5.8603524451187	22.671928772226998	227.82474966971	387.60330614988004	0.0090887997260342	8.6674019071448	1400.0142291500401	2.1056106339448	9.745580648730598	11.851191282675401	5.0604431173934E-5	3.6081092938572E-4	4.1141536055965997E-4	0.25788118087936	211.96843826382002	3.5003085258917	
22.48	0.140069601354266	23320.714585575	0.050239808137395	0.0	5.0145116245256	71.62556662053001	290.27257585069	747.3417536642	214.83994628728	0.60186928808325	0.029810252306954	396.69098639249	0.21520623933345	16.6086172352204	5.4688876247915	22.077504860012	227.72625322621	387.42829761172004	0.0088956068502577	8.0404608808076	1399.40700647194	2.0618424926928	8.5280772724346	10.589919765127298	4.8962038261440995E-5	3.4845864961911E-4	3.9742068788055E-4	0.25351851536168	211.87474666705998	3.4191925819208997	
22.872	0.136358138912058	23320.973112275	0.048919265028579004	0.0	4.930540705266299	70.511283852508	290.33461480783	747.40072479043	214.78938458823	0.5903254253707	0.028952026789694	396.59956120881	0.20956645731498	16.5943436706011	5.5401072407385	22.13445091134	227.5882726036	387.18329501774997	0.0086424734873497	7.261731585278699	1398.55642525808	2.0030123071416	8.2958809802382	10.298893287379801	4.6815539034161E-5	3.4182418367064E-4	3.886397227048E-4	0.24776814531877	211.74352759696	3.3139070683118	
23.0	0.135158866097627	23321.056654891	0.048499088697887	0.0	4.9036018127433	70.151191160585	290.35205345763995	747.4163602566	214.77255622441	0.58666706045561	0.028678100743853997	396.56906151315	0.20779133665514998	16.6246766211004	5.56754066385	22.19221728495	227.54319946716998	387.10329844511	0.008562766109339301	7.0303110140865	1398.27857299468	1.9876787122684099	8.2721666316337	10.2598453439021	4.6164642006676E-5	3.4040814297578003E-4	3.8657278498245996E-4	0.2459696283093	211.70066928063	3.2813071125164	
23.2	0.133332283835782	23321.186332822	0.047810034675613	0.0	4.8619690677192	69.592227697866	290.37595748522	747.4365129867199	214.74581661207	0.58105553796243	0.02825308114058	396.52049833136	0.20479273874	16.976192894815902	5.9159091871967	22.892102082012002	227.47274955227	386.97830471211	0.008430799812404199	6.6138565797267	1397.8443169083	2.0342649661061003	9.7241092606621	11.7583742267683	4.4946658291105E-5	3.2601707626346E-4	3.7096373455457E-4	0.24323356041701	211.63369099904	3.2152265798711	
23.48	0.130820676247332	23321.366138514	0.046901144644969	0.0	4.8045857027516	68.81716094344699	290.40227642468	747.45505417124	214.70746683958998	0.57340081760963	0.027683442546090002	396.45065951484	0.20084383177877502	16.775076444138	5.525352283602899	22.300428727741	227.37407384223002	386.80331826345	0.008259010554840001	6.0813589827707	1397.2361416305498	1.98863722198249	8.4934872386949	10.482124460677401	4.3304285238345006E-5	3.1342515686035E-4	3.5672944209869E-4	0.23954431412799998	211.53989967337	3.1335453980688	
23.872	0.12739342358161498	23321.61448681	0.045687860486506	0.0	4.725920910494	67.746568430662	290.42568978994	747.4639507470299	214.65221471074	0.5630463300794	0.026915620436296	396.34975169757	0.19565242877947397	16.7739877276049	5.6057135352454	22.379701262851	227.23585394711	386.55835696815	0.0080331299901027	5.4304547176678	1396.38428843038	1.92732692498335	8.254761995959399	10.1820889209428	4.1194826480473E-5	3.066655584515E-4	3.4786038493198003E-4	0.23462973486263	211.40855453675	3.0294961753622003	
24.0	0.125452127360221	23321.680375231	0.048519383267624	0.0	4.6664661991156	67.45743335906499	290.43091038718	747.45866258898	214.63249824482	0.55572157905351	0.026525185806145997	396.31351445178	0.197400022778411	16.7832811588004	5.631585885602201	22.414867044403	227.19043747638	386.47801916946	0.0082132559730096	5.2371460597136	1396.10598327287	1.90127981888868	8.228406249510499	10.1296860683991	4.1059598822072E-5	3.080185419091E-4	3.4907814073117E-4	0.23143008493933998	211.36566069589	3.0787948929262	
24.2	0.125240210827256	23321.836274915	0.074043983303574	0.0	4.7209138687558	101.292762012447	290.43288714285	747.4710545185	214.60912389487999	0.56167482743887	0.026331769162415	396.27147286729	0.24960970369003	17.3083468937332	6.0205516659331	23.328898559666	227.12084101064	386.35467145582004	0.0101124421480708	4.8994370073815	1395.6708235277601	2.01433823522078	9.7087509691797	11.7230892044005	4.4219715980031994E-5	3.1118785550177997E-4	3.5540757148181E-4	0.2335851107695	211.29860158434	3.6320740832388	
24.48	0.132578147609447	23322.159268682	0.09045346335332799	0.0	5.0749838179375	148.209272716371	290.42539976795	747.50572319035	214.58331145652	0.60281680768206	0.027516656270388	396.22627253434	0.29893109565911	17.4258727017489	5.6684133796957	23.094286081445	227.02540554861002	386.18435293322	0.0113442373792213	4.4860002512187	1395.0628519832799	2.0874235175727	8.471427548912999	10.558851066485701	4.5826435513906003E-5	3.070064841974E-4	3.5283291971130004E-4	0.25009351151958	211.2048192734	3.9374258045476997	
24.872	0.156092455134914	23322.814293943	0.102451506036617	0.0	6.0469096921441	213.01454104409999	290.39924664936996	747.56402143728	214.55126927062003	0.71664949597994	0.03194868945129	396.17117660514	0.34854678962811003	17.8112574637002	5.836782838168	23.648040301868	226.89438280026002	385.94806166213004	0.0126003257712725	4.005347350728901	1394.2191881405902	2.1435155771218	8.228656994015399	10.3721725711372	4.6642558810551995E-5	3.0715523653079E-4	3.5379779534135E-4	0.29633116144527	211.07427585865	4.0619961376356	
25.0	0.166508902741827	23323.078676819998	0.10599211071672099	0.0	6.465643933359	233.95713976783	290.38748594921003	747.58489454899	214.54117522621	0.76578984015204	0.033983534197331994	396.15392709382	0.36376703388030995	17.9528840668605	5.8948415872432	23.847725654104003	226.85217671179	385.87135474362003	0.0130826243898227	3.869935692455	1393.94697442073	2.1550512359785	8.2004276197986	10.3554788557771	4.6894069158255E-5	3.0812412186333E-4	3.5501819102158E-4	0.31635223735442997	211.03199635420998	4.0802607744656	
25.2	0.183778304952315	23323.510126164	0.083889844860806	0.0	7.1226718161545	232.09297202289002	290.36694514667	747.6026669831	214.52054455292	0.8429182517166001	0.037481556000691	396.11728881300996	0.33171781400327	18.4242304459577	6.3682736230881005	24.792504069045002	226.78589156185	385.75050365077004	0.0117826630236571	3.6195001585988003	1393.52542942843	2.1843018145612	9.7222428906879	11.9065447052491	4.254035419534E-5	2.8192933089571E-4	3.2446968509105E-4	0.34779079438974003	210.96633526061999	3.427029967127	
25.48	0.20489147780637001	23324.108350119	0.074824727796628	0.0	7.938209074809301	229.50808923857	290.33361396749	747.60084636254	214.48333070310002	0.93864676542012	0.041952840647584	396.04946954119	0.31414174652864	18.0802050394839	5.9094756278084	23.989680667293	226.69219811624998	385.57978973479	0.011799731487430201	3.3035470594567	1392.94274236823	2.0581145576828	8.3933509533694	10.4514655110523	3.9775828660997E-5	2.6854022140255E-4	3.0831605006355E-4	0.38680648058510003	210.87525797678	3.0327573563644004	
25.872	0.22890291568144	23324.934665643	0.076798212684796	0.0	8.8991640782925	225.93761312504	290.27663003637997	747.58099118583	214.42561394425002	1.05143042985884	0.047102210943841	395.94346331639997	0.31837325469964	17.9029473439331	5.9763779876945	23.879325331628003	226.56095307419	385.34087356353996	0.012908658013732699	2.9316406768066	1392.13974815534	1.9226918635107002	8.1235115867392	10.0462034502499	3.8424382086317E-5	2.6640600381855E-4	3.0483038590487996E-4	0.43276451826844997	210.74922830627	2.8443406324052	
26.0	0.23570785648787	23325.201696951997	0.07853997263149501	0.0	9.173818888952901	224.78377652457	290.25566772368	747.57335884891	214.40631099556	1.08366204118406	0.048559035826066	395.90794501415	0.32319280686298	17.8981676799764	6.0021806509474	23.900348330924	226.5182841999	385.26310846338004	0.013322354524778299	2.8261300301207	1391.8802286917198	1.89406292825518	8.0949278672043	9.9889907954595	3.8232548261825E-5	2.6662316757633E-4	3.0485571583814997E-4	0.44589630332158003	210.70838774299	2.8155516172960002	
26.2	0.24530747645285	23325.616209918	0.081669772537862	0.0	9.5667030936025	222.99270270401001	290.22017304973997	747.56093807917	214.37596655325	1.1297644642408602	0.050625709253828	395.85207998736996	0.33315185742564	18.2119616457884	6.3488268740079	24.560788519797	226.45187838403	385.14190681268	0.0139680245207923	2.635025745758	1391.47719551811	1.93551385592623	9.6593361421137	11.5948499980399	3.795872902776E-5	2.6254713436117997E-4	3.0050586338894E-4	0.46467698283532	210.64486224891	2.7874265647458003	
26.48	0.25695130392028	23326.190994347002	0.086028639541215	0.0	10.0486709956674	220.50917370096	290.16483033693	747.5423199419299	214.33328259034	1.18631257890494	0.053125506854116	395.77345164411	0.34880420377248	17.9238748961995	5.9060517172688005	23.829926613468	226.35953365224	384.97286171757	0.014794367945995101	2.4015707760579	1390.91748651125	1.8896080053088902	8.3528311068632	10.2424391121721	3.7654130320338E-5	2.5711653885962E-4	2.9477066917995003E-4	0.48770813352759	210.55645656166	2.7595907682872998	
26.872	0.27022216184861003	23326.984969466	0.091414432109075	0.0	10.6055406811777	217.07869762939	290.07764488935004	747.5152835819699	214.27330319328001	1.25163364184558	0.05597562401332	395.66289652884	0.3706180859764	17.8819625867281	5.9904728094717	23.8724353962	226.23151123998	384.73735396044003	0.015768843842342	2.1338154769662	1390.14153520539	1.84181188299311	8.0984324680964	9.9402443510895	3.7366675467603E-5	2.5585605235927E-4	2.9322272782688003E-4	0.51430300963618	210.43358297473	2.7322256911442997	
27.0	0.27392805429336997	23327.241554697997	0.09296039457968899	0.0	10.761897140637899	215.97010268163	290.04718200190996	747.50634086661	214.25368732274	1.2699704122100899	0.056771377433749	395.62672821841	0.37728970174093	17.9132910738679	6.0221233280831	23.935414401951	226.18999899045	384.66070328086005	0.0160443241434699	2.05883138446863	1389.889748266	1.83196043240228	8.0725713651759	9.9045317975783	3.7292598551356E-5	2.5583789967548E-4	2.9313049822682997E-4	0.5217662329895401	210.39364742892002	2.7249629838528	
27.2	0.27910129701221	23327.639852927	0.09516609045013599	0.0	10.9826029462198	214.24925659957	289.99741124624	747.49162204012	214.22283287247	1.29584958190392	0.057894792453143995	395.56979382496	0.38729446055154	18.2637671634889	6.3682546537551	24.632021817244002	226.12541742618998	384.54116924282005	0.016444500658548702	1.92303179206153	1389.4977761515602	1.8940171677975002	9.6461082824902	11.5401254502876	3.7002086951314E-5	2.4445251375111E-4	2.8145460070243E-4	0.53229667447171	210.33141959935	2.6953275136977	
27.48	0.28519676161974	23328.192151851	0.097817211085768	0.0	11.2473285817963	211.86310669213	289.9233455387	747.46878867591	214.17926554905	1.3268816923188198	0.059212736692642	395.48933162067	0.39980121028156	18.0051038012367	5.929610717533199	23.93471451877	226.03554010948	384.37425430576	0.0169181098817233	1.75827248228998	1388.9516482981699	1.86335270327132	8.335953643316401	10.199306346587601	3.6663629604037E-5	2.3696895104736998E-4	2.736325806514E-4	0.54491851319647	210.24461363598	2.6695633399956	
27.872	0.29178838434557	23328.955060686	0.100756858144885	0.0	11.541393583062899	208.56714001324	289.81226367055	747.43416698484	214.11789118618	1.36133570581632	0.060641769446497004	395.3759151201	0.41429819905584997	17.9838806505598	6.020632711406501	24.004513361967	225.91063463335	384.14130538031	0.017438458067807798	1.57087163415055	1388.19141804924	1.82343078420512	8.079445301989	9.9028760861941	3.6297133051736005E-5	2.3491950097513002E-4	2.7121663402686E-4	0.55892138465365	210.12360472655	2.6440693669219	
28.0	0.29353742532545	23329.201606292998	0.101551983526387	0.0	11.6209018627511	207.50201271183	289.77449813401	747.42233499365	214.09778858983	1.370646581794	0.061022018098106	395.3387552427	0.4183330867552	18.019026620397	6.0539399862671	24.072966606664	225.87004124429	384.0653928473	0.0175788703237293	1.51866188048787	1387.94405455159	1.81456318651543	8.0530529838515	9.867616170366901	3.6190862562934006E-5	2.346761896249E-4	2.7086705218783E-4	0.56270262416227	210.08419726194	2.6369453342693	
28.2	0.29588954348641	23329.584318246	0.102664711584903	0.0	11.7298504500319	205.84864054695998	289.71385925607	747.40295324455	214.06621806367	1.38339987079441	0.061540213886920006	395.28036940672	0.42417347929633	18.3712553823568	6.3999399805178	24.771195362874	225.80679310423	383.94692026832	0.017779278043022102	1.42374293008057	1387.55833389304	1.87778864634867	9.636087347678199	11.513875994026801	3.591328714888E-5	2.2710172749201E-4	2.6301501464088E-4	0.5678786223277099	210.02271887298002	2.6152635054999003	
28.48	0.29846389600233	23330.115001111	0.10391741623037501	0.0	11.853753420693401	203.55605109905	289.62569320781995	747.37337885921	214.02171632219	1.39789259474618	0.06210759639548	395.19802326142	0.43095766114121004	18.1112477095502	5.9612265363896	24.07247424594	225.71857403376	383.78131657257995	0.0180030094609346	1.3091622440473	1387.01972259512	1.84735100061427	8.319815852661101	10.1671668532753	3.55596992853E-5	2.2120104662941E-4	2.5676074591470996E-4	0.5737536878668901	209.93682090372	2.5936799777738	
28.872	0.30085291637613	23330.848044389997	0.105165835508245	0.0	11.9778123582226	200.38931892073	289.49684111818	747.32852974495	213.95902792743	1.41238011858769	0.062641795680551	395.08197160418	0.43806220999834	18.0897690556149	6.055759466620501	24.145528522236	225.59560141708	383.54989766539	0.018225349985542302	1.1795454493014899	1386.26788154191	1.8067929335123	8.0607340095235	9.867526943035799	3.5148854596492E-5	2.19273729179E-4	2.5442258377549997E-4	0.57961206803776	209.81683997716	2.5698726210003002	
29.0	0.30137929410250996	23331.084938241	0.105468438675868	0.0	12.007695175438599	199.365954829598	289.45368386048	747.31313903499	213.93848442769	1.4158628035902199	0.06276202658642199	395.04393060145003	0.43987480735852	18.124638586482398	6.089839045369899	24.214477631852	225.55555182559	383.47441873399	0.0182793753106504	1.14354478082112	1386.02279821656	1.79762613838123	8.0338631941184	9.8314893324996	3.5025743240058E-5	2.1894257897581002E-4	2.5396832221587E-4	0.5810160090040399	209.77771588891	2.5629394581040996	
29.2	0.30197006089705003	23331.452666479	0.105860848865615	0.0	12.044565081810699	197.777410784623	289.38506757064	747.2882020173299	213.90627372567002	1.4201510278877398	0.06290181644376999	394.98426960828	0.44242669497140996	18.474054436783298	6.4344975874919	24.908552024276	225.49307050088998	383.35656169564	0.0183505709193604	1.07808407140447	1385.64021458963	1.86093336045638	9.627130966120099	11.4880643265764	3.4776735214359E-5	2.1473867318607E-4	2.4951540840043E-4	0.58273920660489	209.71663142568002	2.5478813565983	
29.48	0.30235510498116	23331.962569912	0.106218903520582	0.0	12.0778230040973	195.57471303019702	289.28664392203	747.25092327846	213.86095260754	1.42399844081823	0.063001995016925	394.90029679892996	0.44503396610971	18.2077657094795	5.9936365671531	24.201402276632	225.40576688715998	383.19170350312004	0.0184159711739748	0.9993148994958201	1385.1051988497902	1.83018249517338	8.304650214010799	10.1348327091841	3.4435836089267E-5	2.1029241141197E-4	2.4472824750123E-4	0.58427231407989	209.63119387689	2.5301847064678	
29.872	0.30214618354221	23332.666905623	0.10640636145886201	0.0	12.0927946397108	192.532147589966	289.14498857283	747.1950720265	213.79714774145	1.42567523436896	0.062982348822377	394.78203571123004	0.44709015887175	18.1820647440515	6.0898726593223	24.271937403374	225.2837994911	382.96112889803	0.0184521031094148	0.9104602890675599	1384.35701967529	1.78917732790008	8.0435757588499	9.83275308675	3.4022490221974E-5	2.0862319845792E-4	2.4264568867989002E-4	0.5849057818255801	209.51170108575002	2.5087021253491	
30.0	0.30192086089500003	23332.89452207	0.10640259066726901	0.0	12.0909193874863	191.548909137206	289.09796810373996	747.1760036983301	213.77623789296	1.42542849917474	0.062942441399883	394.74327131637	0.44743256077915	18.2158355331248	6.1242686623949005	24.34010419552	225.24401843163002	382.88588302452	0.0184524957237091	0.8858070476277	1384.11283787509	1.77987494819744	8.016430136907001	9.7963050851044	3.3896162596948E-5	2.08264129715652E-4	2.4216029231260001E-4	0.5847887287253499	209.47270285983	2.5022503099382	
