# Time [h]	MS [1]	Lignin [1]	Butyric [1]	Initial_Substrate [1]	Carbohydrates [1]	Substrate [1]	MO_AcidoLCFA [1]	MO_hydroM [1]	MO_Acetic [1]	Proteins [1]	AA [1]	MO_acetoM [1]	Propionic [1]	Carbondioxide [1]	Carbondioxide_gas [1]	MO_Propionic [1]	MO_ButyricValeric [1]	Valeric [1]	LCFA [1]	MO_AcidoMS [1]	Methane [1]	Methane_gas [1]	Hydrogen [1]	Hydrogen_gas [1]	Lipids [1]	MO_AcidoAA [1]	Acetic [1]	Phi [1]
0.2	4.7522450971098e-05	1.3151134954747	1.3286668822632e-05	0	0.028899251095032	0.0019400677676582	0.015466319988144	0.036305582942985	0.011669072915512	0.01038108992433	2.9417409252495e-05	0.021050622810919	3.0787219430342e-05	0.7690873166927	0.87739832478371	0.0128051046048	0.022120488974479	4.3404512350096e-06	6.3009036723694e-05	0.079282253686965	0.086760814415205	1.0500192299763	6.1022252545001e-06	0.00026256637101084	0.0085614739017705	0.01156287564819	0.00136164510388	0.90957401041534
0.48	4.1811790212059e-05	1.3172547411167	1.987592520766e-05	0	0.025764293406923	0.004637699718556	0.015487641296187	0.036771901811766	0.011730872720821	0.0092493088390193	2.9467092722307e-05	0.0212251088278	5.9256255852481e-05	0.69315532550817	1.4310479519454	0.012846417217652	0.022191244345718	7.0123510634468e-06	0.00012868959827429	0.079641216838522	0.1085821158706	0.59577807573138	6.0342091815695e-06	0.00023172407240452	0.0076269289744394	0.011663052660256	0.0011883395572551	0.90974957736808
0.872	3.5237214771005e-05	1.3190563058185	1.9093638966233e-05	0	0.021959544799277	0.0083706400701331	0.015505227854797	0.03738782538313	0.011805768752661	0.0078681782287133	2.4560356414518e-05	0.021444932063786	7.2293359922191e-05	0.57122243515148	1.3206786698838	0.012904567260619	0.02227684996905	6.8050185543111e-06	0.00019368606180651	0.080022178253703	0.11879411989551	0.49422975079983	5.3968105800022e-06	0.00020168293935938	0.0064849693913753	0.011781002172576	0.0009812907301132	0.90990862453444
1	3.332152374447e-05	1.3194022797417	1.8265142795716e-05	0	0.020845520822501	0.0095775912784432	0.015508483266146	0.037574654454203	0.011827791423617	0.0074619174427016	2.3044747098411e-05	0.021511393221008	7.2975665892435e-05	0.5346198040575	1.1805941439949	0.012921839002099	0.02229937524555	6.5113682230004e-06	0.00020919031086198	0.080121272634681	0.11969085586847	0.48075757233053	5.1085744303423e-06	0.00019111469214093	0.006148686679679	0.011813844449712	0.00091847928542583	0.90994284359547
1.2	3.0679428945648e-05	1.3223049935079	1.6936345377848e-05	0	0.019257990334898	0.0095220563021657	0.015541790879623	0.037925930971435	0.011882988642375	0.0068820425399762	2.1085627707777e-05	0.021651645316958	7.2991154545381e-05	0.55633150726096	1.7892296414051	0.012972178198869	0.022372748097844	6.0881079928063e-06	0.00023708394275234	0.080410265381099	0.12010329763759	0.65855788354894	4.7032607958822e-06	0.00019270225115804	0.0056685079789047	0.011883224626157	0.00080653368704988	0.91015269719812
1.48	2.7249165200155e-05	1.3259757793448	1.5070814822316e-05	0	0.017238641089822	0.0094419789585828	0.015584850492876	0.038387725934845	0.011955703161179	0.0061446002586224	1.8499281033067e-05	0.02183607502036	6.9364125365959e-05	0.48840466536866	1.1033660688811	0.013038347110048	0.022465167776697	5.4489540907269e-06	0.00026701308791162	0.080773313907487	0.11639368644237	0.49770911934493	4.1305817701251e-06	0.00017429320901106	0.0050578843402961	0.011970869984126	0.00066453578351791	0.91041693318321
1.872	2.3125816890637e-05	1.330448154583	1.2714406830028e-05	0	0.014768917111678	0.0093262198465714	0.01563942890934	0.038973796335266	0.01204840390074	0.0052429932398155	1.5436546319975e-05	0.02206848599929	6.0840558962189e-05	0.41181657305347	0.91140349917219	0.013121313075795	0.022576160515092	4.6162884247688e-06	0.00029414548718772	0.081209803678096	0.10740295012888	0.49520001358166	3.4073680128172e-06	0.00015555458586496	0.004311388621859	0.012076816960901	0.00049938574476652	0.91073695311024
2	2.1912632177395e-05	1.3317656730571	1.2022192910194e-05	0	0.014040578840043	0.0092877040197459	0.01565607245744	0.039150881614133	0.012076554154981	0.0049771785912706	1.4543262146149e-05	0.022138256814724	5.7763003628573e-05	0.39186927382903	0.87505197097002	0.013145986647663	0.022608395332694	4.3706227782244e-06	0.00029990765832926	0.081336832029336	0.10400395472204	0.49692049614786	3.1771930872217e-06	0.00014972415966846	0.0040913193917257	0.012107788033603	0.00045382501527951	0.91083077288323
2.2	2.0172023801589e-05	1.3336955727473	1.1016135581786e-05	0	0.012975857026331	0.0092269349902547	0.015681254489449	0.039412710506819	0.012118076056111	0.0045886741044582	1.3279803243782e-05	0.022239832220443	5.2982644911922e-05	0.41476020506113	1.3773653617455	0.013182133096819	0.022655064609884	4.0107114016692e-06	0.00031253113782529	0.08152107791518	0.098545948486309	0.64315806935257	2.8627310225723e-06	0.00014357651649727	0.0037696899665745	0.012152799719112	0.00037675058214081	0.91096778359269
2.48	1.7986153516634e-05	1.3361594028462	9.765711734261e-06	0	0.011623917835898	0.0091408698312287	0.015715283664655	0.039748975880758	0.012171070350463	0.004095520608118	1.1718311813666e-05	0.022366718815179	4.6563912844912e-05	0.36791855261291	0.91212516161243	0.013227985084545	0.022713509745443	3.560151768134e-06	0.00032481962692643	0.081752472492699	0.088503262678259	0.48625011047095	2.4697282983167e-06	0.00013137665521569	0.0033614557912509	0.012209510664897	0.00029444981913873	0.91114189844173
2.872	1.5353302466656e-05	1.3391953208947	8.2752564089826e-06	0	0.0099738039826132	0.0090188996595105	0.015761131482212	0.04016517266555	0.012235755374314	0.0034938917495041	9.8674771929349e-06	0.022517492424561	3.8616346533452e-05	0.30791820839245	0.77758722870661	0.01328344874783	0.022783355795018	3.0191925236174e-06	0.00033313163858118	0.082030177869379	0.07459177278888	0.46487394977072	2.0358671444848e-06	0.00012036131001364	0.0028634834116613	0.0122779241755	0.00022163849812198	0.91135509765204
3	1.4579195811285e-05	1.3400949747837	7.8418894850998e-06	0	0.0094878431160558	0.008978797935104	0.01577569243421	0.040289466296044	0.012254933734025	0.0033167831662957	9.3264946127047e-06	0.02256151053258	3.6290139997126e-05	0.2918105646022	0.74965948022022	0.013299608126356	0.022803533017983	2.8616979735785e-06	0.00033409772464688	0.082110687241395	0.07053426783115	0.46198111912923	1.9190494404466e-06	0.00011713624855866	0.0027169037653582	0.01229786351151	0.00020485192536236	0.91141798306673
3.2	1.3462908334291e-05	1.3414170616571	7.2129168195354e-06	0	0.0087779252747245	0.0089159336667636	0.015798265239196	0.040472278056021	0.012282840763527	0.0030581270883595	8.5531960226294e-06	0.022624687557684	3.2926017820696e-05	0.30380593287652	1.0782048527591	0.013322994654238	0.022832630715294	2.631660651272e-06	0.00034075815723745	0.082227097076197	0.065159541921647	0.59440256732514	1.7465077164058e-06	0.0001082913180343	0.0025028480087799	0.012326783220229	0.00016374457198471	0.9115101211508
3.48	1.205774027256e-05	1.3431127114872	6.4274776774779e-06	0	0.007877283490103	0.0088276312401085	0.015829794731388	0.040705700059753	0.01231776218626	0.002730128556951	7.589590662325e-06	0.022701743753065	2.8815091351942e-05	0.26811474355018	0.75092286989343	0.013352232252607	0.022868833475872	2.3433380209197e-06	0.00034719911396976	0.082372529645352	0.056976874095859	0.4454176665467	1.5334107060652e-06	9.6993452868218e-05	0.0022314359601503	0.012363090759589	0.00012436951980491	0.91162775584012
3.872	1.0361136450834e-05	1.3452107697906	5.485679456259e-06	0	0.006779069073719	0.0087036751708539	0.015873914933818	0.040994247752066	0.012359581339553	0.0023304576634234	6.4378487827147e-06	0.022791512958334	2.4063070885503e-05	0.22452376069032	0.64328723645315	0.013387015514565	0.022911537203874	1.9961362990295e-06	0.0003517425528017	0.082545230230338	0.047375365397996	0.42036477948222	1.3085424650061e-06	8.9132317874329e-05	0.0019007724745293	0.012406590272584	9.5912631427722e-05	0.91177243478523
4	9.8625665122606e-06	1.3458336529146	5.2109962533797e-06	0	0.006455859269117	0.0086631700521177	0.01588826246785	0.041080675468794	0.012371887901214	0.002212901853873	6.1007319056585e-06	0.022817612903499	2.2708778411707e-05	0.21309730154811	0.61957710880013	0.013397027661955	0.022923710875731	1.894800924984e-06	0.00035240053806981	0.082594764534791	0.044830839367221	0.41807687681249	1.2504540252249e-06	8.7199748429134e-05	0.0018035277617924	0.012419181947734	9.0307492864708e-05	0.91181520534039
4.2	9.1418365938467e-06	1.3467507267705	4.8114077730914e-06	0	0.0059838461698144	0.0085998969440223	0.015910780905937	0.041207999860165	0.012389641013183	0.002041295166214	5.6158893715792e-06	0.022854709862268	2.0730656151516e-05	0.21512096364488	0.77253913993656	0.013411411231684	0.022941108628267	1.7467755355653e-06	0.00035589553061051	0.082665875521011	0.041879383321638	0.54248197529869	1.1530547946519e-06	7.5394740959538e-05	0.0016615851710724	0.012437364670817	7.3830024076155e-05	0.91187799299417
4.48	8.2338879374438e-06	1.3479293448108	4.3109565209377e-06	0	0.0053852451854806	0.0085114219085973	0.015942665217141	0.041371189726331	0.012411604757717	0.001823807458023	5.009068971924e-06	0.02289964012877	1.8331654075566e-05	0.19100600537019	0.57872564851779	0.013429187988173	0.022962419033243	1.5609678842887e-06	0.00035944510024486	0.082753626117735	0.037346111097063	0.41940261226385	1.042238006324e-06	6.6597017357794e-05	0.0014817209451115	0.012460020946444	6.1373445729717e-05	0.91195833310063
4.872	7.1372728412514e-06	1.3493864365963	3.7091030378154e-06	0	0.0046555793562769	0.0083878804972793	0.015987584698821	0.041576045326962	0.012438186134622	0.0015589705245593	4.2807097586562e-06	0.022953346252596	1.5550826203207e-05	0.16463595898271	0.50969060870272	0.01344991441127	0.022986791176943	1.3368989313628e-06	0.00036244107066876	0.08285532359984	0.032594272078138	0.40320856658962	9.3380190340704e-07	6.2080404816282e-05	0.0012627525739151	0.012486777196719	5.3624970899648e-05	0.91205712378564
5	6.8152168835054e-06	1.3498189344864	3.5333309734086e-06	0	0.0044408819839603	0.0083476580964448	0.016002251250421	0.04163816470299	0.012446096959346	0.0014811113589403	4.0674201103522e-06	0.022969277352664	1.4754510795863e-05	0.15793820939911	0.49378427135223	0.013455774402226	0.022993540621718	1.2714323975041e-06	0.00036304496346554	0.082883849561148	0.031402302835037	0.40346649895449	9.0442946522394e-07	6.0999867100067e-05	0.001198391617431	0.012494423966055	5.2020100589328e-05	0.91208633390562
5.2	6.34986016284e-06	1.3504553572976	3.2775704320862e-06	0	0.0041273545428556	0.0082849545565536	0.016025229462828	0.041730525425458	0.012457622916458	0.0013674801127792	3.7598616296137e-06	0.02299234862004	1.359019786933e-05	0.15734927566267	0.56088563267249	0.013464084921674	0.023002974943999	1.1758908166633e-06	0.00036389428418819	0.082924118474469	0.03030820574181	0.51653388038771	8.5614105463039e-07	5.4821798821471e-05	0.0011044739683329	0.012505363303199	4.7340203415195e-05	0.91212920226754
5.48	5.7644072473147e-06	1.3512719267951	2.957025517768e-06	0	0.0037297415192542	0.0081975082483569	0.016057520157679	0.041850877147536	0.012472225456136	0.0012235102866319	3.3743828030881e-06	0.023021387735723	1.2163703321006e-05	0.14324427698594	0.45215716995156	0.013474128847177	0.023014085934864	1.0559598544192e-06	0.00036443167948704	0.082972375651447	0.028235876624092	0.42148060660261	8.021836265277e-07	5.1079611035421e-05	0.00098550848000715	0.012518778861092	4.3766788173436e-05	0.9121839882561
5.872	5.0595133388414e-06	1.3522822862967	2.5716561296643e-06	0	0.0032450166776266	0.008075839520614	0.016102633658624	0.04200477176979	0.012490346961471	0.0010482578301565	2.9114966855383e-06	0.02305734651002	1.0489907655246e-05	0.12860697255128	0.41308929638883	0.013485409612485	0.02302593861822	9.1145794080124e-07	0.00036412429555697	0.083025598050592	0.02597194266184	0.41112058626493	7.4438633884859e-07	4.8792152736115e-05	0.00084074553567379	0.01253422492005	4.0906530251972e-05	0.91225141700389
6	4.8527864556961e-06	1.3525830277219	2.4591767840571e-06	0	0.0031023716751547	0.0080363273720532	0.016117312559642	0.042051919436472	0.01249579119173	0.00099674828455799	2.7760283261392e-06	0.023068148903578	1.0007446619309e-05	0.12486269595712	0.40356444665529	0.013488490344765	0.023028999977911	8.6926055697949e-07	0.00036378906619454	0.083039841891592	0.025375284332275	0.41184016614958	7.2786859737002e-07	4.8172943689835e-05	0.00079821019001851	0.012538541541025	4.0180161707654e-05	0.91227140452421
6.2	4.5556809768554e-06	1.3530264238321	2.295829008709e-06	0	0.0028940291813742	0.0079748203986694	0.016140185947473	0.042122517110264	0.012503792481169	0.00092158052454102	2.5809179737466e-06	0.02308399326158	9.3032544332271e-06	0.12496236244776	0.44556141257449	0.01349274404786	0.023033039539865	8.0781209248153e-07	0.0003617071323415	0.083059217110805	0.024980679691867	0.50972675756997	7.0167325812751e-07	4.5432329757121e-05	0.00073615162174674	0.012544613972838	3.8317188263096e-05	0.91230078762502
6.48	4.1840219079085e-06	1.3535973754958	2.0916800249456e-06	0	0.002629728106629	0.007889211377096	0.016172025505597	0.042215420342742	0.012514057756197	0.00082635399995021	2.3368944947863e-06	0.023104287457684	8.4348710660596e-06	0.11647013676156	0.37595601116732	0.013497647632646	0.023037297487262	7.3086303973904e-07	0.00035837115564058	0.083080928266337	0.023796412463241	0.43005102948089	6.7117743875803e-07	4.3489468202606e-05	0.00065755882723086	0.012551852602302	3.673681713064e-05	0.91233845685601
6.872	3.7412996353175e-06	1.3543095248672	1.8476037952099e-06	0	0.0023073370003561	0.0077704031910775	0.016215950141913	0.042335310335056	0.012526902244464	0.00071044545191388	2.0452232008886e-06	0.023129699343808	7.4111010008815e-06	0.10777048222825	0.35259193627853	0.013502684699807	0.023040819677066	6.3855684833294e-07	0.00035301101705479	0.083101867826066	0.022382187275568	0.42078802751392	6.3717517239906e-07	4.2164501725385e-05	0.00056194662467477	0.012559785146925	3.5286558397689e-05	0.91238514155578
7	3.611933807188e-06	1.3545230813111	1.7766330371613e-06	0	0.0022124143430111	0.0077318872945812	0.016230114614369	0.042372236856293	0.012530771923225	0.00067637896278732	1.9600518709016e-06	0.023137364819044	7.115568398309e-06	0.10554390668076	0.34681875978988	0.013503934086303	0.023041440018389	6.1167531684726e-07	0.00035111997447504	0.083106648246132	0.021990116993998	0.42111391046524	6.2734123041054e-07	4.1795160536299e-05	0.00053385770871319	0.012561897282248	3.4900456715484e-05	0.91239906953783
7.2	3.4290257167371e-06	1.3548397500713	1.6741800557446e-06	0	0.0020737164366114	0.0076719923551277	0.0162520072283	0.042427675402493	0.012536468362457	0.00062666436481078	1.8382237714517e-06	0.023148642660441	6.6862801999554e-06	0.10634348130024	0.37970569661537	0.013505520927813	0.023041925458832	5.727114647025e-07	0.00034641694228005	0.083112239742482	0.021809127313606	0.5071234169329	6.1165906114664e-07	4.0136737829658e-05	0.00049287903945332	0.012564757185893	3.3897136922343e-05	0.91241964742121
7.48	3.2038121678147e-06	1.355251445479	1.547253219162e-06	0	0.0018976455433622	0.0075887423717851	0.016282079827333	0.042500827267475	0.012543786272306	0.00056367806778087	1.6869759511588e-06	0.023163134071446	6.157652390453e-06	0.10087740038421	0.32980665721233	0.013507058726539	0.023041701560747	5.2420773922485e-07	0.00033967322091367	0.083116559677118	0.020934409392282	0.43605509991251	5.9331594594809e-07	3.8911780917121e-05	0.00044098599717604	0.012567937379148	3.3072428709058e-05	0.91244625100898
7.872	2.9428878559282e-06	1.3557733246676	1.3976467332196e-06	0	0.0016826345934147	0.0074734110406788	0.016322739038096	0.042595284988684	0.012552921127014	0.00048699692085532	1.5082993961252e-06	0.023181271620245	5.538182407337e-06	0.095437970820372	0.31531942449094	0.013508028940906	0.023039826237328	4.6655022790339e-07	0.00033013586399648	0.083116534077872	0.019821116627422	0.42670457492638	5.7303292354243e-07	3.8151865835414e-05	0.0003778579009439	0.012570962168562	3.2373424606429e-05	0.91247969648253
8	2.8672178521357e-06	1.3559319327065	1.3545174157433e-06	0	0.001619266918731	0.0074360666043807	0.01633565675912	0.042624366468311	0.012555664738941	0.00046445530978867	1.4562999784499e-06	0.023186733591944	5.3602040397549e-06	0.094083155419249	0.3118541839132	0.013508090725327	0.023038876193863	4.4984264939503e-07	0.00032704248782201	0.08311520914463	0.019502289716496	0.42658926581246	5.6720913868283e-07	3.7946811986055e-05	0.00035931219265509	0.012571640769832	3.2200168712093e-05	0.91248979485292
8.2	2.7644824805211e-06	1.3561694896409	1.2930465381122e-06	0	0.001526610513789	0.0073780340165163	0.016355391178845	0.042667951199082	0.012559687248727	0.00043155388999345	1.3829622674913e-06	0.023194746997385	5.1048278860657e-06	0.095375541437312	0.34033722023644	0.013507953892133	0.023037087623804	4.2581955911364e-07	0.00032096020425644	0.083111951880728	0.019381603240909	0.50478408323804	5.5777904561093e-07	3.6843851389027e-05	0.00033225519813435	0.012572418536135	3.1653713607722e-05	0.91250485045462
8.48	2.6422578992463e-06	1.3564832288834	1.2180416292e-06	0	0.0014088534656532	0.0072974486708733	0.016382021070918	0.042725250686081	0.012564816850351	0.00038985705236797	1.2928523510851e-06	0.023204987685189	4.7928753996344e-06	0.09173094473527	0.30183594233498	0.013507328185777	0.023034020473915	3.9611836994416e-07	0.0003126686506283	0.083105192151809	0.018618421152375	0.43876182162529	5.4701269591027e-07	3.6056353747207e-05	0.00029798923957885	0.012572981905838	3.1306028423318e-05	0.91252459641593
8.872	2.5074665410862e-06	1.3568905252677	1.131277422273e-06	0	0.0012647930455704	0.007185940284607	0.016417116667003	0.042798714875093	0.012571134675124	0.00033906882006529	1.1872124185652e-06	0.023217670309515	4.43168072096e-06	0.088348611590049	0.29324105579683	0.013505706473605	0.023028762718836	3.6101433321846e-07	0.00030172263269625	0.083091950379127	0.017616380136826	0.42889612257269	5.3570235698413e-07	3.5712001319265e-05	0.00025629776892172	0.012572865371225	3.1165863218432e-05	0.91254997489293
9	2.4681774063959e-06	1.3570165782809	1.1064166800105e-06	0	0.0012222710664869	0.0071498619291988	0.01642806859528	0.042821215849139	0.012573012323974	0.00032413224507462	1.1562014842975e-06	0.023221458660562	4.3284125582768e-06	0.08756593652437	0.29139650669578	0.013505016686804	0.023026837859731	3.5082680454632e-07	0.00029834355593084	0.083086807056513	0.017326830132177	0.4283710016417	5.3251741288488e-07	3.5627453730859e-05	0.00024404774511138	0.012572631493256	3.1158708758159e-05	0.91255776973138
9.2	2.4181191661394e-06	1.3572077209616	1.0715709422105e-06	0	0.0011600278186272	0.0070938221157403	0.016444597348442	0.042854793950461	0.012575736622219	0.00030232380675548	1.1126456442304e-06	0.023226968839265	4.1841931860651e-06	0.089220510774544	0.31741133027402	0.013503794803837	0.023023646582267	3.362881154063e-07	0.0002923247506663	0.083078041267311	0.017229336227404	0.50191594188452	5.2708929065727e-07	3.4839676298887e-05	0.00022617336470839	0.012572088773451	3.0904156293135e-05	0.91256952907011
9.48	2.3591194655971e-06	1.3574646465248	1.0287360652776e-06	0	0.0010807868981468	0.0070160498897759	0.016466540343512	0.042898679167154	0.012579156168757	0.00027467046992178	1.0578559875562e-06	0.023233920823598	4.0067534049113e-06	0.086742528007588	0.28603137019399	0.013501817894543	0.023018839796674	3.1798174359345e-07	0.00028443155269636	0.083064420545826	0.016534174844978	0.43860148938299	5.2112443244309e-07	3.4322849578059e-05	0.00020353142538593	0.012571000013281	3.0891061277574e-05	0.91258521769801
9.872	2.2900192887215e-06	1.3578058795805	9.7737796268053e-07	0	0.00098358540278222	0.0069085087788908	0.016494933424507	0.042954629092096	0.012583282117572	0.00024095825776749	9.89342175542e-07	0.023242397242767	3.7959627363167e-06	0.084717334716115	0.28167137994499	0.013498593034689	0.023011527082667	2.95424230081e-07	0.00027452252182762	0.083043014088555	0.015645563494607	0.42811511592375	5.1511585704244e-07	3.424873418254e-05	0.00017597216581147	0.012568907339616	3.1130182191958e-05	0.91260584244909
10	2.2674509742369e-06	1.3579131435639	9.620029332038e-07	0	0.00095483042017011	0.0068737294590864	0.016503705032638	0.042971732730727	0.012584491989754	0.00023103626366855	9.6807264857292e-07	0.023244905756466	3.733777613892e-06	0.084315221361697	0.28100076485489	0.013497441181661	0.023009011529229	2.8861621384127e-07	0.0002715672155824	0.0830355090009	0.015397251542753	0.42728572783139	5.1336658225741e-07	3.4234725626246e-05	0.00016787177909882	0.012568099898533	3.1225567381444e-05	0.9126122778965
10.2	2.2360996887681e-06	1.3580772291565	9.4066121159621e-07	0	0.00091267293076714	0.0068197200085284	0.016516895957605	0.042997267589014	0.012586226642074	0.00021654166821452	9.3658588832261e-07	0.023248521411202	3.6523239223935e-06	0.086184291390156	0.30523228098129	0.01349555487597	0.023004969516909	2.7896293614697e-07	0.00026642922010197	0.083023321385684	0.015366498951142	0.49864319202394	5.0978436109751e-07	3.3566471021545e-05	0.00015604924351607	0.012566726540727	3.1088223019863e-05	0.91262207575218
10.48	2.1912933685112e-06	1.3583002258533	9.1119280157283e-07	0	0.00085887031118574	0.0067447870738561	0.016534398822315	0.043030752070917	0.012588371218856	0.00019814658924228	8.9290370859652e-07	0.023253034672706	3.542527673951e-06	0.084392460350544	0.27826869808672	0.013492754047407	0.022999101465766	2.6569632120714e-07	0.00025982707230987	0.083005390884827	0.014802218569892	0.43668830272233	5.0554211440996e-07	3.3126739077712e-05	0.00014106713577244	0.012564593786507	3.1171493654406e-05	0.91263530228635
10.872	2.1228452357596e-06	1.3585999126076	8.7015435975412e-07	0	0.00079262105960329	0.0066412044417351	0.016557235895098	0.043073926601099	0.01259092968974	0.00017569076155768	8.3192411613564e-07	0.02325851215279	3.3935971969418e-06	0.083153266796608	0.27664403238952	0.01348855067451	0.022990511450241	2.475620603952e-07	0.00025170052277391	0.082978731077661	0.014127563604504	0.42593324754324	5.0055561903679e-07	3.309991222377e-05	0.00012281912770024	0.012561236542263	3.1423981512372e-05	0.91265292088806
11	2.0988351423226e-06	1.3586948361144	8.5676892021721e-07	0	0.0007729609902714	0.0066077120391722	0.016564361950739	0.043087268149912	0.012591676440471	0.00016907417899265	8.1227973366084e-07	0.023260133831506	3.3456787529045e-06	0.082960640571457	0.27667525044392	0.01348711540035	0.022987621921368	2.4176916163317e-07	0.00024930129134085	0.082969673974714	0.01395051169282	0.4250063462844	4.9893224938147e-07	3.308954338985e-05	0.0001174525426301	0.01256005760713	3.1502022040076e-05	0.9126584665691
11.2	2.0603935954178e-06	1.3588405263765	8.3876747174637e-07	0	0.00074407441372694	0.0065557059699441	0.016575186624805	0.043107384926076	0.01259274319304	0.00015940053907356	7.8241021403188e-07	0.023262471167916	3.2885264184414e-06	0.084876512715316	0.29931191902436	0.013484819071124	0.022983032850017	2.3380158099784e-07	0.00024496012998275	0.082955201304966	0.01403514782412	0.49580040555241	4.9534760939916e-07	3.2495935547006e-05	0.00010961683483041	0.012558141028963	3.1323713808172e-05	0.91266694491185
11.48	2.0028838323612e-06	1.3590393611134	8.1094080298578e-07	0	0.00070708292186326	0.0064835613316469	0.016589801157592	0.043134178157812	0.012594057174485	0.00014710816654038	7.3964910395214e-07	0.023265393415792	3.2007258541988e-06	0.083394286793905	0.27482655644878	0.013481504176477	0.022976466150176	2.2206451983015e-07	0.00023935726842469	0.082934324180497	0.013641384685043	0.43466780370927	4.9053667091219e-07	3.2023080949779e-05	9.9680672460721e-05	0.01255531504949	3.1269831212107e-05	0.91267845277654
11.872	1.9181501098675e-06	1.3593079714828	7.698263938545e-07	0	0.00066129688728811	0.0063838481498718	0.016609388253891	0.043169542405497	0.01259562787286	0.00013207262900879	6.8095598736856e-07	0.023268971073273	3.0680053925411e-06	0.082492939315649	0.27455503119638	0.013476678516281	0.022967008538752	2.0543434861482e-07	0.00023237211410432	0.082903971336258	0.013186416756367	0.42402441842232	4.8434539213355e-07	3.1920782323976e-05	8.7566397678537e-05	0.012551100931791	3.1266347856935e-05	0.91269388781821
12	1.8904863407325e-06	1.359393409405	7.5636559316775e-07	0	0.00064765180420517	0.006351610511735	0.016615617270328	0.043180651172645	0.012596087168658	0.00012763515659352	6.6259238592304e-07	0.023270037511983	3.0236142917645e-06	0.082380293414681	0.2748778392842	0.013475060316995	0.022963859789374	2.0012116153562e-07	0.00023028487914345	0.082893804879134	0.013072994284467	0.42313567320886	4.8234043026066e-07	3.1887821151845e-05	8.400069552279e-05	0.012549667109727	3.1259803613268e-05	0.91269877253328
12.2	1.8471752662589e-06	1.3595248195748	7.3782416090356e-07	0	0.00062754440897883	0.0063015557638252	0.0166251953635	0.043197595666231	0.012596745759649	0.00012113997568145	6.3519624126388e-07	0.023271587115398	2.9659580142088e-06	0.084242138429632	0.29623430206682	0.013472494613645	0.0229588857038	1.9263909405222e-07	0.0002262325672396	0.082877684684961	0.013251621578686	0.49395187047826	4.7845415854111e-07	3.1444776137676e-05	7.8791348525488e-05	0.012547374259964	3.1054506262719e-05	0.91270626217698
12.48	1.7865363224927e-06	1.3597047935901	7.1051049993581e-07	0	0.00060167896302971	0.0062321241271183	0.016638338750993	0.04322050927372	0.012597560285815	0.00011287160117731	5.9763898740122e-07	0.023273544910725	2.8796821326652e-06	0.082866847983381	0.27307542837413	0.013468832478047	0.022951818663859	1.820907665195e-07	0.00022091782368045	0.082854667065812	0.012978483010513	0.43339565801676	4.7302239761033e-07	3.0967117935251e-05	7.217938586383e-05	0.012544063780375	3.0876425136507e-05	0.91271647521971
12.872	1.7043702259518e-06	1.3599493002714	6.7234175838141e-07	0	0.00056944559582339	0.0061361726304203	0.016656303218707	0.043251311764029	0.012598534862979	0.00010272984159243	5.487324039057e-07	0.023275964612526	2.7543411367413e-06	0.082096429013315	0.27343433756371	0.013463574216788	0.022941733098237	1.6785359073043e-07	0.00021413346419373	0.082821625409544	0.012656293120505	0.42291173244134	4.6606585280264e-07	3.08152326314e-05	6.4106248872322e-05	0.012539247957689	3.0673799521421e-05	0.9127302719275
13	1.6787190867436e-06	1.3600274317021	6.6027260111393e-07	0	0.00055978657285694	0.0061051540700973	0.016662084323547	0.043261099772179	0.012598818948563	9.9729769106907e-05	5.3385543137391e-07	0.023276688748878	2.713574801378e-06	0.082014135981651	0.27387786257359	0.013461826867938	0.022938396208477	1.6343782668727e-07	0.00021207120967891	0.082810651959729	0.012578114662272	0.42206437308478	4.6387574103432e-07	3.0771004139028e-05	6.1727118544365e-05	0.012537635025014	3.0608302704099e-05	0.91273466323241
13.2	1.6396604151654e-06	1.3601479486795	6.4200907102559e-07	0	0.00054549952421747	0.0060569948144627	0.016671030415305	0.043276136101061	0.012599226581336	9.533145743818e-05	5.1152945304874e-07	0.023277748142212	2.6503487105666e-06	0.083824345202659	0.29443129883558	0.013459068295417	0.022933142042993	1.5665211245527e-07	0.00020796381005583	0.082793336063528	0.012805590401937	0.49291433257955	4.5991790221444e-07	3.0408479494219e-05	5.824833376384e-05	0.012535077448587	3.0408540475535e-05	0.91274142044207
13.48	1.587110365367e-06	1.360313736763	6.1751050193871e-07	0	0.00052701531089559	0.005990197752766	0.016683398350141	0.043296646690238	0.012599729739115	8.9718313684986e-05	4.8241685374122e-07	0.023279097049636	2.5639992011614e-06	0.082499768720216	0.27202137455959	0.013455152282242	0.022925710370724	1.4781684916892e-07	0.00020251207439093	0.082768772852081	0.01259171115219	0.43270092978451	4.5432152170134e-07	2.9932650753993e-05	5.3826951518392e-05	0.012531426468885	3.0180461289422e-05	0.91275068510737
13.872	1.5183450625975e-06	1.360540430178	5.8558653667218e-07	0	0.00050378251735881	0.0058978971087745	0.016700436911961	0.043324491036124	0.012600323776353	8.2806762347312e-05	4.4566130087639e-07	0.02328076797573	2.4489950754572e-06	0.08181072912933	0.27276245455549	0.013449571319414	0.022915168808637	1.3664201434372e-07	0.00019544844558598	0.082733803705885	0.012330626119391	0.42227956403973	4.4718547003192e-07	2.9763918690868e-05	4.841722940142e-05	0.012526189659478	2.9889696450154e-05	0.91276329916196
14	1.4971565799192e-06	1.3606132178815	5.7578201729519e-07	0	0.00049677303581125	0.0058680610719715	0.016705943840097	0.043333393199001	0.012600494152197	8.0755726037382e-05	4.3460688976755e-07	0.023281267108744	2.4131811336046e-06	0.081751287559468	0.27329093614401	0.013447726566033	0.022911695800047	1.3327092716677e-07	0.00019328149160729	0.082722254242935	0.01226815661607	0.42144198362605	4.4496733674108e-07	2.9718222915038e-05	4.6820235147401e-05	0.012524451779242	2.9798042526302e-05	0.91276733740948
14.2	1.4651808838963e-06	1.3607258382845	5.600099546402e-07	0	0.00048635718669954	0.0058217399540591	0.016714483065595	0.043347115016755	0.01260073475556	7.774213515103e-05	4.1780543914064e-07	0.023281995191437	2.3527290634719e-06	0.083537770038666	0.29335846326857	0.013444822496021	0.022906240364739	1.2778651799181e-07	0.00018905737974568	0.082704088311243	0.012516606796368	0.49227974533029	4.4096677179205e-07	2.9345636432029e-05	4.4482264613854e-05	0.012521710318671	2.9583651140863e-05	0.91277357448864
14.48	1.4226858846549e-06	1.3608814556213	5.3992307686782e-07	0	0.00047278714373833	0.0057574965563022	0.01672631302035	0.043365907607707	0.01260102301911	7.3882989180278e-05	3.9647136035009e-07	0.023282916081045	2.2745320689988e-06	0.082250460064961	0.27139346686255	0.013440715520435	0.02289854912692	1.209680018835e-07	0.00018343231931467	0.08267843174281	0.012327385159876	0.43222594370811	4.3532339629768e-07	2.886672435728e-05	4.1505157695413e-05	0.012517823965429	2.9323274051172e-05	0.91278217208887
14.872	1.3674074405918e-06	1.3610955151484	5.146882675297e-07	0	0.00045555573088496	0.0056687320031547	0.016742638478731	0.043391539910248	0.012601345262881	6.9106304756968e-05	3.6981408086585e-07	0.023284041711194	2.1758149229431e-06	0.081623268077858	0.27239014804492	0.013434892247935	0.022887685777207	1.1265767124069e-07	0.00017612801584703	0.08264210486439	0.012091041036148	0.42179678306487	4.2813195673602e-07	2.8696729639741e-05	3.7851861700751e-05	0.012512297309639	2.8987739950199e-05	0.9127939622974
15	1.3503536530187e-06	1.3611645353287	5.0703408836112e-07	0	0.00045031514160878	0.0056400406553062	0.016747918681143	0.043399759657775	0.012601432824778	6.7682752175169e-05	3.618054945165e-07	0.023284373747934	2.1458787542746e-06	0.08158283358068	0.2729839250766	0.013432974319428	0.022884117125321	1.1018520519832e-07	0.00017388733284632	0.082630150356163	0.012034928295101	0.42095238039849	4.259098946995e-07	2.8653254522375e-05	3.6770758733592e-05	0.012510473550624	2.8883124288551e-05	0.91279775594972
15.2	1.3246362145309e-06	1.3612716130782	4.9442228531636e-07	0	0.00044248609015194	0.005595498248822	0.016756106612484	0.043412448587291	0.012601549265587	6.5584979996114e-05	3.4955371260202e-07	0.023284850387863	2.0941020659298e-06	0.083355187457264	0.29268612123743	0.013429961551897	0.022878521200888	1.0607282448574e-07	0.00016963081141336	0.082611387701311	0.012291813255511	0.49178783205409	4.2185185520284e-07	2.8257832358969e-05	3.5185367017414e-05	0.012507606146683	2.8649083445611e-05	0.91280363417862
15.48	1.2904214026149e-06	1.3614201321906	4.7862841298788e-07	0	0.00043220436699476	0.0055337247271331	0.016767445435241	0.043429855333257	0.01260167324612	6.2886422996562e-05	3.3409971102659e-07	0.023285436823802	2.0286372369972e-06	0.082096776374175	0.27103133931071	0.013425713382934	0.022870650473812	1.0104520457931e-07	0.00016397960028467	0.08258496485202	0.012112339991146	0.43180116716148	4.1615103421964e-07	2.7781392237443e-05	3.3161241895961e-05	0.012503559139819	2.8364382700739e-05	0.91281177406265
15.872	1.2456751268772e-06	1.3616254313124	4.5895315813084e-07	0	0.00041899749154505	0.0054483779567009	0.016783077151382	0.043453644888379	0.012601781752783	5.9523372904191e-05	3.1476311398288e-07	0.023286124131545	1.9477372427779e-06	0.081520580138694	0.27223107585147	0.013419712604896	0.0228595664708	9.4985913288563e-08	0.00015668322048998	0.082547687336797	0.01188540951956	0.4213322894025	4.0887003482967e-07	2.7614969419107e-05	3.0667307316964e-05	0.012497835095779	2.8000102629112e-05	0.91282300262603
16	1.2317837312252e-06	1.3616918502402	4.5298536391363e-07	0	0.00041494526258743	0.0054207924774187	0.016788128539691	0.043461283658112	0.012601803021731	5.8515572632257e-05	3.0893076238068e-07	0.023286319487235	1.9234327798235e-06	0.081496643227984	0.27288117971215	0.013417741277768	0.022855932529432	9.3187113566274e-08	0.00015445610133217	0.082535449266529	0.011831688248795	0.42047417663929	4.0662872497343e-07	2.757418360606e-05	2.992683002893e-05	0.012495952910874	2.7887254435583e-05	0.91282663027306
16.2	1.2107883155823e-06	1.3617951143813	4.4306254275828e-07	0	0.00040885623899424	0.0053779679749928	0.016795954106072	0.043473081044381	0.012601818859884	5.702485757338e-05	2.9997679533616e-07	0.023286588009823	1.8811121348445e-06	0.083258751980828	0.29228184854484	0.01341464959548	0.022850241182264	9.0171267359118e-08	0.00015027329846569	0.082516269076178	0.012091858321239	0.49133869155596	4.0248287830252e-07	2.7155013130987e-05	2.8838446901981e-05	0.012492999990993	2.7638786178722e-05	0.91283226582735
16.48	1.182690272972e-06	1.3619387787202	4.3064310084799e-07	0	0.00040079079755465	0.0053185789795698	0.016806772088651	0.04348926815999	0.012601807451047	5.5096131324359e-05	2.8865047737624e-07	0.023286893042741	1.8279324800137e-06	0.082026002211588	0.27088322287633	0.013410299777672	0.022842249509046	8.6492163901221e-08	0.00014474929988886	0.082489310542359	0.011915882817313	0.43136282855553	3.9667076435461e-07	2.6678168781947e-05	2.74438912622e-05	0.012488844174639	2.7336204953489e-05	0.91284009808597
16.872	1.1455993059966e-06	1.3621381445864	4.150883529113e-07	0	0.00039030467922171	0.0052365302899942	0.0168216467377	0.043511394010599	0.012601735877691	5.2671760936707e-05	2.7437205740483e-07	0.023287203689648	1.7624097587572e-06	0.081498861044103	0.27228511349959	0.013404172315555	0.022831018318102	8.2046831900837e-08	0.00013767247893344	0.082451369527974	0.011691481759729	0.42083053123781	3.8921359687706e-07	2.6511317640434e-05	2.5716274968052e-05	0.012482986857178	2.6949463577948e-05	0.91285095299291
17	1.1339925079748e-06	1.3622028163376	4.1034116505735e-07	0	0.00038705785830116	0.0052100115961052	0.016826444480557	0.043518498837966	0.012601700394131	5.1940274674521e-05	2.7003552173878e-07	0.023287279800847	1.7427046406233e-06	0.08149137627271	0.27299419914689	0.01340216305787	0.022827341155065	8.0721333642251e-08	0.00013552460257086	0.082438933820947	0.011638230196893	0.41995272439238	3.8692351075017e-07	2.6472066495779e-05	2.5201046312873e-05	0.012481065321909	2.6829855324986e-05	0.9128544711568
17.2	1.116389893302e-06	1.3623035389839	4.0241096011071e-07	0	0.00038215020485703	0.0051688439680097	0.016833864456963	0.043529467025075	0.012601629170848	5.0853270717536e-05	2.6335538991747e-07	0.023287364900275	1.7082964454463e-06	0.083248328666692	0.29214966392588	0.0133990155916	0.022821587100835	7.849031874073e-08	0.00013148369647548	0.08241946321154	0.011899181983617	0.49088998128226	3.8262301279127e-07	2.6014510929127e-05	2.4441428628114e-05	0.012478054974059	2.6568219118089e-05	0.91285994794039
17.48	1.0926517068022e-06	1.3624440155231	3.9242566645879e-07	0	0.0003755936060336	0.0051117542071987	0.016844091953042	0.04354449967611	0.012601498707527	4.9437012051184e-05	2.5484325640014e-07	0.023287418175256	1.6649617214811e-06	0.082041277509595	0.27097726022518	0.013394594513683	0.022813516990917	7.5755860361795e-08	0.00012617208191441	0.082392133687742	0.011723116317712	0.43086544704516	3.7660177360483e-07	2.5525557535038e-05	2.34635344973e-05	0.012473826472712	2.6248151365519e-05	0.91286758193285
17.872	1.0609753594101e-06	1.3626395848337	3.7977790294201e-07	0	0.00036696757015975	0.0050328846334082	0.016858096470625	0.043565014111674	0.012601265285025	4.7638473388305e-05	2.439900195518e-07	0.023287384914619	1.6112134491771e-06	0.08156603619734	0.27260377929485	0.013388379229657	0.022802192376921	7.2419943925654e-08	0.00011941009336023	0.082353736720458	0.011496624301726	0.42024124859475	3.6882932691868e-07	2.5350499946425e-05	2.2243480079002e-05	0.012467880914769	2.5837579092925e-05	0.9128782022605
18	1.0509782185617e-06	1.3627031644169	3.7588340640598e-07	0	0.00036427327949345	0.0050073940270589	0.016862600347326	0.043571593553183	0.012601177981215	4.7091446640153e-05	2.4066372244286e-07	0.023287350542615	1.594942674974e-06	0.081576429892023	0.27338071126361	0.013386343893812	0.022798488294035	7.1417063135569e-08	0.00011736646311015	0.082341166143628	0.011442425182608	0.41933646624643	3.66445310532e-07	2.531115467249e-05	2.1877540144057e-05	0.012465933529668	2.5710444862005e-05	0.91288165331419
18.2	1.0357600709262e-06	1.3628023326351	3.6935289977917e-07	0	0.00036017801431505	0.0049678229807727	0.016869548192107	0.043581736972611	0.012601026327711	4.627419189063e-05	2.3551871334915e-07	0.023287263838797	1.5664629364264e-06	0.083333798994365	0.29233713000274	0.013383158372829	0.022792695856666	6.9723210923684e-08	0.00011349785376802	0.082321498740086	0.011702319746035	0.49040790475922	3.6189562184904e-07	2.4798179293501e-05	2.1335920081781e-05	0.012462885737995	2.5432429608211e-05	0.9128870348987
18.48	1.0150728518563e-06	1.362940938805	3.6106092871909e-07	0	0.00035466285003492	0.0049129484451239	0.016879084019785	0.04359560322859	0.012600783988651	4.520083586949e-05	2.2889847389716e-07	0.023287077569319	1.5303678510684e-06	0.082153504227799	0.27136732500475	0.01337868935944	0.022784579263453	6.7630156630881e-08	0.00010843009412682	0.082293921166148	0.011523056523437	0.43026292041578	3.5553732998203e-07	2.4286138937321e-05	2.0634507206706e-05	0.012458610494477	2.5090627288689e-05	0.91289455489324
18.872	9.8716908104379e-07	1.3631344463215	3.5041738801536e-07	0	0.00034732794054289	0.0048371412431705	0.01689206184527	0.043614457185727	0.012600395123964	4.3821973977693e-05	2.2034046126208e-07	0.023286710514238	1.4850995790832e-06	0.081735385005351	0.27325251191471	0.013372416314296	0.022773202408635	6.5041939611327e-08	0.00010200807643918	0.082255226353368	0.011290118941551	0.41951233040423	3.4727770774749e-07	2.4096368020887e-05	1.9751635222369e-05	0.012452609532634	2.4650120591862e-05	0.91290505052935
19	9.7828997759326e-07	1.3631974765918	3.4710830629438e-07	0	0.00034501893786046	0.0048126408423987	0.016896217423773	0.043620488117636	0.012600257295722	4.3398869722351e-05	2.1769013956639e-07	0.023286567434649	1.4712729169267e-06	0.081765919769406	0.27410944459343	0.013370364151814	0.022769484089746	6.4255741151514e-08	0.00010007322352378	0.0822425694989	0.011233600166591	0.41857213403032	3.4474662095816e-07	2.405561776746e-05	1.9484964718029e-05	0.012450646265819	2.4513447659868e-05	0.91290846860977
19.2	9.647304137548e-07	1.3632959197385	3.415410488557e-07	0	0.00034149195478633	0.0047746074394363	0.016902604521179	0.043629763052502	0.012600026348671	4.2763067337428e-05	2.1357238341962e-07	0.02328630998275	1.4470160017309e-06	0.083528836338754	0.29289835432461	0.013367154496778	0.022763672396962	6.2922942555048e-08	9.6398272758837e-05	0.082222778584847	0.011490736005486	0.4898599775872	3.3985174150901e-07	2.3476906845847e-05	1.9088398781674e-05	0.012447575914177	2.4214411434408e-05	0.91291380688808
19.48	9.4616649262257e-07	1.3634337839175	3.3441088595074e-07	0	0.00033670884737888	0.0047218661543221	0.016911317116156	0.04364238655993	0.012599671991065	4.1920832681347e-05	2.0821701231462e-07	0.023285882310725	1.4160364845676e-06	0.082376425702941	0.27211013897519	0.013362656028034	0.022755534842393	6.1259889354578e-08	9.1599605512616e-05	0.082195050749103	0.011305221114101	0.42951084249344	3.3303513390582e-07	2.293660458877e-05	1.8571147963154e-05	0.012443273504981	2.3845486606727e-05	0.91292128296978
19.872	9.2089871325588e-07	1.3636267542498	3.2514059095506e-07	0	0.00033028817440016	0.0046490076575753	0.016923070091831	0.043659446165736	0.012599124526377	4.0825711022546e-05	2.0119447342736e-07	0.023285173232102	1.3767125478924e-06	0.082021867161072	0.2742955826879	0.013356349393783	0.022744139377594	5.9172046847355e-08	8.5547345768832e-05	0.08215618672269	0.011061588655705	0.41859488859857	3.2414050907939e-07	2.2729122773125e-05	1.7913237419197e-05	0.012437242395186	2.3368660522972e-05	0.91293174767234
20	9.1280257168766e-07	1.363689720925	3.2223300323449e-07	0	0.00032825360102266	0.0046254606315602	0.016926809640151	0.043664879053234	0.012598934503168	4.0486603246011e-05	1.989968245547e-07	0.023284917548241	1.3645932755637e-06	0.082075237838683	0.27524659886525	0.013354287932541	0.022740417350462	5.8530857556246e-08	8.3730309355662e-05	0.082143483782651	0.011001441138064	0.4176102376624	3.2142045660521e-07	2.2686311402188e-05	1.7712887630018e-05	0.012435271025465	2.3220613235756e-05	0.91293516243814
20.2	9.0041509038597e-07	1.3637881889435	3.1733076870294e-07	0	0.0003251330154943	0.0045889076130754	0.016932527092418	0.043673201941963	0.012598620915915	3.997400994165e-05	1.955690401007e-07	0.023284481866755	1.3433004243576e-06	0.083847714089085	0.29388307228689	0.01335106555829	0.0227346024443	5.7440217160654e-08	8.0282973161451e-05	0.082123630602814	0.011254347894783	0.48921722691186	3.1611451421089e-07	2.2037700777758e-05	1.7413322962167e-05	0.012432189840496	2.289700735036e-05	0.91294050299179
20.48	8.8336834071078e-07	1.3639263449879	3.1100505436038e-07	0	0.00032087664235696	0.0045382200151656	0.016940257941931	0.043684453872093	0.012598148438892	3.9289144559488e-05	1.9106598919134e-07	0.023283799681544	1.3159112922428e-06	0.082723470859646	0.27325610554092	0.013346552950262	0.022726465631383	5.6065937443032e-08	7.580105573215e-05	0.082095835364522	0.011059838480634	0.42857060953525	3.0877013077523e-07	2.1468811961056e-05	1.7019410153578e-05	0.012427875895205	2.2497653957668e-05	0.91294799759081
20.872	8.6002451443059e-07	1.3641201959918	3.0269425477078e-07	0	0.00031511978864677	0.0044682000176666	0.016950553759601	0.043699518561201	0.012597431481192	3.8388039647971e-05	1.8508602984087e-07	0.023282725930513	1.2807763989723e-06	0.082438639258221	0.27578723814219	0.01334023303305	0.022715080635757	5.4315531329191e-08	7.0186414506417e-05	0.082056912992988	0.010801886902086	0.4174478695432	2.9918241785557e-07	2.1243659812279e-05	1.6512511135804e-05	0.012421835149602	2.198208798269e-05	0.91295851625979
21	8.5250833593147e-07	1.3641835548058	3.0006992239976e-07	0	0.00031328591526244	0.0044455706802109	0.016953799368784	0.04370428377179	0.012597185211464	3.810656717968e-05	1.8319768999273e-07	0.023282349358056	1.2698678023276e-06	0.082517453048103	0.27684701299252	0.013338168654036	0.02271136410116	5.3772605388306e-08	6.8509528200086e-05	0.082044198998893	0.010737051958956	0.41640976343365	2.9626276168903e-07	2.1198729578754e-05	1.6356766554382e-05	0.012419862069925	2.1822321829257e-05	0.9129619548421
21.2	8.4100541426622e-07	1.3642827542233	2.9564349105122e-07	0	0.0003104639884903	0.0044104425839895	0.016958723612585	0.043711541541099	0.012596782058869	3.7678719094468e-05	1.8024499632326e-07	0.023281721438521	1.2506992572702e-06	0.084301495164702	0.29532736307326	0.0133349432891	0.022705560087506	5.2847026811153e-08	6.5338070553968e-05	0.082024337263713	0.010984788707437	0.48845634149036	2.9053784750172e-07	2.0478785176468e-05	1.612252943589e-05	0.012416779758772	2.1473430435656e-05	0.91296733957928
21.48	8.2513321540703e-07	1.3644221794011	2.8990031753495e-07	0	0.00030659755429092	0.0043617316311911	0.016965296616308	0.043721256029806	0.012596180667925	3.7102499614812e-05	1.7633463945741e-07	0.023280763219184	1.2259082473935e-06	0.083203730745226	0.27484030440489	0.013330429679348	0.022697443228685	5.167090557074e-08	6.1240469621109e-05	0.081996547789745	0.010779321529508	0.42741322411857	2.8268505058469e-07	1.9883340304856e-05	1.5811855770471e-05	0.012412467329337	2.1044712987395e-05	0.91297491037291
21.872	8.0334059471233e-07	1.3646182511881	2.8230142004418e-07	0	0.00030133739949357	0.0042944434445396	0.016973885186302	0.043734082624111	0.012595277420752	3.6336103305692e-05	1.7109298558913e-07	0.023279291873291	1.1938643185867e-06	0.082992773091415	0.27776184969426	0.01332411398341	0.022686094564342	5.0155076548788e-08	5.6156434122298e-05	0.081957665508899	0.010504733757262	0.4160423623915	2.724820638333e-07	1.9642382929637e-05	1.5407202415724e-05	0.012406434225452	2.0494730715849e-05	0.91298556160084
22	7.9630574920012e-07	1.3646824319719	2.7989177367839e-07	0	0.00029965495228745	0.0042726972518599	0.016976554860434	0.043738098876121	0.012594969091367	3.6094832859836e-05	1.6942684947924e-07	0.023278783142774	1.1838655234658e-06	0.08309897787309	0.27894412273458	0.013322052196202	0.022682391715564	4.9681281215801e-08	5.4649153674418e-05	0.081944971628373	0.010434618581318	0.41494256292591	2.6939557497648e-07	1.9595695453297e-05	1.5281739490898e-05	0.012404464845782	2.0325166318946e-05	0.91298904909883
22.2	7.8555328182043e-07	1.3647830265209	2.7583334212179e-07	0	0.00029705961034245	0.0042389403884562	0.016980558058514	0.043744162919878	0.012594466883627	3.5726284344438e-05	1.6681976036754e-07	0.023277944737693	1.1663189728112e-06	0.084893653180429	0.29724319461025	0.013318832237971	0.02267661114155	4.8873080381986e-08	5.1805653091609e-05	0.081925149085471	0.010677086131678	0.48756165883936	2.6332107404403e-07	1.8806006179726e-05	1.5091934431683e-05	0.012401389634345	1.9954335957887e-05	0.91299451667354
22.48	7.7071114751948e-07	1.3649246307064	2.7055059188049e-07	0	0.0002934914600676	0.0041921314875498	0.016985795954188	0.043752158370509	0.012593722621313	3.5226460762765e-05	1.6334826244341e-07	0.023276683974721	1.1435518717307e-06	0.083817723780647	0.27687274416628	0.013314328931158	0.02266853124416	4.7839798929839e-08	4.8161967001027e-05	0.081897430145019	0.010459968381025	0.42602376741092	2.550897630814e-07	1.8188341603787e-05	1.4838039210723e-05	0.012397089770495	1.9502994555059e-05	0.91300221645697
22.872	7.5034204734473e-07	1.3651241488584	2.6353577790381e-07	0	0.00028861575790032	0.0041274717730265	0.016992436028025	0.043762494356025	0.012592612760319	3.4555484068287e-05	1.5866928822136e-07	0.023274777051616	1.1139991748051e-06	0.083681120372869	0.2802230584405	0.01330803236675	0.022657241516728	4.6497086901771e-08	4.3697216012704e-05	0.081858674120886	0.010168420607454	0.41436737509542	2.4450379295179e-07	1.7935120256086e-05	1.4503438076496e-05	0.012391078837627	1.8930777256348e-05	0.91301307102758
23	7.4376373404914e-07	1.3651895388133	2.6130744815694e-07	0	0.0002870515749388	0.0041065752552928	0.016994453158718	0.043765680340755	0.012592235626901	3.4342858738452e-05	1.5717629397667e-07	0.023274123704962	1.1047543731008e-06	0.08381544471799	0.28153870893265	0.013305977817513	0.022653559431777	4.6075318622506e-08	4.2385968913953e-05	0.081846027352419	0.010093109743403	0.41319944973998	2.4132969512227e-07	1.7887409242403e-05	1.439879757873e-05	0.012389117674518	1.8755804511294e-05	0.91301662973122
23.2	7.337325490308e-07	1.3652921175779	2.5756646612311e-07	0	0.00028463424167136	0.0040741375858534	0.016997418997918	0.043770425797103	0.012591623724525	3.4016732881081e-05	1.548424492609e-07	0.023273055356606	1.0885774532179e-06	0.085616102626233	0.29960793426801	0.013302770275777	0.022647813006534	4.5356863756006e-08	3.991473553102e-05	0.081826284898643	0.010331341395472	0.48652876232208	2.3506272545526e-07	1.7037782828384e-05	1.423962178844e-05	0.012386056370449	1.8371319620629e-05	0.91302221398635
23.48	7.1990690649791e-07	1.3654366865721	2.5269042315375e-07	0	0.00028130246246588	0.0040291583912259	0.017001167720178	0.043776534408401	0.012590721701089	3.3571898289539e-05	1.5172576142557e-07	0.023271465246863	1.0675611588307e-06	0.084553676359286	0.27932775561892	0.013298286521386	0.022639784251674	4.4434828658466e-08	3.6779994711564e-05	0.081798690768459	0.010103647624964	0.42440824761938	2.2669983835368e-07	1.6407387364306e-05	1.4025019050702e-05	0.012381778051951	1.7910259486517e-05	0.91303008777416
23.872	7.0098662436293e-07	1.3656406622567	2.462112143204e-07	0	0.00027673512508166	0.0039670268325585	0.017005664832119	0.043784163556422	0.012589384900694	3.2970229509698e-05	1.4751695765661e-07	0.023269086957629	1.0402454634009e-06	0.084486623514923	0.28313064646574	0.013292020851424	0.022628571552672	4.3231112989171e-08	3.2996358033712e-05	0.081760130518513	0.009797506345133	0.41243902861247	2.1611116146467e-07	1.6148196908777e-05	1.3739182426096e-05	0.01237580071172	1.7335614717998e-05	0.9130412033844
24	6.9028608316844e-07	1.3657071290708	2.6186554240307e-07	0	0.00027326616843848	0.0039502765952815	0.017007008957529	0.043786216453048	0.012588860014288	3.2542806613603e-05	1.4537635810716e-07	0.023268135075023	1.0506081106506e-06	0.08451819350699	0.2843744719246	0.013289965684105	0.02262490184226	4.4236244611082e-08	3.1885072707458e-05	0.081747573080437	0.0096685387588511	0.41114148770708	2.154434279119e-07	1.6243150417288e-05	1.3552442115077e-05	0.012373855032622	1.7608008815426e-05	0.91304488591523
24.2	6.8920609142475e-07	1.3630561136107	4.0128795241819e-07	0	0.00027591611863064	0.0059201045853916	0.016974395980866	0.043702177470275	0.012563045972126	3.2827359927508e-05	1.4433052484304e-07	0.02322050411165	1.3354414915535e-06	0.087176850118235	0.30438155539746	0.013260003363896	0.022573618685085	5.4616689223541e-08	2.9857227669742e-05	0.081562902250674	0.010233297055993	0.48577814597531	2.3070377362908e-07	1.6179748877252e-05	1.3651996069828e-05	0.012345833032472	2.0603651518024e-05	0.91287790969436
24.48	7.2967736905969e-07	1.3593675569391	4.9024436392422e-07	0	0.00029580315723359	0.0086386027611333	0.016928325915064	0.043585991780826	0.012527457303933	3.5136095358525e-05	1.5085757945669e-07	0.023154891142748	1.6016949253774e-06	0.087694882248564	0.28601081923515	0.013218360059303	0.022502283255293	6.130465615331e-08	2.7390040103718e-05	0.081305608275233	0.010588470735955	0.42337703934591	2.3814866011585e-07	1.5883159511474e-05	1.4577081110167e-05	0.012306785956444	2.2235591145595e-05	0.91264401162739
24.872	8.5911561821884e-07	1.3542570169452	5.5463731223155e-07	0	0.00035111842656726	0.012368851683112	0.016863415438523	0.043425135985379	0.012478254340978	4.1612800036514e-05	1.7517888805987e-07	0.023064214401239	1.8659854619183e-06	0.089533256817949	0.29410163259126	0.013160661617238	0.022403318298206	6.8072369876772e-08	2.4552596957725e-05	0.080948654602489	0.010854055678418	0.4112041995502	2.4163836505675e-07	1.5909235745781e-05	1.7206695136478e-05	0.012252591900299	2.2874998722795e-05	0.91231687867752
25	9.1645926079235e-07	1.352603148868	5.736147652261e-07	0	0.00037496980669061	0.013568155491155	0.01684218232589	0.043373084046042	0.012462320944759	4.4411364393724e-05	1.8634063616556e-07	0.023034854010919	1.9466330183201e-06	0.090215847623758	0.29691312507724	0.013141982532422	0.02237124979296	7.0668574163773e-08	2.3760646422123e-05	0.080833085247544	0.010907533822184	0.4098096360571	2.4274513413568e-07	1.5965563638618e-05	1.8346593001175e-05	0.012235036954473	2.2964107138654e-05	0.91221024568692
25.2	1.0112947043228e-06	1.3527369608647	4.521826745447e-07	0	0.00041310683096643	0.013461127164648	0.016842704422737	0.04337800474203	0.01246217853234	4.8888296016621e-05	2.0547208796836e-07	0.023034687481673	1.7676497909174e-06	0.092594991020501	0.32106656579103	0.013139178061993	0.022366029374848	6.3473530251572e-08	2.2219440634579e-05	0.080815119307278	0.011052975426487	0.48639957965456	2.2077227081176e-07	1.4628160683403e-05	2.0171468948342e-05	0.01223221001811	1.9363892376337e-05	0.91221652693232
25.48	1.1270800124479e-06	1.3529359564901	4.0259268785059e-07	0	0.00046046297754051	0.013312823614181	0.016843304290777	0.043383738562001	0.012461614174465	5.4447052331146e-05	2.2989658248075e-07	0.023033711265888	1.6689296496437e-06	0.090836140370713	0.29758144027672	0.013135315078953	0.022358830047544	6.3492010578203e-08	2.0287580898189e-05	0.080791107806733	0.010420537862527	0.41958762973825	2.0665842360054e-07	1.402075806873e-05	2.2437058858422e-05	0.012228408474742	1.7193289427589e-05	0.91222609249465
25.872	1.2585383927126e-06	1.3532299939096	4.1341620539475e-07	0	0.00051629793453778	0.013108098843083	0.016843716467163	0.043391270408376	0.012460652487591	6.1000264171198e-05	2.5797651273139e-07	0.023031986430474	1.6899468394437e-06	0.089924326601175	0.30082520844773	0.013130055869134	0.022349017851423	6.9442734024618e-08	1.8035612408261e-05	0.08075917431222	0.0097415947688097	0.40608258634742	1.9952539705854e-07	1.3985210832049e-05	2.5107462386541e-05	0.01222331443566	1.6151923835774e-05	0.91224054720394
26	1.2957702086786e-06	1.3533288443294	4.2288392978609e-07	0	0.00053226521707042	0.013041960655308	0.016843747024369	0.043393755962385	0.012460339991276	6.2874100632113e-05	2.65914618978e-07	0.023031422411042	1.7155908008191e-06	0.089896299912518	0.30209567824904	0.013128377564002	0.022345876483881	7.166296779942e-08	1.7402158137996e-05	0.080749076940393	0.0095977421027697	0.40466193680755	1.9845877049208e-07	1.4009946166017e-05	2.5870915480864e-05	0.01222169549267	1.5990809021853e-05	0.91224546840422
26.2	1.34824539525e-06	1.3534858353176	4.3992849393383e-07	0	0.00055511489295745	0.01293931341836	0.016843657245302	0.043397688032104	0.012459866139969	6.5555403350915e-05	2.7718005202683e-07	0.023030566155706	1.7695228165354e-06	0.091532002210199	0.32016694651588	0.013125795788108	0.022341028965635	7.5139993543444e-08	1.6206098065417e-05	0.080733598967967	0.0098055754446987	0.48331782638987	1.9677971288175e-07	1.3758101375381e-05	2.696321935352e-05	0.01221920617652	1.5832083204207e-05	0.91225333904526
26.48	1.4117829645997e-06	1.353710317938	4.6346873367448e-07	0	0.00058316376709211	0.012797011653582	0.016843235757509	0.043403250870686	0.01245923591376	6.8846369150609e-05	2.9077242596528e-07	0.023029425925368	1.8535964114026e-06	0.090087274118273	0.29752211777401	0.013122264084128	0.022334359143733	7.9567188083438e-08	1.475336539958e-05	0.080712482689659	0.0095716928138718	0.41756796840787	1.9479002844047e-07	1.3478119629699e-05	2.8303614766578e-05	0.012215795614578	1.566213956048e-05	0.91226469477574
26.872	1.4839772622748e-06	1.354032261521	4.9233055877718e-07	0	0.00061560651897326	0.012600494861998	0.016842138300879	0.04341119089732	0.012458411958596	7.2652008302799e-05	3.0622316666164e-07	0.02302793306799	1.9696034443584e-06	0.089876943805229	0.30170977634088	0.013117468522542	0.022325218898363	8.4760341221679e-08	1.3103469917436e-05	0.080683838935162	0.0093243542924019	0.40477936864899	1.9277236035428e-07	1.3447667749224e-05	2.985310181959e-05	0.012211144510171	1.548339286949e-05	0.91228115055231
27	1.5040966686654e-06	1.3541389164235	5.0058019924871e-07	0	0.00062472467967684	0.012536995192496	0.016841677245488	0.043413820063254	0.012458155421326	7.3721375415914e-05	3.1052835606542e-07	0.023027467906631	2.0048526482587e-06	0.090034802053867	0.30329290492617	0.013115934583153	0.022322275025013	8.622394896521e-08	1.2645498110952e-05	0.080674673636373	0.0092722995564534	0.40348008774285	1.9224145614454e-07	1.345583888237e-05	3.0288362622793e-05	0.012209651051502	1.543474817338e-05	0.91228663750487
27.2	1.5321193710728e-06	1.3543070961563	5.1233570225708e-07	0	0.00063760487414612	0.012438432897898	0.016840839057729	0.043417915705515	0.012457753789108	7.5231710909773e-05	3.166127967963e-07	0.023026736218602	2.0578533760314e-06	0.091853484668433	0.32129560291081	0.013113569202056	0.022317714900804	8.8367394831886e-08	1.1784008045892e-05	0.080660532427932	0.0095795880615214	0.48260904994984	1.90251783846e-07	1.2743088543957e-05	3.0902961357144e-05	0.012207341925869	1.5223591957082e-05	0.9122953228444
27.48	1.5649625924499e-06	1.3545454040662	5.2639943594056e-07	0	0.00065307319565708	0.012301775895324	0.016839420874765	0.043423571166331	0.012457190856215	7.7045038831751e-05	3.2369916907394e-07	0.023025705392529	2.1235668270995e-06	0.090542596149814	0.29880657610635	0.013110316987098	0.022311404827988	9.0883812132979e-08	1.0745309687137e-05	0.080641066770077	0.0094161747276665	0.41661731257834	1.879779090228e-07	1.2346798688816e-05	3.1640551130146e-05	0.012204154358141	1.5041893522611e-05	0.91230769186493
27.872	1.6001864449488e-06	1.3548834300707	5.4188275248009e-07	0	0.00067029331702861	0.012113022455714	0.016837022243506	0.043431427864507	0.012456417300929	7.9062742251526e-05	3.3131974075631e-07	0.023024284167788	2.1988918549602e-06	0.090417907697725	0.30328515617612	0.013105860941825	0.02230268935422	9.3623193236656e-08	9.5765562823274e-06	0.080614346398955	0.0092029604533444	0.40370423738902	1.8554484799624e-07	1.2273230323088e-05	3.2460661394829e-05	0.012199763993155	1.4865461782182e-05	0.91232534058446
28	1.6094764578903e-06	1.3549946310435	5.460487936393e-07	0	0.00067495920511258	0.012052024427711	0.016836156366057	0.043433982782586	0.012456168549596	7.9609185112596e-05	3.333356884256e-07	0.023023826368373	2.2196925501037e-06	0.090590109132674	0.3049405639694	0.013104425302301	0.022299866858229	9.4358094566583e-08	9.2540802374397e-06	0.080605725576674	0.0091548090798809	0.40237728497027	1.8485659432023e-07	1.2269193009777e-05	3.268260248992e-05	0.012198344579744	1.4816956932308e-05	0.91233116836616
28.2	1.6219053924428e-06	1.3551692054074	5.5190458059049e-07	0	0.00068136369819378	0.011957338345375	0.016834709122	0.043437935658011	0.012455776277003	8.0358948843633e-05	3.3607973356512e-07	0.023023102268134	2.2500876201604e-06	0.092403333750976	0.32283372799088	0.013102200790994	0.022295479363604	9.5419712295639e-08	8.6465821879572e-06	0.080592354242872	0.0094674345230061	0.48201639426596	1.8304774445529e-07	1.1798592415968e-05	3.2986940464482e-05	0.012196140314884	1.4664392544416e-05	0.91234033793544
28.48	1.6353434427236e-06	1.3554151253236	5.5842587054034e-07	0	0.00068867026179377	0.011826043079048	0.016832489392424	0.043443346701047	0.012455220214565	8.1213690314587e-05	3.3904355396539e-07	0.023022072322816	2.2849897535854e-06	0.091080445560856	0.30037457211715	0.013099120938989	0.022289378708178	9.6588222813945e-08	7.9185848234248e-06	0.080573814165846	0.0093060039795704	0.41573071602801	1.8081376514847e-07	1.1490280444719e-05	3.3333501094605e-05	0.012193079170293	1.4515747577694e-05	0.91235329355776
28.872	1.6475005997503e-06	1.3557615697829	5.6481789611426e-07	0	0.00069603373918003	0.011644674537277	0.01682906062691	0.043450756635958	0.012454437100646	8.2073769887703e-05	3.4177025167984e-07	0.023020617946689	2.3209170672118e-06	0.090954097998869	0.30504609282318	0.013094862521088	0.022280901711106	9.7728142603595e-08	7.1051428386971e-06	0.080548131172375	0.009091670826909	0.40268807286444	1.7827977329755e-07	1.1417403938901e-05	3.3681405509778e-05	0.012188831330456	1.435640041129e-05	0.91237161013892
29	1.6500940580865e-06	1.3558750475411	5.6634293807257e-07	0	0.00069782155541514	0.011586058633439	0.01682787721851	0.043453139921541	0.012454180404568	8.2282200670063e-05	3.4236735559555e-07	0.023020140512017	2.3299501850401e-06	0.091125277032572	0.30674434393281	0.013093481921276	0.022278145451281	9.8000734683128e-08	6.8816497560296e-06	0.080539794016041	0.0090426976574846	0.40133664760973	1.7753991045299e-07	1.1407518659373e-05	3.3765472004357e-05	0.012187451123771	1.4310931765598e-05	0.91237762349215
29.2	1.6528975756571e-06	1.3560526959961	5.6832853445107e-07	0	0.00070004490912171	0.011495065890584	0.016825955648252	0.04345681523993	0.01245377537436	8.2540921207742e-05	3.4304448848493e-07	0.023019386048254	2.3429629961266e-06	0.092921386415484	0.32453400244322	0.013091334070769	0.022273849859375	9.8363506578226e-08	6.4612721677537e-06	0.080526812120208	0.0093570943237874	0.4815068415487	1.7600987425133e-07	1.1149432937726e-05	3.3869518102551e-05	0.012185300882363	1.4209435021892e-05	0.91238705024236
29.48	1.6544220708894e-06	1.3563020062613	5.7006634673154e-07	0	0.00070209161479493	0.011368883758489	0.01682311820438	0.043461824551339	0.012453199680934	8.2777944714638e-05	3.4347278192444e-07	0.023018311665355	2.3559183688478e-06	0.091570091000865	0.30200454439426	0.013088343815775	0.022267856000398	9.8683468565222e-08	5.9597184331635e-06	0.080508716052769	0.0091964795807022	0.4149178061239	1.7397494424686e-07	1.0920717647641e-05	3.3964125195694e-05	0.01218230176657	1.4092811921285e-05	0.91240030403183
29.872	1.6525156458272e-06	1.3566516923914	5.7081831503878e-07	0	0.00070312193968747	0.011194565097637	0.016818904188129	0.043468625750423	0.012452378885713	8.289428259781e-05	3.4321045973046e-07	0.023016777154155	2.3655268469551e-06	0.091428747924376	0.30679316856446	0.013084180747683	0.022259492027204	9.8833875898085e-08	5.4018336631256e-06	0.080483484334683	0.0089829797580349	0.40177168723971	1.7156696608794e-07	1.0855823629766e-05	3.4008688662554e-05	0.012178117972085	1.3954991870442e-05	0.91241893529693
30	1.651050965585e-06	1.3567659145259	5.7072008105537e-07	0	0.00070306523616951	0.011138224851211	0.016817480220602	0.043470797589508	0.012452107127324	8.2886105878286e-05	3.4294578934551e-07	0.023016268571397	2.3669331910259e-06	0.091596310144859	0.30851573056377	0.013082824894049	0.022256764991313	9.8822651919433e-08	5.2489158116072e-06	0.080475258484632	0.008934185401669	0.4004049202252	1.7084777570728e-07	1.0843196926534e-05	3.4004413775251e-05	0.012176753864263	1.3914390872411e-05	0.91242502981733
