# Time [h]	MS [g/L]	Lignin [g/L]	Butyric [g/L]	Initial_Substrate [g/L]	Carbohydrates [g/L]	Substrate [g/L]	MO_AcidoLCFA [g/L]	MO_hydroM [g/L]	MO_Acetic [g/L]	Proteins [g/L]	AA [g/L]	MO_acetoM [g/L]	Propionic [g/L]	Carbondioxide [g/L]	MO_Propionic [g/L]	MO_ButyricValeric [g/L]	Valeric [g/L]	LCFA [g/L]	MO_AcidoMS [g/L]	Methane [g/L]	Hydrogen [g/L]	Lipids [g/L]	MO_AcidoAA [g/L]	Acetic [g/L]	Nitrogen [g/L]	NH4N [g/L]
0.2	0.043229156256821	116.48658000325	0.012086317770306	0	2.559760002848	0.1718420956442	1.3699340109232	3.2157785201077	1.0335917601543	0.91950821448237	0.026759767671211	1.8645655353679	0.028005823957191	0.7690873166927	1.1342160690713	1.9593291017094	0.0039483239153769	0.057316640592163	7.0224501503028	0.086760814415205	6.1022252545001e-06	0.75833516886352	1.0241853229404	1.2386308077725	2.1253725782149	2.0852912447354
0.48	0.038041161770917	116.4872911082	0.018083487665424	0	2.2783844710792	0.41012042703846	1.3696009618704	3.2518108891501	1.0373833092791	0.81793361433192	0.026809717224103	1.8769770966394	0.053912439438463	0.69315532550817	1.1360327754601	1.9624133765621	0.0063799676306194	0.11708417537135	7.0428232133415	0.1085821158706	6.0342091815695e-06	0.67446354002134	1.0313860950675	1.0811741520676	1.7071398854999	1.7039602435965
0.872	0.0320645134724	116.48933475476	0.017374460261192	0	1.9393052088947	0.73923326072394	1.3693075209435	3.301828188715	1.0425997713328	0.69485953205225	0.022348973910218	1.8938622846049	0.065784079429985	0.57122243515148	1.1396370692251	1.9673284523881	0.0061922986190147	0.17624656904887	7.0669757584416	0.11879411989551	5.3968105800022e-06	0.57270471838183	1.0404134289428	0.89293781323119	1.299402679464	1.2993516330319
1	0.03032228527333	116.49028295455	0.01662109308185	0	1.8404550724674	0.84560739064669	1.3692470558244	3.3174878414685	1.0442796340438	0.65881413683628	0.020970502494914	1.8992501283955	0.066407065078913	0.5346198040575	1.1408727214398	1.9688177497341	0.0059252778384894	0.19036086701535	7.0739311007623	0.11969085586847	5.1085744303423e-06	0.5428687383159	1.0430493581538	0.83580907786709	1.1902039472361	1.1902028942336
1.2	0.02792419700138	116.49183693964	0.015415317778158	0	1.696581862769	0.83886987996228	1.3691939065472	3.3412021488212	1.0468645704479	0.60629112118433	0.019191980511284	1.9074641559398	0.066435877660722	0.55633150726096	1.1428187634812	1.9709866949801	0.005541343853669	0.21579162243357	7.0839594229831	0.12010329763759	4.7032607958822e-06	0.49938169344242	1.0468868610883	0.73410273347128	1.0385082169139	1.0385082025952
1.48	0.024808916311128	116.49397827947	0.01372115263637	0	1.5145057024881	0.82952774109945	1.3692117226483	3.3725945231421	1.0503751336902	0.53983559854752	0.0168426051868	1.9184250560941	0.063152186335541	0.48840466536866	1.1454901337229	1.9736870665875	0.0049609744234653	0.24310066786521	7.0963790185783	0.11639368644237	4.1305817701251e-06	0.44436186330802	1.051709669255	0.60502670046129	0.85870598977827	0.85870597992308
1.872	0.021061946010061	116.49691266022	0.011579683617191	0	1.2931982640458	0.81662394480148	1.3694226906853	3.4126746688808	1.0549894983685	0.45908780612452	0.014058900704628	1.9323800654984	0.055410671323457	0.41181657305347	1.1489343082077	1.9768223622574	0.0042042980537214	0.26789387037309	7.1109297985428	0.10740295012888	3.4073680128172e-06	0.37751449471502	1.0574801454728	0.45482094298348	0.65865082624576	0.6586508206105
2	0.019959012372632	116.49789064345	0.010950333731483	0	1.2282174322268	0.8124536850672	1.3695354292813	3.4248230634428	1.0564177676678	0.43538500643311	0.013246652413662	1.9365897292115	0.052613002351837	0.39186927382903	1.1499661151295	1.9777035948352	0.0039809521392785	0.27316896501475	7.1150690745753	0.10400395472204	3.1771930872217e-06	0.35789335001434	1.0591529213686	0.41336749016528	0.60359570972871	0.60359570488947
2.2	0.018376239881207	116.49940368563	0.010035423083613	0	1.1334517663654	0.80598035096083	1.3697712955531	3.4427908250459	1.0585308209946	0.40082445096999	0.01209758402805	1.9426882617731	0.048265842169785	0.41476020506113	1.1514751265908	1.978944886842	0.0036536571971156	0.28470867265651	7.120963613913	0.098545948486309	2.8627310225723e-06	0.32928551401653	1.0615671478711	0.34321321407712	0.52672154487248	0.52672154098555
2.48	0.016387981010997	116.50149342249	0.0088979589630644	0	1.0135046618724	0.79700444866347	1.3702373788052	3.4658350650615	1.0612200620366	0.35709382044461	0.010677069168104	1.9502085999408	0.042426387893567	0.36791855261291	1.1533713175821	1.9804282667685	0.0032438068080594	0.29595841544041	7.1281414079043	0.088503262678259	2.4697282983167e-06	0.29308974500895	1.0645751701355	0.26828773972627	0.43542298187443	0.43542297893401
2.872	0.013992247926465	116.50436495601	0.0075416549637442	0	0.86767902850924	0.78460636977777	1.3711538970785	3.4942866576569	1.0644699768895	0.30395389798967	0.00899273302857	1.9589585070048	0.035193041372503	0.30791820839245	1.155611337712	1.9820651887025	0.0027515409470457	0.30360156176361	7.1363240355332	0.07459177278888	2.0358671444848e-06	0.24911102208053	1.0681420853375	0.20199130816067	0.33387901317604	0.33387901111268
3	0.013287657251016	116.50530486449	0.0071471869331413	0	0.82485500763844	0.78059959344724	1.371510549119	3.5027799759893	1.0654320304648	0.28835481045507	0.0085002791266807	1.9614881605906	0.033075283502125	0.2918105646022	1.1562500781488	1.9825051589786	0.0026081838031605	0.30450267886309	7.1385923760828	0.07053426783115	1.9190494404466e-06	0.23620243801315	1.0691678567075	0.18670522612952	0.30594889294048	0.30594889109239
3.2	0.012271456378327	116.50676113802	0.0065745782326446	0	0.76239349303874	0.77438000866107	1.3721367967283	3.5152571335619	1.0668202654548	0.26560902713164	0.0077962467117425	1.965069888278	0.030012134281046	0.30380593287652	1.1571566648453	1.9831038922332	0.0023987602306299	0.31060387922522	7.1417599486065	0.065159541921647	1.7465077164058e-06	0.21738109810981	1.0706403624599	0.14925313364897	0.26697113415935	0.26697113259569
3.48	0.010992020673282	116.50877590733	0.0058593861006067	0	0.68331767324182	0.76575592127454	1.3731637861148	3.5311387946613	1.0685227259726	0.23682594322631	0.0069187864474477	1.9693116278918	0.026268326574417	0.26811474355018	1.1582527010616	1.9837758367592	0.0021362223981131	0.31651468762265	7.1454872940585	0.056976874095859	1.5334107060652e-06	0.19356668191462	1.0724582103353	0.1133766928163	0.22073269034283	0.22073268909468
3.872	0.0094468359443098	116.51155074398	0.0050016061954443	0	0.58714951151967	0.75384372167091	1.3748770469972	3.5507210253541	1.0705057433845	0.20184586751574	0.005869751847199	1.9740677188543	0.021939720099328	0.22452376069032	1.1594873320968	1.9844288162006	0.0018199910503325	0.32070607132778	7.1494767756005	0.047375365397996	1.3085424650061e-06	0.16462992443592	1.0745805653536	0.087448588844862	0.16936714468653	0.169367143764
4	0.0089926751881339	116.51245259731	0.0047513809832122	0	0.55890116254613	0.74999402018908	1.3754938006205	3.5565917713304	1.0710846432531	0.1915768864581	0.0055626393097329	1.9754306461376	0.02070588725854	0.21309730154811	1.1598267162378	1.9845799830447	0.001727677500058	0.32132062885485	7.1505133316873	0.044830839367221	1.2504540252249e-06	0.15613626632419	1.0751822234228	0.082341859010813	0.15524306952115	0.15524306868397
4.2	0.0083360743693041	116.51385116624	0.0043873321953608	0	0.51769116919029	0.74401824665097	1.3765224011024	3.5652345904596	1.071905018612	0.17660221381993	0.0051209046016349	1.9773211690149	0.018903508809887	0.21512096364488	1.1602956529901	1.9847580723824	0.001592815431438	0.32452883823145	7.1518848949681	0.041879383321638	1.1530547946519e-06	0.14375168495046	1.0760369328005	0.067322257413264	0.13554126062351	0.13554125990258
4.48	0.0075088011217169	116.51578799362	0.0039313307467678	0	0.46550368924597	0.7357322075351	1.3780986386928	3.5762913491574	1.0728853504997	0.1576509648986	0.0045679641554804	1.97951201481	0.016717396082246	0.19100600537019	1.1608375894313	1.9848983778203	0.0014235080005274	0.32779329682011	7.153339028047	0.037346111097063	1.042238006324e-06	0.12808081009044	1.0770735192219	0.055968558112533	0.11218040846061	0.11218040787342
4.872	0.0065094499232969	116.51845882765	0.0033828381774413	0	0.40200561797169	0.7242868934244	1.3805222920083	3.5902121366779	1.0740482713276	0.13461587929924	0.0039041617914566	1.9820613273971	0.014182957899087	0.16463595898271	1.1614011494121	1.9849059359729	0.0012193009411535	0.33055982024401	7.1545647751536	0.032594272078138	9.3380190340704e-07	0.10903769209592	1.078247025922	0.048907686318388	0.086194353386219	0.08619435294287
5	0.0062159197059767	116.51932414214	0.0032226295279598	0	0.38334664825441	0.72058811485108	1.3813567608014	3.5944543745544	1.074395495757	0.12785277266514	0.0037097511827454	1.9828174495788	0.013457112626601	0.15793820939911	1.161543723981	1.9848675931	0.0011596297378303	0.33112076569878	7.1547893784883	0.031402302835037	9.0442946522394e-07	0.10344778606436	1.0785700967275	0.04744548086921	0.079038585520403	0.079038585115789
5.2	0.0057917523430499	116.52066655895	0.0029894976941913	0	0.35611847290435	0.71484660633475	1.3827051336374	3.6007765173564	1.0748967965862	0.11798960424826	0.0034293966784028	1.9838983985588	0.012395755031597	0.15734927566267	1.1617271114736	1.9847694957042	0.0010725392628505	0.33191031097761	7.154976686033	0.03030820574181	8.5614105463039e-07	0.095296776296928	1.0790187960084	0.043179143714821	0.069046395438025	0.069046395086886
5.48	0.0052580686955013	116.52252652273	0.0026972862901113	0	0.32162209087986	0.70688538345337	1.3846773639517	3.6090437180027	1.0755246072268	0.10550541752459	0.0030779813785411	1.9852377768174	0.011095293559206	0.14324427698594	1.1619102005333	1.9845604625651	0.00096320647369854	0.33241960256134	7.1549313458073	0.028235876624092	8.021836265277e-07	0.084982108256578	1.0795417359336	0.039922192262868	0.057174261885178	0.057174261596666
5.872	0.0046154300862797	116.525093004	0.0023459388534541	0	0.27962051387108	0.69588869319849	1.3875625789518	3.6196978672446	1.0763076015265	0.090327545879729	0.0026559492159128	1.9869001247594	0.0095692176432813	0.12860697255128	1.1620403202727	1.9841434520742	0.00083145823425036	0.33216279752156	7.1543329885282	0.02597194266184	7.4438633884859e-07	0.072446376015088	1.0800910933713	0.037315889178622	0.043937253440938	0.043937253221117
6	0.004426944390381	116.5259232624	0.0022433807712152	0	0.26727137194793	0.69233492458485	1.3885291997439	3.6229839131212	1.0765454300857	0.085870523941352	0.0025324262964167	1.9874042296034	0.0091293001902672	0.12486269595712	1.1620558175874	1.9839803857207	0.00079298182044169	0.33186398580684	7.1540215310818	0.025375284332275	7.2786859737002e-07	0.06876633576672	1.0802308856911	0.036654061971421	0.040288150487967	0.040288150286877
6.2	0.00415604371883	116.52721153002	0.0020944340296761	0	0.24924357909805	0.68681850477539	1.3900605131254	3.6279218492496	1.0768943258753	0.079369630952246	0.0023545127001331	1.9881411547321	0.0084871719372506	0.12496236244776	1.162054474188	1.9837003943667	0.00073694913244307	0.3299750082008	7.1534266511427	0.024980679691867	7.0167325812751e-07	0.063399866823555	1.0804123667186	0.034955692891335	0.035189542007539	0.035189541832471
6.48	0.0038171451660002	116.52899688004	0.0019082720147694	0	0.22638901491384	0.67916937962379	1.3922380465456	3.6344519769666	1.0773412480284	0.07113947152989	0.0021319835800319	1.9890823762453	0.0076952797513981	0.11647013676156	1.1620046335879	1.983261064283	0.00066677767087777	0.32694478010262	7.1523903771276	0.023796412463241	6.7117743875803e-07	0.056608169687503	1.0805971048781	0.033515326214321	0.029127844803272	0.029127844658922
6.872	0.0034134188809927	116.5314611108	0.0016856840101159	0	0.19853463726788	0.66860375894003	1.3953171810985	3.6429431108368	1.0779040262646	0.061130224956379	0.0018659835547008	1.9902682018073	0.0067616226802094	0.10777048222825	1.1618520672206	1.9825637706856	0.00058259520097682	0.32207074033085	7.1505854910654	0.022382187275568	6.3717517239906e-07	0.048352654622333	1.0807352621188	0.032193853279875	0.022370259045139	0.022370258934754
7	0.0032954413228286	116.53225771589	0.0016209579021497	0	0.19033831196695	0.66518931799238	1.3963261102469	3.6455735923099	1.0780747940361	0.058190198518545	0.0017883040869931	1.9906285208906	0.0064920888838203	0.10554390668076	1.1617844649115	1.9823183008901	0.00055807808962745	0.32035021647175	7.1499192642194	0.021990116993998	6.2734123041054e-07	0.045928817637941	1.0807542752163	0.031842065899244	0.020508491773615	0.020508491672536
7.2	0.0031286321718542	116.53349386495	0.0015275170568708	0	0.17836605411926	0.65988916831081	1.3978988485728	3.6495333494654	1.0783248765805	0.053901125461803	0.00167718949317	1.9911559845725	0.0061005544466991	0.10634348130024	1.1616619545876	1.9819180282515	0.00052254030707728	0.31606633827412	7.1488063972749	0.021809127313606	6.1165906114664e-07	0.042393881671455	1.0807595826862	0.030927363405247	0.017910160413896	0.017910160325768
7.48	0.0029232355406059	116.535207136	0.0014117512748462	0	0.16317452816218	0.65253991719893	1.4000824263806	3.6547750800856	1.0786433217091	0.048469485199862	0.0015392374552512	1.9918286514178	0.0056184010786161	0.10087740038421	1.1614586740342	1.9813262177806	0.00047829983938129	0.30992239149408	7.1471133356343	0.020934409392282	5.9331594594809e-07	0.037919453448805	1.0807212361146	0.030175778072491	0.014828513777996	0.014828513705174
7.872	0.0026852643421287	116.53757210792	0.0012752947726021	0	0.14463343213227	0.64238849076654	1.4030694284546	3.6615706826373	1.0790364779964	0.041860565706982	0.0013762610398721	1.9926644233794	0.0050533700000377	0.095437970820372	1.1611189373085	1.9804430308684	0.000425707773852	0.30123133611392	7.1445077060091	0.019821116627422	5.7303292354243e-07	0.032479354186074	1.0805879751555	0.029539061120595	0.011410242039189	0.011410241983275
8	0.0026162489559579	116.53833634731	0.0012359552351386	0	0.139171198197	0.63910791681288	1.4040256182124	3.6636687732996	1.079153557581	0.039918558879441	0.001328829124437	1.9929148337454	0.0048910275540628	0.094083155419249	1.1609961591135	1.9801428556224	0.00041046750870027	0.29841207112293	7.1436058188421	0.019502289716496	5.6720913868283e-07	0.030881819211594	1.0805272396259	0.029381293442902	0.010472724407329	0.01047272435604
8.2	0.0025225501856761	116.53952230036	0.0011798852360597	0	0.13118600617158	0.63401556234474	1.4054911760034	3.6668141742765	1.079321817567	0.037084659538212	0.0012619327025916	1.9932761669154	0.0046580838149229	0.095375541437312	1.1607930228643	1.9796626788846	0.00038855385818746	0.29286708556651	7.1421485745885	0.019381603240909	5.5777904561093e-07	0.028551639040327	1.0804161835467	0.028883157344155	0.00917071487531	0.0091707148304337
8.48	0.0024110780026093	116.54116604954	0.0011114696674419	0	0.12104051219692	0.62695443702271	1.4074757579435	3.670946853595	1.0795290028887	0.03349425496789	0.0011797360028855	1.9937251912368	0.0043735300375263	0.09173094473527	1.1604873929209	1.978969516611	0.0003614601907982	0.2853074632462	7.1400183935552	0.018618421152375	5.4701269591027e-07	0.025601505729931	1.0802304518776	0.028566521116402	0.007640225451955	0.007640225414604
8.872	0.002288149175736	116.54343518347	0.0010323273156831	0	0.10863317478329	0.61720098415529	1.4100977910038	3.6762347718452	1.0797698551368	0.029122647715573	0.0010833714890097	1.994257792745	0.0040440555743688	0.088348611590049	1.1600226516672	1.9779628214109	0.00032943728403168	0.27532695710673	7.1368791579932	0.017616380136826	5.3570235698413e-07	0.022013435580088	1.0799179000697	0.028439406319797	0.0059691594988007	0.0059691594696498
9	0.0022523175133387	116.54416834229	0.0010096502877477	0	0.10497186734468	0.61404903037375	1.410917161387	3.6778515953746	1.0798380090418	0.027837333203337	0.0010550827799254	1.9944113991982	0.0039498555535541	0.08756593652437	1.1598630449225	1.9776263417422	0.00032014375349021	0.27224579849004	7.1358201182431	0.017326830132177	5.3251741288488e-07	0.020959464832369	1.0798045062854	0.028433118069466	0.0055168394425724	0.0055168394156381
9.2	0.0022066684558391	116.54530611287	0.00097786556877488	0	0.099613194428563	0.60915632810752	1.4121529825258	3.6802571423246	1.0799310328475	0.025960963674149	0.0010153505198861	1.994624620749	0.0038183012059652	0.089220510774544	1.1596062295288	1.9770932727255	0.00030688082481383	0.26675692391328	7.1341331808595	0.017229336227404	5.2708929065727e-07	0.019421819810622	1.0796166898695	0.028201205702294	0.0048965277232624	0.004896527699366
9.48	0.0021528686985987	116.54688320159	0.00093879372518886	0	0.092792356802084	0.60237204034612	1.4137907151102	3.6833839657913	1.0800356919581	0.023582188328192	0.00096537011168421	1.9948729734231	0.0036564442288661	0.086742528007588	1.1592328924582	1.9763333745718	0.00029018062336554	0.2595585282773	7.1317115053877	0.016534174844978	5.2112443244309e-07	0.017474453661497	1.0793339120293	0.028189744027855	0.0041825545561988	0.004182554535796
9.872	0.0020898615321435	116.54906062785	0.0008919474147368	0	0.084427351510205	0.59300097488069	1.4159016760776	3.6873374327244	1.0801397693063	0.020682970089068	0.00090286857432794	1.9951392435644	0.0034641656851042	0.084717334716115	1.158686635377	1.9752462360055	0.00026960183352398	0.25052157818382	7.1282169524925	0.015645563494607	5.1511585704244e-07	0.015104803094099	1.0789037572239	0.02840859236403	0.0034280428567687	0.0034280428400544
10	0.002069281705914	116.54976416774	0.00087792289322924	0	0.08195315023152	0.58997260095409	1.4165521177558	3.6885389218602	1.0801651891975	0.019829855822207	0.00088346489191489	1.9952098827651	0.0034074414325659	0.084315221361697	1.1585033085182	1.9748863188211	0.00026339087720724	0.2478263420427	7.1270533649956	0.015397251542753	5.1336658225741e-07	0.014408444453773	1.0787559170397	0.02849583664685	0.0032288621616082	0.003228862145867
10.2	0.0020406941483571	116.55085607122	0.00085845614021102	0	0.078326039724506	0.58527172819004	1.4175276367432	3.6903230599836	1.0801942502638	0.018583712391234	0.00085473989306888	1.995299169029	0.0033331438424075	0.086184291390156	1.1582124096964	1.9743194706757	0.00025458417542331	0.24314006838933	7.1252140165938	0.015366498951142	5.0978436109751e-07	0.013392222754912	1.0785180872162	0.028370815491201	0.0029614921399263	0.002961492125491
10.48	0.0019998344213774	116.55236978678	0.00083157566320209	0	0.073697528617707	0.57875343312023	1.4188170600575	3.6926435643834	1.0802157529747	0.017002466720658	0.00081488763667467	1.9953866338953	0.0032329912521547	0.084392460350544	1.1577971107839	1.9735176547535	0.00024248063537549	0.23711835636814	7.1225994649044	0.014802218569892	5.0554211440996e-07	0.012104620559145	1.0781723760855	0.028447222388742	0.0026635890327935	0.0026635890198127
10.872	0.0019374063691255	116.55446011886	0.00079413908121684	0	0.067999061788589	0.56974977902012	1.4204912758366	3.6956062574811	1.0802174207061	0.015072532789323	0.00075925154039166	1.9954547114461	0.0030971357673273	0.083153266796608	1.1572020526843	1.97238103628	0.00022593546182165	0.22970628993092	7.1188705734319	0.014127563604504	5.0055561903679e-07	0.010536668576434	1.0776663273839	0.028678188618784	0.0023613590196409	0.0023613590081352
11	0.0019155058837481	116.55513557411	0.00078192792630855	0	0.066308173374795	0.56684014233788	1.4210123963953	3.6965162509371	1.0802126228145	0.014503966017262	0.00074132791912145	1.9954667980587	0.0030534226088131	0.082960640571457	1.1570048436447	1.9720068721798	0.00022065002147032	0.22751801127121	7.1176380447881	0.01395051169282	4.9893224938147e-07	0.010075622985801	1.0774962937583	0.028749580405852	0.0022837351051063	0.0022837350939794
11.2	0.0018804403142536	116.55618397808	0.00076550607303085	0	0.063823879510808	0.56232358252312	1.421802597768	3.6978822044751	1.0801985634559	0.013672773283146	0.000714074304906	1.9954725432193	0.0030012899726683	0.084876512715316	1.1566943152623	1.9714196678842	0.00021338040477426	0.22355815633048	7.1156983309871	0.01403514782412	4.9534760939916e-07	0.0094025160567804	1.0772262846876	0.028587127819638	0.0021817971909824	0.0021817971803529
11.48	0.0018279772786521	116.55763755313	0.00074011935606434	0	0.06064277245433	0.5560608582005	1.4228674938149	3.6996900083813	1.0801674284047	0.01261669142718	0.00067505675067484	1.9954578243862	0.0029211946732244	0.083394286793905	1.1562553246215	1.9705927988481	0.00020267108568774	0.21844743144708	7.112956572393	0.013641384685043	4.9053667091219e-07	0.0085490854315231	1.0768400441156	0.028538313036044	0.0020718087265473	0.0020718087164543
11.872	0.0017506735290913	116.55964510925	0.00070260765542345	0	0.056705714938376	0.5474102205659	1.4242928677363	3.7020616836528	1.0801082890655	0.011325129407839	0.00062149998705882	1.9954070220103	0.0028001122537941	0.082492939315649	1.1556331105177	1.9694265707605	0.00018749648397476	0.21207585841509	7.1090722297535	0.013186416756367	4.8434539213355e-07	0.007508753259666	1.0762848398189	0.028535605213466	0.0019637071444244	0.0019637071348587
12	0.0017254345638369	116.56029385545	0.00069032596025654	0	0.055532477909063	0.54461466730935	1.4247461835953	3.7028042598078	1.080086130057	0.010943992502085	0.00060474305977634	1.9953849268758	0.0027596120280897	0.082380293414681	1.1554282084312	1.9690438368072	0.00018264821680517	0.21017197723755	7.1077937451776	0.013072994284467	4.8234043026066e-07	0.0072025843404387	1.0761003704356	0.028529780184659	0.0019364672557948	0.0019364672463619
12.2	0.0016859188970184	116.5613008507	0.0006734087845326	0	0.05380364630449	0.54027519640335	1.4254432245861	3.7039344151828	1.0800480415266	0.010386153217128	0.00057974357189614	1.9953433423228	0.0027070109136095	0.084242138429632	1.1551066080926	1.9684441682428	0.0001758208155386	0.2064752200744	7.1057867462528	0.013251621578686	4.7845415854111e-07	0.0067553176539449	1.0758092654353	0.028342649017862	0.0019013370933024	0.0019013370840408
12.48	0.0016305922141072	116.56269709846	0.00064848688888692	0	0.051579815674288	0.53425802572799	1.4264001111594	3.7054574085554	1.0799885603486	0.0096760842928612	0.00054547123300136	1.9952726148894	0.0026282955588427	0.082866847983381	1.1546537135078	1.9676015144784	0.00016619522351541	0.20162678539761	7.1029590886811	0.012978483010513	4.7302239761033e-07	0.0061876841745914	1.0753962249947	0.028180430708604	0.0018648514749708	0.0018648514658871
12.872	0.0015556220936925	116.56462561379	0.00061365928116085	0	0.048808593532103	0.52594656793173	1.4277094897529	3.7074990284219	1.0798967817944	0.0088052293350221	0.00050084132092578	1.9951565783829	0.0025139330440538	0.082096429013315	1.1540146614979	1.9664160504192	0.00015320315264826	0.19543765485232	7.098968811396	0.012656293120505	4.6606585280264e-07	0.0054947054638908	1.0748082534088	0.027995907701401	0.0018307133556867	0.0018307133467696
13	0.0015322170946273	116.56524883488	0.00060264640875393	0	0.047978194839205	0.5232606258052	1.4281313956722	3.7081468445858	1.0798651901204	0.0085476403142822	0.00048726510319333	1.9951154378208	0.0024767364500474	0.082014135981651	1.1538048183733	1.9660276626269	0.00014917350530907	0.19355632926937	7.0976588624033	0.012578114662272	4.6387574103432e-07	0.0052905086467187	1.0746141279126	0.027936258154974	0.0018224661807502	0.0018224661718733
13.2	0.0014965782528238	116.56621623185	0.000585981145631	0	0.046749925634281	0.51909130150547	1.4287846568546	3.7091409155604	1.0798139097216	0.0081700135992691	0.00046689101805181	1.9950471691693	0.002419046006547	0.083824345202659	1.1534758166617	1.9654195884463	0.00014298107602008	0.18980891028707	7.0956055490228	0.012805590401937	4.5991790221444e-07	0.004991947996103	1.0743088195851	0.027754138914927	0.001812376094671	0.0018123760858433
13.48	0.0014486287308869	116.56755761446	0.00056362621470023	0	0.04516082277969	0.51331005815013	1.4296885611563	3.7104936290569	1.0797385533265	0.0076881122194393	0.00044032339820994	1.9949441843406	0.0023402554237442	0.082499768720216	1.1530130362645	1.9645659731294	0.00013491821144873	0.18483494115914	7.092718479828	0.01259171115219	4.5432152170134e-07	0.0046125214102779	1.0738776359541	0.027546242085674	0.0018034984720515	0.0018034984632671
13.872	0.0013858827675986	116.56941041419	0.0005344952372529	0	0.043163458958664	0.50532448359637	1.4309353957505	3.7123262986951	1.0796276887488	0.0070947802952812	0.00040678058266208	1.9947889093725	0.002235316797771	0.08181072912933	1.1523612067862	1.9633668579428	0.00012472017950962	0.17839027454107	7.0886545664341	0.012330626119391	4.4718547003192e-07	0.0041483279213604	1.0732674237169	0.027281219606883	0.0017978632460378	0.0017978632372808
14	0.0013665488764766	116.57000917413	0.0005255484318598	0	0.042560836967311	0.50274385522537	1.4313388153377	3.7129115069063	1.0795903973505	0.0069187154536739	0.00039669233911897	1.9947359416514	0.0022026370578371	0.081751287559468	1.1521474720718	1.9629744209456	0.00012164373558646	0.17641318970277	7.087322672726	0.01226815661607	4.4496733674108e-07	0.0040113054468217	1.0730667356212	0.027197679732944	0.0017971399043715	0.001797139895618
14.2	0.001337371842258	116.57093861257	0.00051115593355639	0	0.041665346661006	0.4987380068318	1.4319645786815	3.7138125263377	1.0795307673768	0.0066600290701214	0.00038135926840874	1.994650272907	0.0021474740277772	0.083537770038666	1.1518125787093	1.9623603409676	0.00011663863108141	0.17255891571825	7.085236986394	0.012516606796368	4.4096677179205e-07	0.0038107156971866	1.0727517883357	0.027002179878497	0.0017972781395	0.0017972781307459
14.48	0.0012985960232723	116.57222738245	0.00049282602781103	0	0.04049864168143	0.49318344118843	1.4328317995702	3.7150431172568	1.0794446503771	0.0063287691650127	0.00036188962250371	1.9945247154811	0.0020761184518451	0.082250460064961	1.1513418902191	1.9614989389336	0.00011041598839363	0.1674263068391	7.0823082612893	0.012327385159876	4.3532339629768e-07	0.0035553050103326	1.0723083037729	0.026764769037209	0.0018002732380715	0.0018002732293028
14.872	0.0012481552860554	116.57400754361	0.00046979842541726	0	0.039017068713692	0.48551097373193	1.4340290807726	3.7167171256119	1.0793199495141	0.0059187608705806	0.00033756183550785	1.9943401325981	0.0019860377802848	0.081623268077858	1.1506797733204	1.9602901629751	0.00010283186034982	0.16076138449421	7.0781924737488	0.012091041036148	4.2813195673602e-07	0.0032419056147989	1.0716830054762	0.026458840361777	0.0018078272299868	0.0018078272211813
15	0.0012325939060887	116.57458283237	0.00046281371683868	0	0.038566461620978	0.48303153004959	1.4344164812399	3.7172529985557	1.0792783676264	0.0057965722589326	0.00033025305922483	1.9942780154735	0.001958720582662	0.08158283358068	1.1504628856915	1.9598948616824	0.000100575442121	0.15871682184625	7.0768450567232	0.012034928295101	4.259098946995e-07	0.0031491680330582	1.0714778605756	0.026363456377522	0.0018107706153619	0.001810770606542
15.2	0.00120912701289	116.57547584296	0.0004513048223281	0	0.037893265428162	0.47918274814542	1.4350171190102	3.7180788817821	1.0792122120172	0.0056165133874745	0.0003190718231809	1.9941783785671	0.0019114723919165	0.083355187457264	1.1501232578158	1.9592765762246	9.6822372273872e-05	0.15483266110464	7.0747364211537	0.012291813255511	4.2185185520284e-07	0.0030131759508503	1.071156385067	0.026149999737267	0.0018161366077662	0.0018161365989202
15.48	0.0011779062956619	116.57671411157	0.0004368922120922	0	0.037009122889563	0.47384597290437	1.4358485497718	3.7192076905457	1.079117257665	0.0053848862464434	0.00030496816304324	1.9940338126398	0.0018517335065559	0.082096776374175	1.1496463227829	1.9584098050434	9.223403050078e-05	0.14967577238566	7.0717780481172	0.012112339991146	4.1615103421964e-07	0.0028395559249113	1.0707045834022	0.025890359111122	0.0018256114213402	0.0018256114124479
15.872	0.0011370755759293	116.57842453179	0.00041893773324073	0	0.035873351348889	0.4664743367795	1.436994002322	3.7207444393863	1.0789806544253	0.0050962187323976	0.00028732111867275	1.993823477405	0.0017779098662416	0.081520580138694	1.1489761941934	1.9571944394179	8.6704154099905e-05	0.14301754079663	7.067625100509	0.01188540951956	4.0887003482967e-07	0.0026256459954098	1.0700690750649	0.02555815547329	0.0018409337813287	0.0018409337723617
16	0.0011243997211844	116.57897728331	0.00041349188033356	0	0.035524846822576	0.46409211051265	1.4373640208172	3.7212365852081	1.0789352827512	0.0050097131784453	0.00028199836143931	1.993753128887	0.0017557313815573	0.081496643227984	1.1487568625997	1.9567971921028	8.5062517767608e-05	0.14098519059576	7.0662665035129	0.011831688248795	4.0662872497343e-07	0.0025621356458958	1.0698609092107	0.025455245698601	0.0018461417782242	0.0018461417692318
16.2	0.0011052414662903	116.5798353122	0.0004044367512093	0	0.035001148533062	0.46039423682316	1.4379368302428	3.7219948727618	1.0788632645138	0.0048817538191163	0.00027382671128717	1.9936407346598	0.001717111626026	0.083258751980828	1.1484135920495	1.956176070051	8.2310142961265e-05	0.13716804094749	7.0641412858326	0.012091858321239	4.0248287830252e-07	0.0024687864909074	1.0695350116195	0.025228601350752	0.0018548652862052	0.0018548652771702
16.48	0.0010796020558139	116.581025078	0.0003931034181043	0	0.034307417350055	0.4552667128879	1.4387276518226	3.723030213439	1.0787601908541	0.0047161910400076	0.00026349000486441	1.9934784626452	0.0016685828597767	0.082026002211588	1.1479319065626	1.9553057155675	7.8952466052849e-05	0.13212689902941	7.0611613763244	0.011915882817313	3.9667076435461e-07	0.0023491782583861	1.0690775748797	0.024952615278945	0.0018687420934282	0.0018687420843256
16.872	0.0010457565170426	116.58266850616	0.0003789090624933	0	0.033405393781937	0.44818411324738	1.4398129906696	3.7244375801966	1.0786123568443	0.0045080702490255	0.00025045913263909	1.9932435764965	0.0016087910605558	0.081498861044103	1.1472557403835	1.9540859913309	7.489551597795e-05	0.12566859649454	7.0569812190518	0.011691481759729	3.8921359687706e-07	0.0022010043300651	1.0684351351206	0.024599877165758	0.0018897236527557	0.0018897236435508
17	0.0010351652704049	116.58319960727	0.00037457706542813	0	0.033126083051183	0.44589529261474	1.4401626374185	3.7248877761245	1.0785633452198	0.0044452730076431	0.000246501489847	1.993165258747	0.0015908095370313	0.08149137627271	1.1470345720469	1.953687462951	7.3685825935273e-05	0.12370843065416	7.0556143840545	0.011638230196893	3.8692351075017e-07	0.0021568143689457	1.0682249144283	0.024490786855734	0.0018966561964176	0.0018966561871789
17.2	0.0010191028219481	116.58402402886	0.00036734030163295	0	0.032703878001871	0.44234241022131	1.4407026323787	3.7255804560565	1.078485630858	0.0043519515048406	0.00024040500085069	1.993040389404	0.00155941012061	0.083248328666692	1.146688572124	1.9530644833421	7.1649711126517e-05	0.12002056271051	7.0534768981112	0.011899181983617	3.8262301279127e-07	0.0020916631402521	1.0678960067672	0.024252106206554	0.0019080366934227	0.0019080366841284
17.48	0.00099744160757266	116.58516719368	0.00035822825281815	0	0.032139774504304	0.43741593314515	1.4414452000613	3.7265235208015	1.0783745365089	0.0042303553410254	0.00023263660297656	1.9928605506116	0.0015198651598305	0.082041277509595	1.1462033416931	1.9521918010595	6.9154149632134e-05	0.11517296584604	7.0504809561538	0.011723116317712	3.7660177360483e-07	0.0020077889865324	1.0674347284415	0.023960136618623	0.0019256124910854	0.0019256124817054
17.872	0.00096853665855699	116.58674625002	0.00034668666219185	0	0.0313975577554	0.43061103734628	1.4424585943665	3.7278003637717	1.0782153685151	0.0040759234314245	0.00022273166950346	1.9926008467141	0.001470817916886	0.08156603619734	1.1455226791826	1.9509692721086	6.6109696287774e-05	0.10900163336512	7.0462803621452	0.011496624301726	3.6882932691868e-07	0.0019031407824599	1.0667875502806	0.023585616764452	0.0019517094516743	0.0019517094421671
18	0.00095941413748327	116.5872565466	0.0003431327859236	0	0.031165717875781	0.42841195998944	1.4427837678422	3.7282076212385	1.0781626296333	0.0040289497508276	0.00021969600790374	1.9925143693486	0.0014559703375947	0.081576429892023	1.1453001422579	1.9505699251903	6.5194441027234e-05	0.10713649892285	7.0449072975092	0.011442425182608	3.66445310532e-07	0.0018717520075766	1.0665759216841	0.023469647637557	0.0019602705729417	0.0019602705633927
18.2	0.00094552738106106	116.58804867273	0.00033717332321471	0	0.030813310882066	0.42499838391195	1.4432842609678	3.7288324801563	1.0780790193929	0.0039587676157804	0.0002150005323777	1.992376603152	0.001429980902672	0.083333798994365	1.1449521080613	1.9499457658672	6.3648566284889e-05	0.1036056995029	7.0427604928272	0.011702319746035	3.6189562184904e-07	0.0018252928016357	1.0662449486983	0.023216000828017	0.0019742482023809	0.0019742481927637
18.48	0.00092664997169807	116.58914705322	0.00032960651226242	0	0.030338687527595	0.42026507084488	1.4439685925624	3.729678788262	1.0779594953943	0.0038665849381268	0.00020895875239344	1.9921783537606	0.0013970424018817	0.082153504227799	1.1444642331989	1.949071619808	6.1738381754071e-05	0.098980424732052	7.0397522927094	0.011523056523437	3.5553732998203e-07	0.0017651238773917	1.0657810286507	0.022904171535486	0.0019956207014694	0.001995620691748
18.872	0.00090118718254465	116.59066424302	0.00031989384928229	0	0.029707411101611	0.4137269904342	1.4448949057717	3.7308163548441	1.0777881957397	0.0037481505031127	0.0002011485309214	1.9918922125591	0.0013557334186559	0.081735385005351	1.1437802074472	1.9478473531329	5.9376316477855e-05	0.093119073316042	7.035535928117	0.011290118941551	3.4727770774749e-07	0.0016893830809669	1.0651305812665	0.022502300076072	0.0020272451422942	0.0020272451324186
19	0.00089308475823246	116.59115454407	0.00031687418088446	0	0.029508678736213	0.41161413757499	1.4451904048786	3.731177270537	1.0777314196895	0.0037118058243662	0.00019872979067212	1.9917969505619	0.0013431161456788	0.081765919769406	1.1435566439589	1.947447505533	5.8658816489929e-05	0.091353125839588	7.0341580230013	0.011233600166591	3.4474662095816e-07	0.0016665043562603	1.0649179788202	0.022377615263945	0.0020376144850311	0.0020376144751049
19.2	0.00088071128322314	116.59191562961	0.00031179371773932	0	0.029205105576001	0.40833440570476	1.4456429842128	3.7317283913688	1.0776413682575	0.0036571868761386	0.00019497182660488	1.9916451912502	0.0013209801873199	0.083528836338754	1.143207080478	1.9468226320249	5.7442458486162e-05	0.087998922674862	7.0320039447798	0.011490736005486	3.3985174150901e-07	0.0016324797491223	1.0645855747064	0.022104765428665	0.0020545233775577	0.002054523367549
19.48	0.00086377111961434	116.59297096402	0.00030528708281649	0	0.028793393134446	0.40378668282436	1.4462566959031	3.7324684489616	1.0775125287241	0.0035848271420215	0.00019008441079793	1.9914267588273	0.0012927097657149	0.082376425702941	1.1427172103381	1.9459476152182	5.5924715166306e-05	0.083619043847025	7.0289861139224	0.011305221114101	3.3303513390582e-07	0.0015880971573069	1.0641198193214	0.021768158438257	0.0020802609672276	0.0020802609570934
19.872	0.00084071327339181	116.59442868471	0.00029682750941568	0	0.028240690470122	0.39750495618565	1.4470774552848	3.7334512860746	1.0773276480416	0.0034907282695547	0.00018367550877295	1.9911112983819	0.0012568250142985	0.082021867161072	1.1420306328062	1.9447223439473	5.4019315367559e-05	0.078094909713959	7.024757246251	0.011061588655705	3.2414050907939e-07	0.0015316388285474	1.0634670922119	0.02133310686176	0.0021183370008823	0.0021183369905624
20	0.00083332516301411	116.59489976425	0.00029417419901696	0	0.028065545416565	0.39547494700296	1.4473370024509	3.7337603485782	1.077266316567	0.0034615876198528	0.0001816698891341	1.9910062251358	0.0012457657139528	0.082075237838683	1.1418062870854	1.9443222144213	5.3434157089399e-05	0.07643641424603	7.023375478126	0.011001441138064	3.2142045660521e-07	0.0015144444721399	1.0632538088042	0.021198030587076	0.0021308294883656	0.0021308294779847
20.2	0.00082202099944061	116.59563100976	0.00028970056657835	0	0.027796903873671	0.39232381137551	1.447731607217	3.7342286167044	1.0771689584086	0.0034175357721574	0.00017854161024418	1.9908387627904	0.0012263344749939	0.083847714089085	1.1414555543596	1.9436969474196	5.2438803813772e-05	0.073289824150834	7.0212155699906	0.011254347894783	3.1611451421089e-07	0.0014887336591008	1.0629204020194	0.020902737844179	0.0021511810422556	0.0021511810317754
20.48	0.00080646494640373	116.59664496075	0.00028392797123433	0	0.027430469520002	0.3879544017889	1.4482601148977	3.7348486941846	1.0770294835575	0.0033586728963263	0.00017443203630861	1.990597551976	0.0012013402270808	0.082723470859646	1.1409641505419	1.9428214689826	5.11846068336e-05	0.069198872318102	7.0181899718641	0.011059838480634	3.0877013077523e-07	0.0014549217651503	1.0624533571143	0.020538334404019	0.00218202607578	0.0021820260651493
20.872	0.0007851622644226	116.59804550488	0.00027634388673597	0	0.026934834373659	0.38191897744128	1.4489540500818	3.7356559347585	1.0768289972555	0.003281214086304	0.00016897459909049	1.9902488163211	0.0011692777947398	0.082438639258221	1.1402755967846	1.9415956999214	4.9587161732767e-05	0.064073938579403	7.0139509347949	0.010801886902086	2.9918241785557e-07	0.0014114053387974	1.0617990219284	0.020067891769145	0.0022275859431975	0.0022275859323446
21	0.00077830322133992	116.59849810288	0.00027394902636282	0	0.026776944463511	0.37996856366375	1.4491705332751	3.7359059966692	1.0767624129341	0.0032570166193717	0.00016725125426493	1.9901325751154	0.0011593231558169	0.082517453048103	1.1400506419021	1.9411954399257	4.9091680831201e-05	0.062543294192142	7.0125660056407	0.010737051958956	2.9626276168903e-07	0.0013980335784004	1.0615852568213	0.01992210907402	0.0022425243720798	0.002242524361154
21.2	0.00076780599500859	116.59920065591	0.00026990953736448	0	0.026533981219788	0.37694098206729	1.4494959018485	3.7362798951688	1.0766566121347	0.0032202331397504	0.00016455654231595	1.9899472074612	0.0011418302528284	0.084301495164702	1.1396989947922	1.9405700017712	4.8246967341226e-05	0.05964839459285	7.0104013082469	0.010984788707437	2.9053784750172e-07	0.0013779211396913	1.0612511393568	0.019603718908834	0.0022668130695947	0.0022668130585504
21.48	0.00075332141055243	116.60017481253	0.00026466846391967	0	0.026201075484986	0.37274289417977	1.4499231894762	3.7367632576352	1.0765048276907	0.0031706886735688	0.00016098785377659	1.9896799903233	0.0011192066198342	0.083203730745226	1.1392063837365	1.9396943459062	4.7173613177386e-05	0.055908076227687	7.0073692936219	0.010779321529508	2.8268505058469e-07	0.0013512424363367	1.060783177832	0.0192124893868	0.0023034233909082	0.0023034233796852
21.872	0.00073343378592277	116.60152037105	0.00025773391379641	0	0.025748152630299	0.36694411472123	1.4504676123418	3.7373706190676	1.0762862713518	0.003104783990239	0.00015620417675493	1.9892932651565	0.0010899643919307	0.082992773091415	1.1385162600871	1.938468431822	4.5790243855052e-05	0.051267267589306	7.0031217924148	0.010504733757262	2.724820638333e-07	0.0013164877634412	1.0601276950714	0.018710600812562	0.002357267126499	0.0023572671150133
22	0.00072701382397123	116.60195519472	0.0002555349280891	0	0.025603285123243	0.36507017543339	1.4506336049159	3.7375536141474	1.0762136078647	0.0030840347868469	0.00015468360792019	1.9891642842236	0.0010808398389715	0.08309897787309	1.1382908180178	1.9380681468946	4.5357851110704e-05	0.049891376876967	7.0017342183365	0.010434618581318	2.6939557497648e-07	0.001305710885435	1.0599135852637	0.018555864477463	0.0023748770462252	0.0023748770346536
22.2	0.00071720119141755	116.60263015218	0.00025183120379776	0	0.025379808579487	0.36216130334866	1.450878167896	3.7378204263677	1.0760980451296	0.0030523377332121	0.0001523042847636	1.9889585129563	0.001064826866402	0.084893653180429	1.137938436103	1.9374426927837	4.4620256666196e-05	0.047295731810714	6.9995655001702	0.010677086131678	2.6332107404403e-07	0.0012894058746833	1.0595789583302	0.01821743077094	0.0024034183706177	0.0024034183589068
22.48	0.00070365628346404	116.60356603386	0.00024701021472739	0	0.025072557240008	0.35812781969276	1.4511882102314	3.7381491966828	1.0759320628065	0.0030093463482977	0.00014913608260545	1.9886617394184	0.0010440498398695	0.083817723780647	1.1374448477511	1.9365670583208	4.3677256757431e-05	0.043969614766453	6.9965280728335	0.010459968381025	2.550897630814e-07	0.0012675925463799	1.0591103379686	0.017805526875369	0.0024461429048139	0.0024461428928945
22.872	0.00068506730041189	116.60485870326	0.0002406085678013	0	0.024652702674904	0.352556406382	1.4515613386396	3.7385319421123	1.0756927656849	0.0029516270370364	0.00014486588313645	1.9882320540817	0.0010170805515918	0.083681120372869	1.1367534399203	1.9353412465014	4.2451870145696e-05	0.039893932434649	6.9922733862505	0.010168420607454	2.4450379295179e-07	0.0012388406962607	1.0584540273924	0.017283311377345	0.0025085299135928	0.002508529901369
23	0.00067906382607068	116.60527642983	0.00023857501050126	0	0.024518008218029	0.35075594303615	1.4516699295885	3.738639929382	1.075613152409	0.0029333352126028	0.00014350331565475	1.9880887253239	0.0010086439163933	0.08381544471799	1.1365275962115	1.9349410106761	4.2066955777721e-05	0.038696936529685	6.9908835568599	0.010093109743403	2.4132969512227e-07	0.0012298481109416	1.0582396683302	0.017123628680527	0.0025288419136748	0.0025288419013519
23.2	0.00066990922945097	116.60592484271	0.00023516093084062	0	0.024309844501955	0.34796112589846	1.4518231977899	3.7387874811403	1.0754864717798	0.0029052776004193	0.00014137334527683	1.9878600626249	0.0009938806071849	0.085616102626233	1.1361746055457	1.9343156497709	4.141126209265e-05	0.036441023320469	6.9887114010341	0.010331341395472	2.3506272545526e-07	0.0012161677711122	1.057904672543	0.016772713574768	0.0025616140150224	0.0025616140025395
23.48	0.00065729170872177	116.60682390669	0.000230711024187	0	0.024022927692924	0.34408579240901	1.4520021073038	3.7389453284177	1.0753044255146	0.0028670039995736	0.00013852892908128	1.9875303459999	0.00097470102061045	0.084553676359286	1.1356802015234	1.9334401770417	4.0569783068104e-05	0.033579382805132	6.9856693279784	0.010103647624964	2.2669983835368e-07	0.0011977215394608	1.0574355742275	0.016351916098049	0.0026102541580372	0.0026102541453169
23.872	0.00064002460295831	116.60806570103	0.00022479807099183	0	0.023629603763122	0.33873283035691	1.4521864189906	3.7390824508296	1.0750418917809	0.0028152315646332	0.00013468779181004	1.9870532409668	0.00094977277432064	0.084486623514923	1.1349877102308	1.9322146425087	3.9471240585869e-05	0.030125324681102	6.9814084429444	0.009797506345133	2.1611116146467e-07	0.0011731486436283	1.0567786614577	0.015827456455457	0.0026805536135404	0.002680553600477
24	0.00063025713842768	116.60839527297	0.00023909093748602	0	0.023332330030986	0.33728711283929	1.4522351612127	3.7390876796325	1.0749480353541	0.0027786077883961	0.00013273388417152	1.9868814000047	0.00095923676471121	0.08451819350699	1.1347602163837	1.9318127564725	4.0389041998846e-05	0.029110827714	6.9800164149886	0.0096685387588511	2.154434279119e-07	0.0011571503850762	1.0565641356687	0.016076202640911	0.0027070097830229	0.0027070097698304
24.2	0.00062915582581693	116.609174818	0.00036631859501671	0	0.023604568190937	0.50646374947712	1.4522796596504	3.7391956973512	1.0748376523543	0.0028083740075732	0.00013175487533612	1.9866843818672	0.001219068807769	0.087176850118235	1.1344114947158	1.9311955658721	4.9857421141386e-05	0.027254452937285	6.9778398283513	0.010233297055993	2.3070377362908e-07	0.0011679255045505	1.0562287511941	0.018807849951023	0.0027243107474227	0.0027243107341456
24.48	0.00066592987214532	116.61078984292	0.00044740989617698	0	0.025374917683879	0.74104629390128	1.452288895649	3.7394274371512	1.0747163760151	0.0030140838782714	0.00013767782706179	1.9864745325805	0.0014617454248199	0.087694882248564	1.1339330497951	1.9303431158983	5.5948339410014e-05	0.024995936687109	6.9747988317128	0.010588470735955	2.3814866011585e-07	0.0012504674953522	1.0557597121575	0.02029243773276	0.0027320879420272	0.0027320879287121
24.872	0.00078377852457845	116.61406502899	0.00050599686072421	0	0.030234546729258	1.0650726225926	1.4522214483826	3.739793794877	1.074565760403	0.0035832472805519	0.00015981683893097	1.9862191659939	0.0017023361658881	0.089533256817949	1.1332756853196	1.9291601578422	6.2102538165467e-05	0.022398447894245	6.9705787002521	0.010854055678418	2.4163836505675e-07	0.0014816557283911	1.0551067859652	0.0208685590923	0.0027403865751992	0.0027403865618436
25	0.00083599584558422	116.61538696185	0.00052324915576781	0	0.032328217754285	1.1697856109931	1.4521831358268	3.7399215331768	1.0745182422749	0.0038289489798309	0.00016997987550448	1.9861391268002	0.0017757042687934	0.090215847623758	1.1330637901506	1.928776064853	6.4463524763193e-05	0.021673430262248	6.9692169417565	0.010907533822184	2.4274513413568e-07	0.0015817610989366	1.0548953038929	0.020947417211528	0.0027433191337443	0.0027433191203744
25.2	0.00092251114331291	116.61754421149	0.00041248523676173	0	0.035613356869941	1.1604647730144	1.4521120724075	3.7400471290052	1.0744199438046	0.004214591002141	0.00018743283391905	1.9859658777103	0.0016124555898421	0.092594991020501	1.1327309454899	1.9281709620536	5.7900837245809e-05	0.020267765047986	6.967108031688	0.011052975426487	2.2077227081176e-07	0.0017389538693323	1.0545668468935	0.01766352033962	0.0027655418118545	0.0027655417983761
25.48	0.0010281421227987	116.62053533571	0.00036725231347981	0	0.039691042790236	1.1475403601041	1.4519883785567	3.7400899795537	1.0742413218285	0.0046932335262532	0.00020971521443992	1.9856416208628	0.0015224216571853	0.090836140370713	1.1322604651372	1.9273163094731	5.7918221101077e-05	0.01850579723669	6.9641927442973	0.010420537862527	2.0665842360054e-07	0.0019340322818239	1.0541112098731	0.015683641701404	0.0028209733305329	0.0028209733167839
25.872	0.0011480787534554	116.62466691949	0.00037713000352852	0	0.044495817337049	1.1296879809189	1.4517610774588	3.7400626942653	1.0739637572238	0.0052571517924507	0.00023533392265685	1.9851333048746	0.0015416166338737	0.089924326601175	1.1316013725155	1.9261202546028	6.3347434340858e-05	0.016451858170135	6.9601748636563	0.0097415947688097	1.9952539705854e-07	0.0021638224469499	1.053480645139	0.014733889451566	0.002903455790781	0.0029034557766293
26	0.0011820491221084	116.62600207787	0.00038576846061722	0	0.045869091273764	1.1239187983633	1.4516746837349	3.7400477592137	1.0738709002087	0.0054183098351727	0.00024257661852599	1.9849629016756	0.0015650174169131	0.089896299912518	1.1313870657989	1.9257309335061	6.5373127991866e-05	0.015874104340898	6.9588762494987	0.0095977421027697	1.9845877049208e-07	0.002229481366413	1.053276292474	0.014586986129679	0.0029284410067616	0.0029284409924879
26.2	0.0012299294365655	116.62807464503	0.00040132014305323	0	0.047833512141162	1.1149634298849	1.4515249602176	3.7400211548061	1.0737249420104	0.005648821931844	0.0002528555234145	1.9846948983918	0.0016142282744413	0.091532002210199	1.1310535129157	1.9251241333332	6.8545556251322e-05	0.01478321297415	6.9568594376517	0.0098055754446987	1.9677971288175e-07	0.0023233847561982	1.0529584198207	0.014442305935754	0.0029653528330227	0.0029653528185687
26.48	0.0012879071593102	116.63094856795	0.00042279956938852	0	0.050243351461024	1.1025457856561	1.4512845008702	3.7399750421666	1.0735195307626	0.0059315624824049	0.00026525838009837	1.9843174730531	0.0016909431876658	0.090087274118273	1.1305896020851	1.9242777515396	7.2585130096463e-05	0.013458207206261	6.9540584850239	0.0095716928138718	1.9479002844047e-07	0.0024385405001339	1.0525160273327	0.014287452268635	0.0030135376452426	0.0030135376305533
26.872	0.0013537910906506	116.63491843608	0.0004491369513527	0	0.053027699642724	1.0853934062861	1.4508953365123	3.7399007083642	1.073230516691	0.0062581677677599	0.00027935842799983	1.9837860343578	0.0017968025172703	0.089876943805229	1.1299462662463	1.9230984823108	7.7324016941445e-05	0.011953358779523	6.9501751913458	0.0093243542924019	1.9277236035428e-07	0.002571514868412	1.0519011147683	0.014124648221384	0.0030737659632928	0.0030737659483094
27	0.001372153666222	116.63620135733	0.00045666561957887	0	0.05380948186771	1.0798504319094	1.4507576381778	3.7398749370699	1.0731359148904	0.0063498516109522	0.00028328762961446	1.9836120073596	0.0018289702430221	0.090034802053867	1.1297376046794	1.9227146370329	7.865970347961e-05	0.011535645846918	6.9489150675063	0.0092722995564534	1.9224145614454e-07	0.0026088309815735	1.0517012520121	0.014080356848734	0.0030915903989295	0.003091590383859
27.2	0.001397731366855	116.6381928388	0.00046739436094992	0	0.054913010800785	1.0712462019601	1.4505305614748	3.739828944438	1.0729867196499	0.0064792474480819	0.00028884105354609	1.9833372418858	0.001877339216158	0.091853484668433	1.1294129335618	1.9221160181855	8.0615882650777e-05	0.010749881686181	6.9469533205255	0.0095795880615214	1.90251783846e-07	0.0026614831842341	1.051389819223	0.013887882266431	0.0031188358118658	0.0031188357966622
27.48	0.0014277130292606	116.64095431472	0.00048023105801195	0	0.056236638858484	1.0593154529858	1.4501882447008	3.7397490405059	1.0727753304074	0.0066344079857859	0.0002953098394885	1.9829474581993	0.0019373149618757	0.090542596149814	1.1289609918964	1.9212800730127	8.2912702481508e-05	0.0098024776716442	6.9442199934057	0.0094161747276665	1.879779090228e-07	0.0027245923718378	1.0509553695734	0.013722324324488	0.0031563264156382	0.0031563264002516
27.872	0.0014598757423585	116.64476882134	0.00049436608446232	0	0.057706963707218	1.0428356202737	1.4496682239081	3.7396181649278	1.0724767955638	0.0068066780344533	0.00030226789453334	1.9823965402403	0.0020060730973132	0.090417907697725	1.1283327185017	1.9201133378522	8.5413498345782e-05	0.0087364388627778	6.9404150057912	0.0092029604533444	1.8554484799624e-07	0.0027946067212544	1.050349721689	0.013561638273246	0.003204946866331	0.0032049468507069
28	0.0014683604791189	116.64600153431	0.00049817002896069	0	0.05810450505755	1.0375099840304	1.4494903077619	3.7395718484907	1.0723789044595	0.006853232408602	0.00030410900777627	1.9822158189856	0.0020250630208009	0.090590109132674	1.1281284892548	1.9197331103229	8.6084513804282e-05	0.0084423014399313	6.9391769211345	0.0091548090798809	1.8485659432023e-07	0.0028135129164008	1.0501524842122	0.01351747453808	0.0032195841938498	0.0032195841781542
28.2	0.0014797144217206	116.64791506827	0.00050351744170314	0	0.058649247927651	1.0292431235359	1.4492032009678	3.739493436598	1.0722248995519	0.0069169988456851	0.00030661551685042	1.9819313144294	0.0020528137620678	0.092403333750976	1.1278102452421	1.9191396980124	8.705391960257e-05	0.0078881838223611	6.9372463256879	0.0094674345230061	1.8304774445529e-07	0.0028393929039161	1.0498447775894	0.013378437467574	0.0032419455185251	0.0032419455027202
28.48	0.0014919954012217	116.65056844149	0.00050947425599884	0	0.059268762696203	1.0177801766885	1.4487827397335	3.7393680756861	1.0720073213061	0.0069894624553222	0.0003093238681472	1.9815290583218	0.0020846858423169	0.091080445560856	1.1273662914198	1.9183101928684	8.8121238284334e-05	0.0072241494087496	6.9345504627162	0.0093060039795704	1.8081376514847e-07	0.0028687682273795	1.0494148438161	0.013243023018997	0.0032726736882642	0.0032726736723092
28.872	0.0015031168468333	116.6542335903	0.0005153163385443	0	0.059889057274335	1.0019465162634	1.4481637404597	3.739170844124	1.0717002737898	0.0070619000614638	0.00031181777517931	1.9809610533308	0.0021175067806688	0.090954097998869	1.1267473291907	1.9171509869349	8.9163029623662e-05	0.0064821713308106	6.9307873054012	0.009091670826909	1.7827977329755e-07	0.0028980601227778	1.0488143123377	0.013097912990264	0.003312668225795	0.0033126682096446
29	0.0015054928616061	116.65541803511	0.00051671113695608	0	0.060038471327675	0.99682969599193	1.4479556549913	3.7391019720965	1.0715995683639	0.0070793134825727	0.0003123645955117	1.9807746978526	0.0021257623868494	0.091125277032572	1.1265457222047	1.9167728971064	8.9412322375145e-05	0.0062783120453412	6.9295605951114	0.0090426976574846	1.7753991045299e-07	0.0029050798259806	1.0486184863641	0.013056516168977	0.0033247673598631	0.0033247673436536
29.2	0.0015080661552851	116.65725663612	0.0005185280692763	0	0.060222820812573	0.98888697599827	1.4476238275719	3.7389888751146	1.0714415278011	0.0071007545984583	0.00031298560026135	1.9804821417627	0.0021376568786739	0.092921386415484	1.1262311790317	1.9161825224644	8.9744227004334e-05	0.0058948594732232	6.9276456529783	0.0093570943237874	1.7600987425133e-07	0.0029136958116462	1.0483127424084	0.012964054870115	0.0033430851914215	0.0033430851751225
29.48	0.0015094788282709	116.65980609307	0.00052012115181063	0	0.060389110363681	0.97787348749945	1.4471457706935	3.7388164090797	1.0712188866158	0.007119991655916	0.00031338088861566	1.9800698164242	0.0021495083098941	0.091570091000865	1.1257916507148	1.9153567020007	9.0037458768792e-05	0.0054373579222386	6.9249677404448	0.0091964795807022	1.7397494424686e-07	0.0029213613460183	1.0478851040609	0.012857842804415	0.0033679985113347	0.003367998494914
29.872	0.0015077699738801	116.66332767961	0.00052081786235715	0	0.060463968465147	0.96266066062906	1.4464546739722	3.7385535067324	1.0709050898859	0.0071283756145395	0.00031314790208357	1.9794884225798	0.0021583191796989	0.091428747924376	1.1251775663237	1.9142016820535	9.0176528939039e-05	0.0049284703701816	6.9212228842079	0.0089829797580349	1.7156696608794e-07	0.0029245286809398	1.0472870099761	0.012732360411172	0.0034003230200997	0.003400323003521
30	0.0015064435706953	116.66446573003	0.00052073170628948	0	0.060454592181862	0.95774446849461	1.4462247639268	3.7384629925167	1.0708021975664	0.0071271419359272	0.00031290849115324	1.9792977367767	0.0021596168068676	0.091596310144859	1.1249772683755	1.9138247514604	9.0166889845938e-05	0.0047889826560611	6.9200006855558	0.008934185401669	1.7084777570728e-07	0.0029239434143375	1.0470918136172	0.012695400921582	0.0034101203567924	0.0034101203401659
