# Time [h]	All Liquid [L]	MS [g]	Butyric [g]	AA [g]	Propionic [g]	Valeric [g]	LCFA [g]	Acetic [g]
0.2	5.2983384833334	0.27219234537307474	0.07774342968645136	0.16997397512243623	0.1814820468230437	0.025483200013742862	0.37146394714429726	7.689087672167066	
0.48	7.5566282784636	0.34207130954466747	0.17076439509095878	0.24513964127418914	0.5227299402220895	0.06050482721210217	1.1435946572275024	9.476866318187634	
0.872	10.812590647718048	0.41260868737445044	0.23879950011907133	0.29259374509393316	0.9664328195772413	0.08541538916827389	2.687041367198684	10.779911031519493	
1.0	3.554543844319488	0.12827554172651853	0.07527445949641046	0.09021949758406177	0.3259791007846978	0.026923652903040114	0.9817166650140376	3.244844327203208	
1.2	3.596526416970399	0.11917472776840442	0.06986533166482943	0.08285159368919158	0.33011396317252056	0.02513189715393908	1.1358323920630187	2.7910971183113196	
1.48	5.144170180807281	0.15144834574508473	0.08825387942752012	0.10379044977248847	0.4505584458462033	0.031895927606568515	1.8724585646789675	3.0549295716631533	
1.872	7.3847510502316345	0.1847194730465752	0.10654127964699042	0.12436901747249463	0.5704609726720538	0.03867727554335347	3.0846716566227363	2.7825518607700093	
2.0	2.428049541208318	0.05757201291622897	0.033107769743696655	0.0385333784929111	0.17825022741456645	0.01203666112684193	1.0486756119342646	0.7688134941428807	
2.2	3.8285314531684036	0.08363346019075084	0.04783734897853601	0.05550989077129538	0.25765613958744155	0.017419205396272747	1.7256016906421554	0.9179901989497552	
2.48	5.4097177801346366	0.1055049515268231	0.05993241138708572	0.0692782973203662	0.319068371568257	0.021856786564281208	2.543948284589216	0.898638519560439	
2.872	7.633662323935702	0.1273769564909335	0.07171634314042818	0.08247154407188005	0.37075869184269883	0.026181792760776722	3.7002448643036967	0.8516463789392776	
3.0	2.497185283930498	0.039601087252788644	0.022239739662213927	0.025518030938793804	0.11364748346935433	0.008121525720870559	1.2152712574802926	0.250490683813214	
3.2	3.9114273570312035	0.057368910917071116	0.032072673555330944	0.03670676151999006	0.1608955068083688	0.01171180934022345	1.9049217156731997	0.34297303859184136	
3.48	5.490720686475636	0.0723135404900791	0.04018300656798354	0.04582856348218541	0.1965473935035145	0.01466446090125104	2.650228999762328	0.4164695044146877	
3.872	7.708906426618206	0.08763642526037305	0.04829054538580375	0.05480493135107452	0.22877706205249834	0.01759158971150565	3.615816974547522	0.5001084429370394	
4.0	2.5191227823055384	0.027304844465412398	0.01500732499291424	0.016997762168811263	0.0703993926953657	0.0054631528309225024	1.1672585692868542	0.15619336557787591	
4.2	3.9408765821614034	0.03971386964535273	0.021727198447212423	0.024547662385914448	0.10049245405539782	0.007897711937252808	1.787214602443669	0.22899221446576162	
4.48	5.524971733263924	0.050396410816353175	0.02739208726960986	0.030839578090433705	0.12450308075787218	0.00993117275426339	2.4226499235517154	0.2958529522841111	
4.872	7.747007933729221	0.06177765752538907	0.03325562222036337	0.037254061224520824	0.14810286420312044	0.012002090343630324	3.230743331679571	0.37529309914508463	
5.0	2.5307473026110743	0.01932992062827399	0.010373519102393643	0.011598017641610508	0.04591790195562543	0.003737642625198424	1.0383947915279412	0.11895370745880447	
5.2	3.956956404752604	0.02831833281088118	0.015111614306850438	0.016852926883044572	0.06631070025299389	0.005428787833957481	1.5838684358698507	0.17799748962627482	
5.48	5.544129540468685	0.036347520699297794	0.01923577498027533	0.021376134705567425	0.08349309412131481	0.006878140566844481	2.148355857837711	0.23593410797122163	
5.872	7.7688198457491895	0.04539785606866629	0.023719226393489636	0.026227010432330968	0.10160150655460433	0.008416981588886806	2.8950146956376295	0.30925054759000253	
6.0	2.537417480930562	0.014299818846653696	0.007440393520930205	0.008211198691324103	0.03174263860302798	0.0026331639493020454	0.9350667188878188	0.09904102341254581	
6.2	3.9662352293186034	0.021192413769773728	0.010940862223157388	0.012046073230644569	0.04639633202242367	0.003854228802871306	1.4388503769661711	0.1505516315800866	
6.48	5.555236672100645	0.027693512019126412	0.014130670892887266	0.015507967246530198	0.05944497253981993	0.004942849710257374	1.9782249947761938	0.2038753040690576	
6.872	7.781264258013166	0.03559493521399917	0.017831183590260254	0.01948568029427198	0.0742226955484135	0.0061681991503716215	2.7148528247101456	0.27507765665116624	
7.0	2.5411853828610584	0.011323332671231475	0.005639144977049375	0.006151935720442553	0.02339432491788508	0.0019431416337237792	0.8814380860558577	0.08890695193223286	
7.2	3.9714053154948035	0.017068613975410984	0.008404328516739671	0.009153615217461735	0.03468137105199528	0.002877245430586726	1.3659681973744893	0.137065299032903	
7.48	5.561214616258565	0.0228814528184142	0.011076491353034996	0.012038618098947065	0.04536292935445506	0.003754997447216855	1.8919728462473802	0.1892156103280706	
7.872	7.787447622840245	0.03055879166413543	0.014408516566031957	0.015620167981821215	0.058379661534590906	0.004811257950414705	2.609267261192437	0.26193910624238936	
8.0	2.5429936675555864	0.009843218626979504	0.004603480572366635	0.004984442254774805	0.018587875770675697	0.001529251832197581	0.8474670930331308	0.08533359857157478	
8.2	3.973724647569386	0.015143046487423524	0.006971918151585409	0.0075440699180380905	0.02799554208820364	0.0022963883259053213	1.3125234847480258	0.13315471779224478	
8.48	5.563564309175343	0.02088022007667992	0.009397041028692347	0.010158176605830472	0.03743266499809666	0.003056051642890733	1.8125553361516487	0.186794816414795	
8.872	7.789233523458454	0.02890825263099181	0.012589965234796881	0.013579404286749858	0.04960761199346501	0.004016969495105911	2.481512603329775	0.26386242660880144	
9.0	2.5434378871249943	0.009408512566407087	0.004058597331185992	0.004371087175480752	0.015938850323315275	0.0012866718591081955	0.8036927675195065	0.0864657963433844	
9.2	3.9741151302083857	0.014682805063528445	0.0062252094367336724	0.0066932464333775265	0.024325308609572032	0.0019532285951853303	1.2387948430074742	0.1360499390142192	
9.48	5.563644856631983	0.02055712696499331	0.008515553556204928	0.009120830388776712	0.03305798344279585	0.002631656193884665	1.698712191552114	0.19271352135395112	
9.872	7.78882077425518	0.02874995628665137	0.011567950321138434	0.012274008432160142	0.04458301065839985	0.0034965836102628842	2.3031447564250898	0.2746766279216715	
10.0	2.5432699600417306	0.009369785483963156	0.0037403623286174745	0.003952340375152809	0.014389092806379794	0.0011223002419583758	0.7437471395274275	0.09018404963798128	
10.2	3.973837937543386	0.014594057991244306	0.005753314989597769	0.006035278692800418	0.022083359671368746	0.0017062794071109459	1.1415044877573668	0.1421296446126577	
10.48	5.563366793632783	0.020270683913917478	0.007870749730565058	0.00815184924514798	0.030155082865850277	0.0022953935439322115	1.557135859269721	0.20123931458796568	
10.872	7.788931576228421	0.027830754310934704	0.010627572616079299	0.010762374646311489	0.04072250503809963	0.0030251224573080507	2.09954646315175	0.2853695839401903	
11.0	2.5433664960695066	0.009013506474461043	0.0034260147193764913	0.003442070709594045	0.013135471386742946	9.67390120628781E-4	0.6770936420766366	0.09348146322955928	
11.2	3.9741610731987858	0.013879362513191827	0.005240907679060171	0.005195463232351236	0.020123446737623393	0.0014611317624432687	1.0375195359971552	0.1466753822339416	
11.48	5.564179237847182	0.01897009424338553	0.007105592341520297	0.006903778598942093	0.027367068841108566	0.001945234149067942	1.4133848811365881	0.20615220504826678	
11.872	7.790713671902941	0.025535490020962937	0.009468779378162344	0.008932436198736413	0.036679771393672754	0.0025250967273585194	1.9052057823094877	0.2890987908055447	
12.0	2.5440070041944343	0.00822560789300346	0.0030399242977468227	0.002840486222469879	0.011800382630144272	8.036443789170635E-4	0.6145507936637998	0.0943734422664907	
12.2	3.975280937000786	0.012571559446645888	0.004622463975196634	0.00425452951604234	0.01800407264712083	0.0012053231742277953	0.9422400674325762	0.1472861235173489	
12.48	5.565935526940063	0.017044754021989558	0.006222208601145284	0.005608090916611656	0.024352450160042855	0.0015911263556071561	1.2851478923356539	0.20558155097754102	
12.872	7.793399283596238	0.022790482498687224	0.008233299942696086	0.0072121623569814265	0.032437264997570804	0.0020480526477533495	1.7358657816181506	0.28596462816557805	
13.0	2.544899026291714	0.0073313079203056325	0.0026390837649266866	0.0022910723007843526	0.01041868869925662	6.505561265349336E-4	0.5602807519822933	0.09314201035197439	
13.2	3.976690781857586	0.01119106841700694	0.004006021259276096	0.003430082354724757	0.01586347138606433	9.73636306793942E-4	0.8598011700338198	0.1449134156164068	
13.48	5.567913962734502	0.015169688181514115	0.005387481681398757	0.0045275112238250025	0.021417751921064147	0.0012838074612934328	1.1738094490292366	0.2015473564860965	
13.872	7.796117224911334	0.020319668078140042	0.007137884076140215	0.005851023243753606	0.02851157923880396	0.0016552573036362262	1.5860855197674553	0.27931757909192334	
14.0	2.545778202444418	0.006542127046527769	0.0022900042148194014	0.0018625025036462274	0.009159793338783785	5.264123419503298E-4	0.5118582497171174	0.09088974016369675	
14.2	3.9780384595485856	0.010003151008072664	0.0034824547180057337	0.0027988394208766877	0.013956904254885442	7.897805914031947E-4	0.785063408454646	0.14122645249371876	
14.48	5.569744557404462	0.013596736120279193	0.004698639943719128	0.0037163775689960203	0.018876228624396793	0.0010460864965419832	1.0702478401617657	0.19612927236244113	
14.872	7.79856502837579	0.01828976593051123	0.006259600903605771	0.00484738950850139	0.02521605394646546	0.0013594332877766057	1.4413658994159206	0.27136170379075814	
15.0	2.5465655634167064	0.0058967175874302625	0.002012110710619082	0.001547851088244659	0.008111758161643778	4.335633644998607E-4	0.4645166506536184	0.08825902976598507	
15.2	3.979240126019986	0.009036088077072962	0.0030693717887946095	0.002337638349696844	0.01238735052736032	6.535107024870638E-4	0.7107263685568297	0.1370425279096136	
15.48	5.5713738298870625	0.012319504704264822	0.004159736523508112	0.0031260127941480425	0.016809117368559542	8.715216147373876E-4	0.9651204834760378	0.1901394415215164	
15.872	7.800752705046718	0.01663857462668653	0.00557611017696385	0.0041176128328155445	0.022564445617312148	0.0011438120462433535	1.2916304113770725	0.2627277262249581	
16.0	2.5472708891527702	0.005371019723188506	0.00179596359133737	0.0013189693646600705	0.007270461088744988	3.659820881176182E-4	0.4153490765604676	0.08541389062315487	
16.2	3.980321624175386	0.008246052350233006	0.0027479798040007616	0.002001675482115768	0.01113056234088972	5.544439850729784E-4	0.6332555031297712	0.13253345286073587	
16.48	5.572851444969503	0.011270432898620748	0.0037394678500833477	0.0026945202509643046	0.015156348733420871	7.446018203759124E-4	0.8555480577202066	0.1837005079271748	
16.872	7.80276014500079	0.015269851289245453	0.005039752726743226	0.003580603262720772	0.02044174660759417	9.865677224690002E-4	1.1367428165842883	0.25346122933583426	
17.0	2.5479205879722264	0.004933851586987403	0.001625908418879429	0.0011501090322066619	0.006596280133075952	3.166214588247982E-4	0.36468409769460663	0.08236150433188098	
17.2	3.981323817209186	0.00758557207164462	0.0024939814190764174	0.0017526989298781589	0.0101212038457712	4.818731751596899E-4	0.5539899005918247	0.12769889162689205	
17.48	5.574231959539903	0.010386539254841962	0.0034049481136868417	0.002372479175300626	0.013823450610270367	6.511502377419542E-4	0.7447257620640072	0.17680395913294247	
17.872	7.804656183284733	0.014103398492823395	0.004607986498090886	0.0031752734465995136	0.018716849536814087	8.697552933032533E-4	0.9828288422614997	0.24355411917498063	
18.0	2.5485363297222423	0.004559869128005234	0.0014884737685934085	0.0010221476358249864	0.006046886142830901	2.798324157196429E-4	0.3146252176404251	0.07909996664055113	
18.2	3.9822786762151856	0.007017145358049093	0.0022873930118092367	0.001562794223981485	0.009294738616899592	4.2748808567592E-4	0.4763570074320713	0.12253758745157205	
18.48	5.575556631154463	0.009619343926617488	0.003130327896825302	0.002124460423391126	0.012724089985171386	5.80529238097314E-4	0.6374361070223794	0.16944917182811298	
18.872	7.806493002771558	0.01307878049866905	0.004248694557383723	0.002858557289540103	0.01727816442598351	7.80333323914946E-4	0.8359108436342174	0.23299762110188862	
19.0	2.549134669902722	0.004230079555306545	0.0013735887923557754	9.216655716311413E-4	0.005586884151674564	2.515428151886147E-4	0.26703343716220324	0.07562480904860162	
19.2	3.983211049696186	0.006512867414712557	0.002113462933061935	0.001412490015396056	0.008598456666381855	3.8536243857073804E-4	0.40296691338231744	0.1170375020532813	
19.48	5.576858597248423	0.008933102744594483	0.0028967860445150706	0.001925928316385226	0.011789615712671989	5.252436739176974E-4	0.5366829051683526	0.16160671177900354	
19.872	7.808314283729221	0.012152144047854275	0.003938849038748388	0.0026009126288813918	0.016039594449360855	7.092338767868046E-4	0.6989098306257967	0.221722747957034	
20.0	2.549729587472258	0.003930796052612037	0.0012740676272599786	8.394888435506716E-4	0.00518921003782637	2.2893236547678644E-4	0.22273646762962407	0.07191074909091187	
20.2	3.984142047612786	0.006052872041115291	0.0019617464853100824	0.0012885483099434269	0.007992596422870589	3.5141603169771483E-4	0.33482964652161334	0.11115294709773105	
20.48	5.578165808632782	0.008302900738075842	0.0026911522058671016	0.0017603430001180156	0.01096919512274229	4.8017509268259755E-4	0.4434162433296474	0.15320327203335626	
20.872	7.810155064347037	0.011294113315598696	0.003662652300007023	0.002382706387998006	0.014939083033952777	6.503384552129978E-4	0.5725433626587006	0.20962081504765398	
21.0	2.550331992027778	0.0036529980733457446	0.0011850179635601477	7.6955398038927E-4	0.004834538302051662	2.101062216792539E-4	0.18192687832158252	0.06792284894158022	
21.2	3.9850872629991856	0.00562443135453231	0.0018252263580841776	0.001182300114508643	0.007449199176180738	3.2292698234323005E-4	0.2721803957416706	0.10483274209686193	
21.48	5.579496723402863	0.007713516868037324	0.0025047676096791047	0.001617030994137359	0.01022791345930312	4.419463532429805E-4	0.35793186984018033	0.14418033599865712	
21.872	7.812033127542717	0.010488229815833193	0.0034101006104311905	0.0021915732492819797	0.013935580684193602	5.996813687637255E-4	0.4573702043744324	0.19665426371479738	
22.0	2.550946731180546	0.0033918089783864696	0.0011033858854869439	7.080768519534102E-4	0.004510260338776886	1.9384423226854325E-4	0.14481366363035217	0.0636548432648255	
22.2	3.9860517730033855	0.0052210881329024	0.0016996296152955565	0.0010884169237264662	0.0069504436481931655	2.9816170106850053E-4	0.21542347294749417	0.09808384219279948	
22.48	5.580853176870742	0.0071580608618597216	0.0023325681643336198	0.001489585285059971	0.009544317260256808	4.0844272069791765E-4	0.28096868027061145	0.13458602564173186	
22.872	7.8139399117136445	0.00972868479432513	0.0031757415205685355	0.0020203719326462805	0.01300537180703796	5.548462344736093E-4	0.35475812919806976	0.18297819450215658	
23.0	2.551569799041666	0.003145715027315532	0.0010275525877682817	6.529036802025044E-4	0.004209261537752002	1.794103312222919E-4	0.1118744246501496	0.05916725945794353	
23.2	3.9870262823349853	0.004841339031579682	0.0015828010410061549	0.0010039385589574504	0.006486679701058137	2.7609179549846453E-4	0.1653703658092326	0.09102580933166315	
23.48	5.582216289210143	0.006635951104892257	0.002172209234936977	0.0013745789633144182	0.00890756108732031	3.784418093599536E-4	0.21375224698734108	0.1246381128446178	
23.872	7.81583791922723	0.009017204429562704	0.0029574495693689075	0.0018655179287291404	0.012137921540717706	5.14493768545503E-4	0.2664711439204052	0.16899578222165088	
24.0	2.5627912916805142	0.0029091979245660523	9.9787664642734E-4	6.025077811614585E-4	0.003978281798299143	1.6999069926689012E-4	0.08399807817880625	0.055749800856872	
24.2	4.002849061241386	0.004520207777377316	0.002265964952677249	9.312324591758441E-4	0.007537879261229791	3.1810928648019434E-4	0.12339795680142863	0.10329198089470888	
24.48	5.602116463368063	0.006661742654440206	0.003979740719346789	0.0013511866435435723	0.01257672955127679	5.047736099406346E-4	0.15862647631733715	0.16195834910350745	
24.872	7.8403053897779404	0.010925051868966034	0.006479052866222476	0.002175548871080591	0.02076649351421879	7.898854096177634E-4	0.19739408327223706	0.24111487375268073	
25.0	2.559824382333314	0.003801648686491345	0.0021971397944561977	7.541232777726334E-4	0.007100621252439047	2.675699831784496E-4	0.06204895007787877	0.07955817700850863	
25.2	3.984121874001786	0.0065282455411779464	0.002866921847588868	0.0012930835270057132	0.0104135650964479	3.845531436505309E-4	0.09100049162549352	0.10699327953129528	
25.48	5.578628309448903	0.010184737533225434	0.003551436042708045	0.0020277543014957083	0.013982982966812305	5.319583231669675E-4	0.1170817672086248	0.13070866597870912	
25.872	7.810130638995597	0.01589763492363189	0.004918493206921561	0.0031890322630021345	0.01966037594703031	8.009320264966425E-4	0.14536307518373803	0.16655128737925926	
26.0	2.5501970124583706	0.005341931270498079	0.001629651705287782	0.0010735423051321405	0.006489723839965335	2.693258811548431E-4	0.0456259939543251	0.05346306444948659	
26.2	3.984521332855986	0.008677839960252981	0.002627019420279028	0.0017483574663926965	0.01037984696083147	4.4058954426778884E-4	0.06701992830464658	0.08207862662969508	
26.48	5.577985232391622	0.012708865875978486	0.0038590316701756647	0.002567706390350234	0.015119168359119615	6.541338697833082E-4	0.08607330987402188	0.11330805163775995	
26.872	7.808567292591845	0.018677980597122876	0.0057424773054613135	0.0037850161827873994	0.022422643036526326	9.794788801520903E-4	0.106896237501914	0.15693354564077577	
27.0	2.549679548194434	0.006179097302716395	0.0019078166738506891	0.0012531557278988566	0.007452780010823962	3.257726091680405E-4	0.033571989345881535	0.05110834739053802	
27.2	3.983761844531186	0.009828683678023762	0.0030543873138906543	0.0019955744370897107	0.011953994670089296	5.221969946807581E-4	0.04937900136904898	0.07956156748090949	
27.48	5.577079375516623	0.014044276867630759	0.0044008628573684	0.0028554393542635182	0.017294389608461743	7.532557474696033E-4	0.06357705120579152	0.11084385159624036	
27.872	7.807657091815885	0.020080556388442413	0.0063552441879130665	0.0040893425936841445	0.025147690285464902	0.0010889235077460627	0.07932730211821894	0.15409835898723287	
28.0	2.549420009374978	0.006592289823942492	0.0020922546620231026	0.0013431057710490103	0.00829782494876515	3.5859027158219585E-4	0.024958642973776177	0.05019894102425667	
28.2	3.983439665690186	0.010373447424858002	0.0033055704582224347	0.0021148440058218333	0.013155238071035056	5.667520015509653E-4	0.03682395306324189	0.07813997492599302	
28.48	5.576782338750022	0.014631114202959953	0.004685462138931373	0.0029852661108195305	0.01873165830556561	8.036974708169566E-4	0.04764533454410696	0.10880057891279941	
28.872	7.807501379386173	0.020611271400870414	0.006639543881228912	0.0042095320372078915	0.02669322206233421	0.0011394745877397459	0.05992656912837682	0.1511129139318932	
29.0	2.549393725402754	0.006738147411833151	0.0021742466489995354	0.0013765488166246178	0.008755583294080783	3.7319876484389496E-4	0.018909327468057194	0.0492124412408263	
29.2	3.983449879513786	0.010539872662819855	0.0034092059786810292	0.0021540731534915223	0.013761429087154303	5.852989027417371E-4	0.028032857623279967	0.07657418636268845	
29.48	5.576888461575503	0.014757797208164228	0.004787903713230363	0.0030176303008448454	0.019384039493665073	8.222151030735217E-4	0.03653398706632207	0.10657504101476106	
29.872	7.807799674627781	0.02061475565978905	0.006712446963139932	0.004217869207347967	0.027271604295688655	0.0011530863319850744	0.04646094679463721	0.14797399003522882	
30.0	2.5495049680972826	0.006723028711004295	0.00219144259178449	0.00137581520967869	0.00891253752249217	3.764893460901916E-4	0.014716454003981666	0.04818776255347797	
