# Time [h]	Carbondioxide [NL]	Methane [NL]	Hydrogen [NL]	Sum [NL]
0.2	9.7731772316489	32.090988784127	0.063720351394247	41.92788636717
0.48	22.978725032102	37.607725835884	0.096939133080879	60.683390001067
0.872	34.119329269226	48.204901078688	0.13254247124832	82.456772819162
1	36.547164718866	51.52638000819	0.14244871631387	88.21599344337
1.2	50.150366871931	64.61832615958	0.16727165239839	114.93596468391
1.48	52.973478580718	70.187837768582	0.18696616431157	123.34828251361
1.872	58.442645848457	79.763562072021	0.20885957086877	138.41506749135
2	60.231834069077	82.863814451047	0.21557259968771	143.31122111981
2.2	70.080814868728	94.248237570765	0.2314487246254	164.56050116412
2.48	72.238387941665	98.677175667445	0.24430079173964	171.15986440085
2.872	76.109982433283	105.85309000659	0.25844572690931	182.22151816679
3	77.347769147558	108.1460746442	0.26278586490498	185.75662965666
3.2	83.957874388993	117.46405818201	0.27260762750369	201.6945401985
3.48	85.161472271351	120.05372857405	0.27943161546905	205.49463246087
3.872	87.248877363155	124.42908534764	0.28651552969565	211.96447824049
4	87.90943519417	125.84364989299	0.28869684789719	214.04178193505
4.2	91.454503375027	132.91135717629	0.29326850995698	224.65912906128
4.48	91.937856054057	134.11527304596	0.2959788337969	226.34910793381
4.872	92.89285871156	136.72497897766	0.2989449202401	229.91678260946
5	93.202216627644	137.6037405078	0.29987568619806	231.10583282164
5.2	95.083112026427	143.07281922674	0.30246788091321	238.45839913408
5.48	95.33433275413	143.80335448476	0.3040338298838	239.44172106878
5.872	95.894123251101	145.73050238595	0.30573258680011	241.93035822385
6	96.077579657978	146.39006090256	0.30626714945684	242.77390770999
6.2	97.30258334561	150.93165788286	0.30820934563616	248.5424505741
6.48	97.480759794984	151.49010562635	0.30933620396347	249.2802016253
6.872	97.885936222004	153.07701229265	0.31055484409327	251.27350335875
7	98.01908140537	153.62309284177	0.31094063968708	251.95311488683
7.2	98.939983692439	157.58580873249	0.31249176312316	256.83828418805
7.48	99.082482241251	158.03156765478	0.3133753616465	257.42742525767
7.872	99.406917216571	159.37947391978	0.31434078371268	259.10073192007
8	99.513728980274	159.84498615956	0.31464798359519	259.67336312343
8.2	100.2695764128	163.42324038881	0.31596622732122	264.00878302894
8.48	100.39045695226	163.7648665783	0.31670376177944	264.47202729234
8.872	100.66588899878	164.90798890083	0.31751250107599	265.89139040068
9	100.75664781521	165.30461690075	0.31776990555034	266.37903462152
9.2	101.4167320878	168.62133883668	0.31894419958964	270.35701512407
9.48	101.52209206702	168.8522814079	0.31958010420202	270.69395357912
9.872	101.76389016134	169.80671630555	0.32027125397659	271.89087772086
10	101.84346995984	170.14139323376	0.32048999804448	272.30535319164
10.2	102.4457012353	173.28475412947	0.32156309563467	276.0520184604
10.48	102.53847824033	173.40979208782	0.32211109014754	276.2703814183
10.872	102.75539652223	174.21081792663	0.32269514148506	277.28890959035
11	102.826541609	174.49705519679	0.32287895782954	277.64647576363
11.2	103.39288631478	177.53632994542	0.32388004299488	281.25309630319
11.48	103.47616825357	177.58465238586	0.32435556098989	281.38517620042
11.872	103.67549464133	178.28643480722	0.32485261731281	282.28678206586
12	103.74059733962	178.54204328639	0.32500934989653	282.6076499759
12.2	104.28478548104	181.52366311312	0.32596719069097	286.13441578485
12.48	104.36221714244	181.52827616948	0.32639689498327	286.2168902069
12.872	104.55089167178	182.17470373614	0.32683881574137	287.05243422366
13	104.61234068264	182.41313960825	0.32697879735327	287.35245908824
13.2	105.14349695599	185.36214442722	0.32789822722852	290.83353961044
13.48	105.21759158498	185.34226408209	0.32829667333747	290.88815234041
13.872	105.40019393216	185.95627017146	0.32870310139075	291.68516720502
14	105.4595842853	186.18446918669	0.32883236121779	291.97288583321
14.2	105.98289015171	189.11318473047	0.32970880323175	295.42578368541
14.48	106.05462230939	189.07630653461	0.33008111937014	295.46100996336
14.872	106.23292366045	189.66656805693	0.33045986391874	296.22995158131
15	106.29087328152	189.88715988002	0.3305806468425	296.50861380838
15.2	106.80859701959	192.80119760206	0.33141473596219	299.94120935761
15.48	106.87833284702	192.74990751447	0.33176389087495	299.96000425237
15.872	107.0530222031	193.31950343751	0.33211799884836	300.70464363946
16	107.10976657596	193.53341881396	0.3322311104353	300.97541650036
16.2	107.62313935688	196.43577871059	0.33302376843887	304.39194183591
16.48	107.69112554474	196.37092619983	0.33335057173978	304.39540231631
16.872	107.86266943364	196.9209370443	0.33368081458569	305.11728729252
17	107.9183608684	197.12849162222	0.33378648872659	305.38063897934
17.2	108.42842370697	200.02148335192	0.33453600792726	308.78444306681
17.48	108.49483231379	199.94288256815	0.33483933437485	308.77255421632
17.872	108.66356534194	200.47309134921	0.33514499358989	309.47180168474
18	108.71830888154	200.67419258595	0.33524307425945	309.72774454175
18.2	109.22605156913	203.55995979799	0.33594612251523	313.12195748963
18.48	109.29095560672	203.46648801015	0.33622409033475	313.0936677072
18.872	109.45705067539	203.97548407228	0.33650370195184	313.76903844963
19	109.51089571633	204.16966214304	0.33659378920092	314.01715164857
19.2	110.017257619	207.05029435399	0.3372467519599	317.40479872495
19.48	110.0806271882	206.93997823947	0.33749760144019	317.35810302911
19.872	110.24409094555	207.42530027411	0.3377495983484	318.00714081801
20	110.29702920237	207.61175678546	0.33783121418838	318.24661720203
20.2	110.80289167834	210.48933411894	0.33843065301732	321.63065645029
20.48	110.86459629629	210.35949123455	0.33865296603347	321.56274049688
20.872	111.02527014899	210.81783724433	0.3388760016203	322.18198339493
21	111.07723538203	210.99551579896	0.338948705373	322.41169988636
21.2	111.58339430776	213.87210439217	0.33949133304835	325.79499003298
21.48	111.64320276917	213.71952743563	0.33968398479342	325.70241418959
21.872	111.80075811392	214.14700412363	0.33987707373986	326.28763931129
22	111.85162450073	214.31467262063	0.33994053119877	326.50623765256
22.2	112.35873918493	217.19226237548	0.34042347717892	329.89142503759
22.48	112.41632247733	217.0134691471	0.34058583654406	329.77037746097
22.872	112.57026115199	217.40593326573	0.34074860722929	330.31694302495
23	112.61984386204	217.56229676082	0.34080267298421	330.52294329584
23.2	113.12837427959	220.44271494536	0.341224446015	333.91231367096
23.48	113.18332206057	220.23433114469	0.34135699279522	333.75901019805
23.872	113.3330027875	220.5879327851	0.34149016484405	334.26242573745
24	113.37956710007	220.72938911149	0.34155076475453	334.45050697631
24.2	113.90840924979	223.64188096681	0.34203819300823	337.89232840961
24.48	113.98568736485	223.46379880278	0.34221197928144	337.7916981469
24.872	114.18811609207	223.91220753153	0.34240488607533	338.44272850967
25	114.25444627469	224.08969369178	0.34247207000203	338.68661203647
25.2	114.85485288988	227.14428604586	0.34279757089629	342.34193650663
25.48	114.91569419351	226.90879793577	0.34291540435579	342.16740753364
25.872	115.07139688945	227.23559849408	0.34305243522605	342.65004781876
26	115.12048185726	227.37237107585	0.343098237688	342.8359511708
26.2	115.67486896745	230.38648247014	0.34350316604831	346.40485460363
26.48	115.72655417893	230.11087576122	0.34363693438554	346.18106687454
26.872	115.87795401313	230.41099246743	0.343759868227	346.63270634878
27	115.92641497902	230.54029743461	0.3437998243445	346.81051223798
27.2	116.48084624243	233.55311446716	0.34412060946199	350.37808131905
27.48	116.53079922156	233.2602434865	0.34422471438808	350.13526742245
27.872	116.67939090239	233.53920154322	0.34432745196521	350.56291989758
28	116.72679962706	233.66177995701	0.34436117235375	350.73294075642
28.2	117.28272737153	236.67872367643	0.34467905925746	354.30613010722
28.48	117.33155513362	236.37227802937	0.34478086956539	354.04861403256
28.872	117.47812114564	236.63472811994	0.3448729020511	354.45772216763
29	117.52471937442	236.75207907307	0.34490255362278	354.62170100111
29.2	118.08299739082	239.77617874324	0.34522397828196	358.20440011235
29.48	118.13085819728	239.45864853184	0.34532670037003	357.93483342949
29.872	118.27591816912	239.70855980599	0.34541253117481	358.32989050629
30	118.32191473369	239.82201633389	0.34543963414095	358.48937070173
