# Time [h]	FOS [g/L]	COD [g/L]	pH [1]
0.2	1.2826712734154	1.5049750137311	1.8418340278961
0.48	1.1595500468021	1.7089811736533	2.0860179148536
0.872	0.98228865154138	1.7980831199554	1.4129982801619
1	0.92476251386634	1.7993171460715	1.3440946642354
1.2	0.82149527276383	1.7982561549629	1.2383664777876
1.48	0.68686101385666	1.759859413306	1.186043052197
1.872	0.52601559597785	1.6696105760043	1.1140599401317
2	0.48091177838788	1.6352453078439	1.0961795237654
2.2	0.40516813652764	1.5874603470781	1.0723817060782
2.48	0.32285589339096	1.5136036314755	1.045714297963
2.872	0.24747754544396	1.4160629876463	1.0178587408455
3	0.22953588036794	1.3864576556834	1.0105001605673
3.2	0.18823860639329	1.3492542184854	1.0004350726944
3.48	0.14764062788943	1.2993670728409	0.98878978279389
3.872	0.11620990618997	1.2436715560734	0.97620890426956
4	0.10952680475262	1.2283703268611	0.97281243803369
4.2	0.09220591384995	1.2107365004754	0.96811867828272
4.48	0.078040792942074	1.188216505806	0.96261806978079
4.872	0.06769278333607	1.1651267482518	0.95658001392269
5	0.065284852761601	1.1588710010865	0.95493194831763
5.2	0.05963693570346	1.1508179847886	0.95264105059698
5.48	0.054677978585884	1.1379703710433	0.94993474236895
5.872	0.050062503909608	1.1218465961421	0.94693704526729
6	0.048819724753345	1.1168207290086	0.94611428209457
6.2	0.046274247990705	1.1066961460221	0.94496730879246
6.48	0.043785655651367	1.0898091235049	0.94360760802857
6.872	0.041223755171177	1.0662870296322	0.94209681076924
7	0.040513190774842	1.0586679425034	0.9416814961323
7.2	0.039077975215894	1.0437176988526	0.94110253803629
7.48	0.037684230265335	1.0204283628391	0.94041688608732
7.872	0.036293433667087	0.98862092074283	0.93965759889391
8	0.035918743740803	0.97856668686897	0.9394495834204
8.2	0.035109680253325	0.96096466547896	0.9391608616472
8.48	0.034412981012168	0.93491796516088	0.9388217187326
8.872	0.033845226493881	0.90089108073473	0.93845172535677
9	0.033712767664258	0.89050799945071	0.93835163036559
9.2	0.033304253301848	0.87365056903247	0.9382143988213
9.48	0.033075162605275	0.84950227202522	0.93805649933376
9.872	0.033034307297395	0.81930593934077	0.93788969465671
10	0.033044591849853	0.8103790545758	0.93784567093135
10.2	0.032816999649243	0.79634166456741	0.9377865842223
10.48	0.032754269939475	0.77634267948402	0.93772075878888
10.872	0.032795398929149	0.75184345328242	0.9376539860966
11	0.032805580962444	0.74468653044352	0.93763683795519
11.2	0.032567304270112	0.73322875749922	0.9376143212327
11.48	0.032402298151021	0.71649302771118	0.93759002773288
11.872	0.032225821606658	0.69574362643005	0.93756615203969
12	0.03216236638981	0.68961753462213	0.93756013603759
12.2	0.031898889531542	0.67927937129639	0.93755237861062
12.48	0.031623408379849	0.66371926702233	0.93754432299966
12.872	0.031276703179264	0.64394317642736	0.9375367862765
13	0.031164814519085	0.6380030747435	0.93753496573577
13.2	0.030902147143125	0.62772199377297	0.93753273887789
13.48	0.030585041935567	0.61203173670702	0.93753078124543
13.872	0.030175751821416	0.5917656630505	0.93752954023131
14	0.030047508958228	0.58561701137055	0.9375293815376
14.2	0.029777448470912	0.57512620606301	0.93752941373611
14.48	0.029444129505258	0.55909805169587	0.93753007840664
14.872	0.029017508427829	0.53833139705029	0.93753175048352
15	0.028885566119144	0.53202632862538	0.93753240165332
15.2	0.028609599323785	0.52150300372643	0.93753358852274
15.48	0.028271218860271	0.5054731518222	0.93753568437234
15.872	0.027841707226872	0.4848048444866	0.93753907225593
16	0.02770953147826	0.4785577838568	0.93754022361481
16.2	0.027432459870948	0.46826203220976	0.93754215209677
16.48	0.027093254022879	0.45260791768084	0.93754522026445
16.872	0.026662472804785	0.4325616663543	0.93754985818748
17	0.026529859284129	0.42653534279833	0.93755139048219
17.2	0.026250506339924	0.41663187343854	0.937553905905
17.48	0.025907384180904	0.401555716339	0.93755779120775
17.872	0.025469231039818	0.38235215398703	0.93756355920006
18	0.025333945202102	0.37660282778101	0.93756545128076
18.2	0.025046803620189	0.36715667128823	0.93756854051569
18.48	0.024692558831384	0.35271889611677	0.93757326466703
18.872	0.024237303660488	0.33439364326997	0.93758025393577
19	0.024096264406998	0.32892367334085	0.93758254554386
19.2	0.02379498179221	0.31997696511544	0.9375862825072
19.48	0.023422080001955	0.30622295019905	0.93759197121304
19.872	0.022940778700842	0.28882686677462	0.93760038610442
20	0.022791404657135	0.28365175486004	0.93760314687514
20.2	0.022471211689565	0.27528297421234	0.93760764465513
20.48	0.022074787209168	0.26232181388303	0.93761446207205
20.872	0.021563100612354	0.24601385061251	0.93762453085124
21	0.021404472937031	0.24118693401133	0.93762783217001
21.2	0.021063705666368	0.23351749739801	0.93763320013373
21.48	0.020643538083732	0.22151832454997	0.93764129177339
21.872	0.020104089362144	0.20653522362759	0.93765319144264
22	0.019937597095635	0.20213252054898	0.9376570832225
22.2	0.019578709097806	0.19530074014784	0.9376633912074
22.48	0.019140264186723	0.18444779973883	0.9376728343568
22.872	0.018583452366884	0.17102910182641	0.93768662250879
23	0.018412914563199	0.16712325284712	0.93769111159902
23.2	0.018043166374886	0.16125510552714	0.93769835491807
23.48	0.017597897925914	0.15170574119441	0.93770910590157
23.872	0.017041498541355	0.14003628832129	0.93772464344129
24	0.017314919385107	0.13677280949971	0.93773048648245
24.2	0.02044309477495	0.13611919707696	0.93773428035129
24.48	0.022257541393167	0.13256355308387	0.93773598273926
24.872	0.023138994657078	0.12713335673614	0.93773780860838
25	0.023310834160853	0.12552113352141	0.93773845508161
25.2	0.019746362003469	0.11949233681508	0.93774339710427
25.48	0.01763123389317	0.1104653504584	0.9377556654151
25.872	0.016715983523309	0.10139390428077	0.93777390067591
26	0.016603145135202	0.099150472709314	0.93777942302707
26.2	0.0165263999095	0.096901929780765	0.93778758024518
26.48	0.016473780155786	0.092269893008235	0.93779822972089
26.872	0.016447911706948	0.087123256530168	0.93781154046437
27	0.016444652414814	0.085766421788728	0.9378154797145
27.2	0.01631323172619	0.084722763245319	0.93782150176102
27.48	0.016222783046857	0.081374171787084	0.93782978881142
27.872	0.016147490953367	0.077504929248226	0.93784053531176
28	0.016126792101646	0.076479408072065	0.93784377053225
28.2	0.016021822590948	0.076100483378488	0.93784871317093
28.48	0.015925304355597	0.073517921650644	0.93785550605117
28.872	0.015819899139101	0.070490701952529	0.93786434678606
29	0.015788402015157	0.069694992555912	0.93786702123657
29.2	0.01570998404507	0.069804494082598	0.93787107010652
29.48	0.015617509724889	0.067787737903413	0.93787657796952
29.872	0.015501673982167	0.065386363996627	0.93788372380558
30	0.015465916324585	0.064761768154586	0.93788588961252
