# Time [h]	MS [g]	Lignin [g]	Butyric [g]	Initial_Substrate [g]	Carbohydrates [g]	Substrate [g]	MO_AcidoLCFA [g]	MO_hydroM [g]	MO_Acetic [g]	Proteins [g]	AA [g]	MO_acetoM [g]	Propionic [g]	Carbondioxide [g]	Carbondioxide_gas [g]	Carbondioxide_sum [g]	MO_Propionic [g]	MO_ButyricValeric [g]	Valeric [g]	LCFA [g]	MO_AcidoMS [g]	Methane [g]	Methane_gas [g]	Methane_sum [g]	Hydrogen [g]	Hydrogen_gas [g]	Hydrogen_sum [g]	Lipids [g]	MO_AcidoAA [g]	Acetic [g]
0.2	4.3229156256821	11648.658000325	1.2086317770306	0	255.9760002848	17.18420956442	136.99340109232	321.57785201077	103.35917601543	91.950821448237	2.6759767671211	186.45655353679	2.8005823957191	76.90873166927	8.7739832478371	85.682714917107	113.42160690713	195.93291017094	0.39483239153769	5.7316640592163	702.24501503028	8.6760814415205	10.500192299763	19.176273741284	0.00061022252545001	0.0026256637101084	0.0032358862355584	75.833516886352	102.41853229404	123.86308077725
0.48	3.8041161770917	11648.72911082	1.8083487665424	0	227.83844710792	41.012042703846	136.96009618704	325.18108891501	103.73833092791	81.793361433192	2.6809717224103	187.69770966394	5.3912439438463	69.315532550817	14.310479519454	83.626012070271	113.60327754601	196.24133765621	0.63799676306194	11.708417537135	704.28232133415	10.85821158706	5.9577807573138	16.815992344374	0.00060342091815695	0.0023172407240452	0.0029206616422022	67.446354002134	103.13860950675	108.11741520676
0.872	3.20645134724	11648.933475476	1.7374460261192	0	193.93052088947	73.923326072394	136.93075209435	330.1828188715	104.25997713328	69.485953205225	2.2348973910218	189.38622846049	6.5784079429985	57.122243515148	13.206786698838	70.329030213986	113.96370692251	196.73284523881	0.61922986190147	17.624656904887	706.69757584416	11.879411989551	4.9422975079983	16.821709497549	0.00053968105800022	0.0020168293935938	0.002556510451594	57.270471838183	104.04134289428	89.293781323119
1	3.032228527333	11649.028295455	1.662109308185	0	184.04550724674	84.560739064669	136.92470558244	331.74878414685	104.42796340438	65.881413683628	2.0970502494914	189.92501283955	6.6407065078913	53.46198040575	11.805941439949	65.267921845699	114.08727214398	196.88177497341	0.59252778384894	19.036086701535	707.39311007623	11.969085586847	4.8075757233053	16.776661310152	0.00051085744303423	0.0019111469214093	0.0024220043644435	54.28687383159	104.30493581538	83.580907786709
1.2	2.792419700138	11649.183693964	1.5415317778158	0	169.6581862769	83.886987996228	136.91939065472	334.12021488212	104.68645704479	60.629112118433	1.9191980511284	190.74641559398	6.6435877660722	55.633150726096	17.892296414051	73.525447140147	114.28187634812	197.09866949801	0.5541343853669	21.579162243357	708.39594229831	12.010329763759	6.5855788354894	18.595908599248	0.00047032607958822	0.0019270225115804	0.0023973485911686	49.938169344242	104.68868610883	73.410273347128
1.48	2.4808916311128	11649.397827947	1.372115263637	0	151.45057024881	82.952774109945	136.92117226483	337.25945231421	105.03751336902	53.983559854752	1.68426051868	191.84250560941	6.3152186335541	48.840466536866	11.033660688811	59.874127225677	114.54901337229	197.36870665875	0.49609744234653	24.310066786521	709.63790185783	11.639368644237	4.9770911934493	16.616459837686	0.00041305817701251	0.0017429320901106	0.0021559902671231	44.436186330802	105.1709669255	60.502670046129
1.872	2.1061946010061	11649.691266022	1.1579683617191	0	129.31982640458	81.662394480148	136.94226906853	341.26746688808	105.49894983685	45.908780612452	1.4058900704628	193.23800654984	5.5410671323457	41.181657305347	9.1140349917219	50.295692297069	114.89343082077	197.68223622574	0.42042980537214	26.789387037309	711.09297985428	10.740295012888	4.9520001358166	15.692295148704	0.00034073680128172	0.0015555458586496	0.0018962826599313	37.751449471502	105.74801454728	45.482094298348
2	1.9959012372632	11649.789064345	1.0950333731483	0	122.82174322268	81.24536850672	136.95354292813	342.48230634428	105.64177676678	43.538500643311	1.3246652413662	193.65897292115	5.2613002351837	39.186927382903	8.7505197097002	47.937447092603	114.99661151295	197.77035948352	0.39809521392785	27.316896501475	711.50690745753	10.400395472204	4.9692049614786	15.369600433682	0.00031771930872217	0.0014972415966846	0.0018149609054068	35.789335001434	105.91529213686	41.336749016528
2.2	1.8376239881207	11649.940368563	1.0035423083613	0	113.34517663654	80.598035096083	136.97712955531	344.27908250459	105.85308209946	40.082445096999	1.209758402805	194.26882617731	4.8265842169785	41.476020506113	13.773653617455	55.249674123568	115.14751265908	197.8944886842	0.36536571971156	28.470867265651	712.0963613913	9.8545948486308	6.4315806935257	16.286175542157	0.00028627310225723	0.0014357651649727	0.0017220382672299	32.928551401653	106.15671478711	34.321321407712
2.48	1.6387981010997	11650.149342249	0.88979589630644	0	101.35046618724	79.700444866347	137.02373788052	346.58350650615	106.12200620366	35.709382044461	1.0677069168104	195.02085999408	4.2426387893567	36.791855261291	9.1212516161244	45.913106877416	115.33713175821	198.04282667685	0.32438068080594	29.595841544041	712.81414079043	8.8503262678259	4.8625011047095	13.712827372535	0.00024697282983167	0.0013137665521569	0.0015607393819886	29.308974500895	106.45751701355	26.828773972627
2.872	1.3992247926465	11650.436495601	0.75416549637442	0	86.767902850924	78.460636977777	137.11538970785	349.42866576569	106.44699768895	30.395389798967	0.899273302857	195.89585070048	3.5193041372503	30.791820839245	7.7758722870661	38.567693126311	115.5611337712	198.20651887025	0.27515409470457	30.360156176361	713.63240355332	7.459177278888	4.6487394977072	12.107916776595	0.00020358671444848	0.0012036131001364	0.0014071998145849	24.911102208053	106.81420853375	20.199130816067
3	1.3287657251016	11650.530486449	0.71471869331413	0	82.485500763844	78.059959344724	137.1510549119	350.27799759893	106.54320304648	28.835481045507	0.85002791266807	196.14881605906	3.3075283502125	29.18105646022	7.4965948022022	36.677651262423	115.62500781488	198.25051589786	0.26081838031605	30.450267886309	713.85923760828	7.053426783115	4.6198111912923	11.673237974407	0.00019190494404466	0.0011713624855866	0.0013632674296313	23.620243801315	106.91678567075	18.670522612952
3.2	1.2271456378327	11650.676113802	0.65745782326446	0	76.239349303874	77.438000866107	137.21367967283	351.52571335619	106.68202654548	26.560902713164	0.77962467117425	196.5069888278	3.0012134281046	30.380593287652	10.782048527591	41.162641815243	115.71566648453	198.31038922332	0.23987602306299	31.060387922522	714.17599486065	6.5159541921647	5.9440256732514	12.459979865416	0.00017465077164058	0.001082913180343	0.0012575639519836	21.738109810981	107.06403624599	14.925313364897
3.48	1.0992020673282	11650.877590733	0.58593861006067	0	68.331767324182	76.575592127454	137.31637861148	353.11387946613	106.85227259726	23.682594322631	0.69187864474477	196.93116278918	2.6268326574417	26.811474355018	7.5092286989343	34.320703053952	115.82527010616	198.37758367592	0.21362223981131	31.651468762265	714.54872940585	5.6976874095859	4.454176665467	10.151864075053	0.00015334107060652	0.00096993452868218	0.0011232755992887	19.356668191462	107.24582103353	11.33766928163
3.872	0.94468359443098	11651.155074398	0.50016061954443	0	58.714951151967	75.384372167091	137.48770469972	355.07210253541	107.05057433845	20.184586751574	0.5869751847199	197.40677188543	2.1939720099328	22.452376069032	6.4328723645315	28.885248433564	115.94873320968	198.44288162006	0.18199910503325	32.070607132778	714.94767756005	4.7375365397996	4.2036477948222	8.9411843346218	0.00013085424650061	0.00089132317874329	0.0010221774252439	16.462992443592	107.45805653536	8.7448588844862
4	0.89926751881339	11651.245259731	0.47513809832122	0	55.890116254613	74.999402018908	137.54938006205	355.65917713304	107.10846432531	19.15768864581	0.55626393097329	197.54306461376	2.070588725854	21.309730154811	6.1957710880013	27.505501242812	115.98267162378	198.45799830447	0.1727677500058	32.132062885485	715.05133316873	4.4830839367221	4.1807687681249	8.6638527048469	0.00012504540252249	0.00087199748429134	0.00099704288681383	15.613626632419	107.51822234228	8.2341859010813
4.2	0.83360743693041	11651.385116624	0.43873321953608	0	51.769116919029	74.401824665097	137.65224011024	356.52345904596	107.1905018612	17.660221381993	0.51209046016349	197.73211690149	1.8903508809887	21.512096364488	7.7253913993656	29.237487763854	116.02956529901	198.47580723824	0.1592815431438	32.452883823145	715.18848949681	4.1879383321638	5.4248197529869	9.6127580851508	0.00011530547946519	0.00075394740959538	0.00086925288906057	14.375168495046	107.60369328005	6.7322257413264
4.48	0.75088011217169	11651.578799362	0.39313307467678	0	46.550368924597	73.57322075351	137.80986386928	357.62913491574	107.28853504997	15.76509648986	0.45679641554804	197.951201481	1.6717396082246	19.100600537019	5.7872564851779	24.887857022197	116.08375894313	198.48983778203	0.14235080005274	32.779329682011	715.3339028047	3.7346111097063	4.1940261226385	7.9286372323448	0.0001042238006324	0.00066597017357794	0.00077019397421035	12.808081009044	107.70735192219	5.5968558112533
4.872	0.65094499232969	11651.845882765	0.33828381774413	0	40.200561797169	72.428689342439	138.05222920083	359.02121366779	107.40482713276	13.461587929924	0.39041617914566	198.20613273971	1.4182957899087	16.463595898271	5.0969060870272	21.560501985298	116.14011494121	198.49059359729	0.12193009411535	33.055982024401	715.45647751536	3.2594272078138	4.0320856658962	7.29151287371	9.3380190340704e-05	0.00062080404816282	0.00071418423850353	10.903769209592	107.8247025922	4.8907686318388
5	0.62159197059767	11651.932414214	0.32226295279598	0	38.334664825441	72.058811485108	138.13567608014	359.44543745544	107.4395495757	12.785277266514	0.37097511827454	198.28174495788	1.3457112626601	15.793820939911	4.9378427135223	20.731663653433	116.1543723981	198.48675931	0.11596297378303	33.112076569878	715.47893784883	3.1402302835037	4.0346649895449	7.1748952730486	9.0442946522394e-05	0.00060999867100067	0.00070044161752306	10.344778606436	107.85700967275	4.744548086921
5.2	0.57917523430499	11652.066655895	0.29894976941913	0	35.611847290435	71.484660633475	138.27051336374	360.07765173564	107.48967965862	11.798960424826	0.34293966784028	198.38983985588	1.2395755031597	15.734927566267	5.6088563267249	21.343783892992	116.17271114736	198.47694957042	0.10725392628505	33.191031097761	715.4976686033	3.030820574181	5.1653388038771	8.1961593780581	8.5614105463039e-05	0.00054821798821471	0.00063383209367775	9.5296776296928	107.90187960084	4.3179143714821
5.48	0.52580686955013	11652.252652273	0.26972862901113	0	32.162209087986	70.688538345337	138.46773639517	360.90437180027	107.55246072268	10.550541752459	0.30779813785411	198.52377768174	1.1095293559206	14.324427698594	4.5215716995157	18.84599939811	116.19102005333	198.45604625651	0.096320647369854	33.241960256134	715.49313458073	2.8235876624092	4.2148060660261	7.0383937284352	8.021836265277e-05	0.00051079611035421	0.00059101447300698	8.4982108256578	107.95417359336	3.9922192262868
5.872	0.46154300862797	11652.5093004	0.23459388534541	0	27.962051387108	69.588869319849	138.75625789518	361.96978672446	107.63076015265	9.0327545879729	0.26559492159128	198.69001247594	0.95692176432813	12.860697255128	4.1308929638883	16.991590219016	116.20403202727	198.41434520742	0.083145823425036	33.216279752156	715.43329885282	2.597194266184	4.1112058626493	6.7084001288333	7.4438633884859e-05	0.00048792152736115	0.00056236016124601	7.2446376015088	108.00910933713	3.7315889178622
6	0.4426944390381	11652.59232624	0.22433807712152	0	26.727137194793	69.233492458485	138.85291997439	362.29839131212	107.65454300857	8.5870523941352	0.25324262964167	198.74042296034	0.91293001902672	12.486269595712	4.0356444665529	16.521914062265	116.20558175874	198.39803857207	0.079298182044169	33.186398580684	715.40215310818	2.5375284332275	4.1184016614958	6.6559300947233	7.2786859737002e-05	0.00048172943689836	0.00055451629663536	6.876633576672	108.02308856911	3.6654061971421
6.2	0.415604371883	11652.721153002	0.20944340296761	0	24.924357909805	68.681850477539	139.00605131254	362.79218492496	107.68943258753	7.9369630952246	0.23545127001331	198.81411547321	0.84871719372506	12.496236244776	4.4556141257449	16.951850370521	116.2054474188	198.37003943667	0.073694913244307	32.99750082008	715.34266511427	2.4980679691867	5.0972675756997	7.5953355448864	7.0167325812751e-05	0.00045432329757121	0.00052449062338396	6.3399866823555	108.04123667186	3.4955692891335
6.48	0.38171451660002	11652.899688004	0.19082720147694	0	22.638901491384	67.916937962379	139.22380465456	363.44519769666	107.73412480284	7.113947152989	0.21319835800319	198.90823762453	0.76952797513981	11.647013676156	3.7595601116732	15.40657378783	116.20046335879	198.3261064283	0.066677767087777	32.694478010262	715.23903771276	2.3796412463241	4.3005102948089	6.680151541133	6.7117743875803e-05	0.00043489468202606	0.00050201242590186	5.6608169687503	108.05971048781	3.3515326214321
6.872	0.34134188809927	11653.14611108	0.16856840101159	0	19.853463726788	66.860375894003	139.53171810985	364.29431108368	107.79040262646	6.1130224956379	0.18659835547008	199.02682018073	0.67616226802094	10.777048222825	3.5259193627853	14.30296758561	116.18520672206	198.25637706856	0.058259520097682	32.207074033085	715.05854910654	2.2382187275568	4.2078802751392	6.446099002696	6.3717517239906e-05	0.00042164501725385	0.00048536253449376	4.8352654622333	108.07352621188	3.2193853279875
7	0.32954413228286	11653.225771589	0.16209579021497	0	19.033831196695	66.518931799238	139.63261102469	364.55735923099	107.80747940361	5.8190198518545	0.17883040869931	199.06285208906	0.64920888838203	10.554390668076	3.4681875978988	14.022578265975	116.17844649115	198.23183008901	0.055807808962745	32.035021647175	714.99192642194	2.1990116993998	4.2111391046524	6.4101508040522	6.2734123041054e-05	0.00041795160536299	0.00048068572840405	4.5928817637941	108.07542752163	3.1842065899244
7.2	0.31286321718542	11653.349386495	0.15275170568708	0	17.836605411926	65.988916831081	139.78988485728	364.95333494654	107.83248765805	5.3901125461803	0.167718949317	199.11559845725	0.61005544466991	10.634348130024	3.7970569661537	14.431405096178	116.16619545876	198.19180282515	0.052254030707728	31.606633827412	714.88063972749	2.1809127313606	5.071234169329	7.2521469006896	6.1165906114664e-05	0.00040136737829658	0.00046253328441124	4.2393881671455	108.07595826862	3.0927363405247
7.48	0.29232355406059	11653.5207136	0.14117512748462	0	16.317452816218	65.253991719893	140.00824263806	365.47750800856	107.86433217091	4.8469485199862	0.15392374552512	199.18286514178	0.56184010786161	10.087740038421	3.2980665721233	13.385806610544	116.14586740342	198.13262177806	0.047829983938129	30.992239149408	714.71133356343	2.0934409392282	4.3605509991251	6.4539919383533	5.9331594594809e-05	0.00038911780917121	0.00044844940376602	3.7919453448805	108.07212361146	3.0175778072491
7.872	0.26852643421287	11653.757210792	0.12752947726021	0	14.463343213227	64.238849076654	140.30694284546	366.15706826373	107.90364779964	4.1860565706982	0.13762610398721	199.26644233794	0.50533700000377	9.5437970820372	3.1531942449094	12.696991326947	116.11189373085	198.04430308684	0.0425707773852	30.123133611392	714.45077060091	1.9821116627422	4.2670457492638	6.2491574120061	5.7303292354243e-05	0.00038151865835414	0.00043882195070838	3.2479354186074	108.05879751555	2.9539061120595
8	0.26162489559579	11653.833634731	0.12359552351386	0	13.9171198197	63.910791681288	140.40256182124	366.36687732996	107.9153557581	3.9918558879441	0.1328829124437	199.29148337454	0.48910275540628	9.4083155419249	3.118541839132	12.526857381057	116.09961591135	198.01428556224	0.041046750870027	29.841207112293	714.36058188421	1.9502289716496	4.2658926581246	6.2161216297742	5.6720913868283e-05	0.00037946811986055	0.00043618903372883	3.0881819211594	108.05272396259	2.9381293442902
8.2	0.25225501856761	11653.952230036	0.11798852360597	0	13.118600617158	63.401556234474	140.54911760034	366.68141742765	107.9321817567	3.7084659538212	0.12619327025916	199.32761669154	0.46580838149229	9.5375541437312	3.4033722023644	12.940926346096	116.07930228643	197.96626788846	0.038855385818746	29.286708556651	714.21485745885	1.9381603240909	5.0478408323804	6.9860011564713	5.5777904561093e-05	0.00036843851389027	0.00042421641845136	2.8551639040327	108.04161835467	2.8883157344155
8.48	0.24110780026093	11654.116604954	0.11114696674419	0	12.104051219692	62.695443702271	140.74757579435	367.0946853595	107.95290028887	3.349425496789	0.11797360028855	199.37251912368	0.43735300375263	9.173094473527	3.0183594233498	12.191453896877	116.04873929209	197.8969516611	0.03614601907982	28.53074632462	714.00183935552	1.8618421152375	4.3876182162529	6.2494603314904	5.4701269591027e-05	0.00036056353747207	0.0004152648070631	2.5601505729931	108.02304518776	2.8566521116402
8.872	0.2288149175736	11654.343518347	0.10323273156831	0	10.863317478329	61.720098415529	141.00977910038	367.62347718452	107.97698551368	2.9122647715573	0.10833714890097	199.4257792745	0.40440555743688	8.8348611590049	2.9324105579683	11.767271716973	116.00226516672	197.79628214109	0.032943728403168	27.532695710673	713.68791579932	1.7616380136826	4.2889612257269	6.0505992394095	5.3570235698413e-05	0.00035712001319265	0.00041069024889106	2.2013435580088	107.99179000697	2.8439406319797
9	0.22523175133387	11654.416834229	0.10096502877477	0	10.497186734468	61.404903037375	141.0917161387	367.78515953746	107.98380090418	2.7837333203337	0.10550827799254	199.44113991982	0.39498555535541	8.756593652437	2.9139650669578	11.670558719395	115.98630449225	197.76263417422	0.032014375349021	27.224579849004	713.58201182431	1.7326830132177	4.283710016417	6.0163930296347	5.3251741288488e-05	0.00035627453730859	0.00040952627859708	2.0959464832369	107.98045062854	2.8433118069466
9.2	0.22066684558391	11654.530611287	0.097786556877488	0	9.9613194428563	60.915632810752	141.21529825258	368.02571423246	107.99310328475	2.5960963674149	0.10153505198861	199.4624620749	0.38183012059652	8.9220510774544	3.1741133027402	12.096164380195	115.96062295288	197.70932727255	0.030688082481383	26.675692391328	713.41331808595	1.7229336227404	5.0191594188452	6.7420930415857	5.2708929065727e-05	0.00034839676298887	0.0004011056920546	1.9421819810622	107.96166898695	2.8201205702294
9.48	0.21528686985987	11654.688320159	0.093879372518886	0	9.2792356802084	60.237204034612	141.37907151102	368.33839657913	108.00356919581	2.3582188328192	0.096537011168421	199.48729734231	0.36564442288661	8.6742528007588	2.8603137019399	11.534566502699	115.92328924582	197.63333745718	0.029018062336554	25.95585282773	713.17115053877	1.6534174844978	4.3860148938299	6.0394323783277	5.2112443244309e-05	0.00034322849578059	0.0003953409390249	1.7474453661497	107.93339120293	2.8189744027855
9.872	0.20898615321435	11654.906062785	0.08919474147368	0	8.4427351510205	59.300097488069	141.59016760776	368.73374327244	108.01397693063	2.0682970089068	0.090286857432794	199.51392435644	0.34641656851042	8.4717334716115	2.8167137994499	11.288447271061	115.8686635377	197.52462360055	0.026960183352398	25.052157818382	712.82169524925	1.5645563494607	4.2811511592375	5.8457075086982	5.1511585704244e-05	0.0003424873418254	0.00039399892752964	1.5104803094099	107.89037572239	2.840859236403
10	0.2069281705914	11654.976416774	0.087792289322924	0	8.195315023152	58.997260095409	141.65521177558	368.85389218602	108.01651891975	1.9829855822207	0.088346489191489	199.52098827651	0.34074414325659	8.4315221361697	2.8100076485489	11.241529784719	115.85033085182	197.48863188211	0.026339087720724	24.78263420427	712.70533649956	1.5397251542753	4.2728572783139	5.8125824325892	5.1336658225741e-05	0.00034234725626246	0.0003936839144882	1.4408444453773	107.87559170397	2.849583664685
10.2	0.20406941483571	11655.085607122	0.085845614021102	0	7.8326039724506	58.527172819004	141.75276367432	369.03230599836	108.01942502638	1.8583712391234	0.085473989306888	199.5299169029	0.33331438424075	8.6184291390156	3.0523228098129	11.670751948829	115.82124096964	197.43194706757	0.025458417542331	24.314006838933	712.52140165938	1.5366498951142	4.9864319202394	6.5230818153536	5.0978436109751e-05	0.00033566471021545	0.0003866431463252	1.3392222754912	107.85180872162	2.8370815491201
10.48	0.19998344213774	11655.236978678	0.083157566320209	0	7.3697528617707	57.875343312023	141.88170600575	369.26435643834	108.02157529747	1.7002466720658	0.081488763667467	199.53866338953	0.32329912521547	8.4392460350544	2.7826869808672	11.221933015922	115.77971107839	197.35176547535	0.024248063537549	23.711835636814	712.25994649044	1.4802218569892	4.3668830272233	5.8471048842125	5.0554211440996e-05	0.00033126739077712	0.00038182160221812	1.2104620559145	107.81723760855	2.8447222388742
10.872	0.19374063691255	11655.446011886	0.079413908121684	0	6.7999061788589	56.974977902012	142.04912758366	369.56062574811	108.02174207061	1.5072532789323	0.075925154039166	199.54547114461	0.30971357673273	8.3153266796608	2.7664403238952	11.081767003556	115.72020526843	197.238103628	0.022593546182165	22.970628993092	711.88705734319	1.4127563604504	4.2593324754324	5.6720888358828	5.0055561903679e-05	0.0003309991222377	0.00038105468414137	1.0536668576434	107.76663273839	2.8678188618784
11	0.19155058837481	11655.513557411	0.078192792630855	0	6.6308173374795	56.684014233788	142.10123963953	369.65162509371	108.02126228145	1.4503966017262	0.074132791912145	199.54667980587	0.30534226088131	8.2960640571457	2.7667525044392	11.062816561585	115.70048436447	197.20068721798	0.022065002147032	22.751801127121	711.76380447881	1.395051169282	4.250063462844	5.645114632126	4.9893224938147e-05	0.0003308954338985	0.00038078865883665	1.0075622985801	107.74962937583	2.8749580405852
11.2	0.18804403142536	11655.618397808	0.076550607303085	0	6.3823879510808	56.232358252312	142.1802597768	369.78822044751	108.01985634559	1.3672773283146	0.0714074304906	199.54725432193	0.30012899726683	8.4876512715316	2.9931191902436	11.480770461775	115.66943152623	197.14196678842	0.021338040477426	22.355815633048	711.56983309871	1.403514782412	4.9580040555241	6.3615188379361	4.9534760939916e-05	0.00032495935547006	0.00037449411640997	0.94025160567804	107.72262846876	2.8587127819638
11.48	0.18279772786521	11655.763755313	0.074011935606434	0	6.064277245433	55.60608582005	142.28674938149	369.96900083813	108.01674284047	1.261669142718	0.067505675067484	199.54578243862	0.29211946732244	8.3394286793905	2.7482655644878	11.087694243878	115.62553246215	197.05927988481	0.020267108568774	21.844743144708	711.2956572393	1.3641384685043	4.3466780370927	5.710816505597	4.9053667091219e-05	0.00032023080949779	0.00036928447658901	0.85490854315231	107.68400441156	2.8538313036044
11.872	0.17506735290913	11655.964510925	0.070260765542345	0	5.6705714938376	54.74102205659	142.42928677363	370.20616836528	108.01082890655	1.1325129407839	0.062149998705882	199.54070220103	0.28001122537941	8.2492939315649	2.7455503119638	10.994844243529	115.56331105177	196.94265707605	0.018749648397476	21.207585841509	710.90722297535	1.3186416756367	4.2402441842232	5.5588858598598	4.8434539213355e-05	0.00031920782323976	0.00036764236245311	0.7508753259666	107.62848398189	2.8535605213466
12	0.17254345638369	11656.029385545	0.069032596025654	0	5.5532477909063	54.461466730935	142.47461835953	370.28042598078	108.0086130057	1.0943992502085	0.060474305977634	199.53849268758	0.27596120280897	8.2380293414681	2.748778392842	10.98680773431	115.54282084312	196.90438368072	0.018264821680517	21.017197723755	710.77937451776	1.3072994284467	4.2313567320886	5.5386561605353	4.8234043026066e-05	0.00031887821151845	0.00036711225454452	0.72025843404387	107.61003704356	2.8529780184659
12.2	0.16859188970184	11656.13008507	0.06734087845326	0	5.380364630449	54.027519640335	142.54432245861	370.39344151828	108.00480415266	1.0386153217128	0.057974357189614	199.53433423228	0.27070109136095	8.4242138429632	2.9623430206682	11.386556863631	115.51066080926	196.84441682428	0.01758208155386	20.64752200744	710.57867462528	1.3251621578686	4.9395187047826	6.2646808626512	4.7845415854111e-05	0.00031444776137676	0.00036229317723087	0.67553176539449	107.58092654353	2.8342649017862
12.48	0.16305922141072	11656.269709846	0.064848688888692	0	5.1579815674288	53.425802572799	142.64001111594	370.54574085554	107.99885603486	0.96760842928612	0.054547123300136	199.52726148894	0.26282955588427	8.2866847983381	2.7307542837413	11.017439082079	115.46537135078	196.76015144784	0.016619522351541	20.162678539761	710.29590886811	1.2978483010513	4.3339565801676	5.6318048812189	4.7302239761033e-05	0.00030967117935251	0.00035697341911354	0.61876841745914	107.53962249947	2.8180430708604
12.872	0.15556220936925	11656.462561379	0.061365928116085	0	4.8808593532103	52.594656793173	142.77094897529	370.74990284219	107.98967817944	0.88052293350221	0.050084132092578	199.51565783829	0.25139330440538	8.2096429013315	2.7343433756371	10.943986276969	115.40146614979	196.64160504192	0.015320315264826	19.543765485232	709.8968811396	1.2656293120505	4.2291173244134	5.4947466364639	4.6606585280264e-05	0.000308152326314	0.00035475891159426	0.54947054638908	107.48082534088	2.7995907701401
13	0.15322170946273	11656.524883488	0.060264640875393	0	4.7978194839205	52.32606258052	142.81313956722	370.81468445858	107.98651901204	0.85476403142822	0.048726510319333	199.51154378208	0.24767364500474	8.2014135981651	2.7387786257359	10.940192223901	115.38048183733	196.60276626269	0.014917350530907	19.355632926937	709.76588624033	1.2578114662272	4.2206437308478	5.478455197075	4.6387574103432e-05	0.00030771004139028	0.00035409761549371	0.52905086467187	107.46141279126	2.7936258154974
13.2	0.14965782528238	11656.621623185	0.0585981145631	0	4.6749925634281	51.909130150547	142.87846568546	370.91409155604	107.98139097216	0.81700135992691	0.046689101805181	199.50471691693	0.2419046006547	8.3824345202659	2.9443129883558	11.326747508622	115.34758166617	196.54195884463	0.014298107602008	18.980891028707	709.56055490228	1.2805590401937	4.9291433257955	6.2097023659892	4.5991790221444e-05	0.00030408479494219	0.00035007658516363	0.4991947996103	107.43088195851	2.7754138914927
13.48	0.14486287308869	11656.755761446	0.056362621470023	0	4.516082277969	51.331005815013	142.96885611563	371.04936290569	107.97385533265	0.76881122194393	0.044032339820994	199.49441843406	0.23402554237442	8.2499768720216	2.7202137455959	10.970190617618	115.30130362645	196.45659731294	0.013491821144873	18.483494115914	709.2718479828	1.259171115219	4.3270092978451	5.5861804130641	4.5432152170134e-05	0.00029932650753993	0.00034475865971006	0.46125214102779	107.38776359541	2.7546242085674
13.872	0.13858827675986	11656.941041419	0.05344952372529	0	4.3163458958664	50.532448359637	143.09353957505	371.23262986951	107.96276887488	0.70947802952812	0.040678058266208	199.47889093725	0.2235316797771	8.181072912933	2.7276245455549	10.908697458488	115.23612067862	196.33668579428	0.012472017950962	17.839027454107	708.86545664341	1.2330626119391	4.2227956403973	5.4558582523364	4.4718547003192e-05	0.00029763918690868	0.00034235773391187	0.41483279213604	107.32674237169	2.7281219606883
14	0.13665488764766	11657.000917413	0.05255484318598	0	4.2560836967311	50.274385522537	143.13388153377	371.29115069063	107.95903973505	0.69187154536739	0.039669233911897	199.47359416514	0.22026370578371	8.1751287559468	2.7329093614401	10.908038117387	115.21474720718	196.29744209456	0.012164373558646	17.641318970277	708.7322672726	1.226815661607	4.2144198362605	5.4412354978676	4.4496733674108e-05	0.00029718222915038	0.00034167896282449	0.40113054468217	107.30667356212	2.7197679732944
14.2	0.1337371842258	11657.093861257	0.051115593355639	0	4.1665346661006	49.87380068318	143.19645786815	371.38125263377	107.95307673768	0.66600290701214	0.038135926840874	199.4650272907	0.21474740277772	8.3537770038666	2.9335846326857	11.287361636552	115.18125787093	196.23603409676	0.011663863108141	17.255891571825	708.5236986394	1.2516606796368	4.9227974533029	6.1744581329398	4.4096677179205e-05	0.00029345636432029	0.0003375530414995	0.38107156971866	107.27517883357	2.7002179878497
14.48	0.12985960232723	11657.222738245	0.049282602781103	0	4.049864168143	49.318344118843	143.28317995702	371.50431172568	107.94446503771	0.63287691650127	0.036188962250371	199.45247154811	0.20761184518451	8.2250460064961	2.7139346686255	10.938980675122	115.13418902191	196.14989389336	0.011041598839363	16.74263068391	708.23082612893	1.2327385159876	4.3222594370811	5.5549979530688	4.3532339629768e-05	0.0002886672435728	0.00033219958320256	0.35553050103326	107.23083037729	2.6764769037209
14.872	0.12481552860554	11657.400754361	0.046979842541726	0	3.9017068713692	48.551097373193	143.40290807726	371.67171256119	107.93199495141	0.59187608705806	0.033756183550785	199.43401325981	0.19860377802848	8.1623268077858	2.7239014804492	10.886228288235	115.06797733204	196.02901629751	0.010283186034982	16.076138449421	707.81924737488	1.2091041036148	4.2179678306487	5.4270719342636	4.2813195673602e-05	0.00028696729639741	0.00032978049207101	0.32419056147989	107.16830054762	2.6458840361777
15	0.12325939060887	11657.458283237	0.046281371683868	0	3.8566461620978	48.303153004959	143.44164812399	371.72529985557	107.92783676264	0.57965722589326	0.033025305922483	199.42780154735	0.1958720582662	8.158283358068	2.729839250766	10.888122608834	115.04628856915	195.98948616824	0.0100575442121	15.871682184625	707.68450567232	1.2034928295101	4.2095238039849	5.413016633495	4.259098946995e-05	0.00028653254522375	0.0003291235346937	0.31491680330582	107.14778605756	2.6363456377522
15.2	0.120912701289	11657.547584296	0.04513048223281	0	3.7893265428162	47.918274814542	143.50171190102	371.80788817821	107.92122120172	0.56165133874745	0.03190718231809	199.41783785671	0.19114723919165	8.3355187457264	2.9268612123743	11.262379958101	115.01232578158	195.92765762246	0.0096822372273872	15.483266110464	707.47364211537	1.2291813255511	4.9178783205409	6.147059646092	4.2185185520284e-05	0.00028257832358969	0.00032476350910998	0.30131759508503	107.1156385067	2.6149999737267
15.48	0.11779062956619	11657.671411157	0.04368922120922	0	3.7009122889563	47.384597290437	143.58485497718	371.92076905457	107.9117257665	0.53848862464434	0.030496816304324	199.40338126398	0.18517335065559	8.2096776374175	2.7103133931071	10.919991030525	114.96463227829	195.84098050434	0.009223403050078	14.967577238566	707.17780481172	1.2112339991146	4.3180116716148	5.5292456707293	4.1615103421964e-05	0.00027781392237443	0.0003194290257964	0.28395559249113	107.07045834022	2.5890359111122
15.872	0.11370755759293	11657.842453179	0.041893773324073	0	3.5873351348889	46.64743367795	143.6994002322	372.07444393863	107.89806544253	0.50962187323976	0.028732111867275	199.3823477405	0.17779098662416	8.1520580138694	2.7223107585147	10.874368772384	114.89761941934	195.71944394179	0.0086704154099905	14.301754079663	706.7625100509	1.188540951956	4.213322894025	5.4018638459809	4.0887003482967e-05	0.00027614969419107	0.00031703669767403	0.26256459954098	107.00690750649	2.555815547329
16	0.11243997211844	11657.897728331	0.041349188033356	0	3.5524846822576	46.409211051265	143.73640208172	372.12365852081	107.89352827512	0.50097131784453	0.028199836143931	199.3753128887	0.17557313815573	8.1496643227984	2.7288117971215	10.87847611992	114.87568625997	195.67971921028	0.0085062517767608	14.098519059576	706.62665035129	1.1831688248795	4.2047417663929	5.3879105912724	4.0662872497343e-05	0.0002757418360606	0.00031640470855794	0.25621356458958	106.98609092107	2.5455245698601
16.2	0.11052414662903	11657.98353122	0.04044367512093	0	3.5001148533062	46.039423682316	143.79368302428	372.19948727618	107.88632645138	0.48817538191163	0.027382671128717	199.36407346597	0.1717111626026	8.3258751980828	2.9228184854484	11.248693683531	114.84135920495	195.6176070051	0.0082310142961265	13.716804094749	706.41412858326	1.2091858321239	4.9133869155596	6.1225727476835	4.0248287830252e-05	0.00027155013130987	0.00031179841914012	0.24687864909074	106.95350116195	2.5228601350752
16.48	0.10796020558139	11658.1025078	0.03931034181043	0	3.4307417350055	45.52667128879	143.87276518226	372.3030213439	107.87601908541	0.47161910400076	0.026349000486441	199.34784626452	0.16685828597767	8.2026002211588	2.7088322287633	10.911432449922	114.79319065626	195.53057155675	0.0078952466052849	13.212689902941	706.11613763244	1.1915882817313	4.3136282855553	5.5052165672866	3.9667076435461e-05	0.00026678168781947	0.00030644876425493	0.23491782583861	106.90775748797	2.4952615278945
16.872	0.10457565170426	11658.266850616	0.03789090624933	0	3.3405393781937	44.818411324738	143.98129906696	372.44375801966	107.86123568443	0.45080702490255	0.025045913263909	199.32435764965	0.16087910605558	8.1498861044102	2.7228511349959	10.872737239406	114.72557403835	195.40859913309	0.007489551597795	12.566859649454	705.69812190518	1.1691481759729	4.2083053123781	5.377453488351	3.8921359687706e-05	0.00026511317640434	0.00030403453609205	0.22010043300651	106.84351351206	2.4599877165758
17	0.10351652704049	11658.319960727	0.037457706542813	0	3.3126083051183	44.589529261474	144.01626374185	372.48877761245	107.85633452198	0.44452730076431	0.0246501489847	199.3165258747	0.15908095370313	8.149137627271	2.7299419914689	10.87907961874	114.70345720469	195.3687462951	0.0073685825935273	12.370843065416	705.56143840545	1.1638230196893	4.1995272439238	5.3633502636131	3.8692351075017e-05	0.00026472066495779	0.00030341301603281	0.21568143689457	106.82249144283	2.4490786855734
17.2	0.10191028219481	11658.402402886	0.036734030163295	0	3.2703878001871	44.234241022131	144.07026323787	372.55804560565	107.8485630858	0.43519515048406	0.024040500085069	199.3040389404	0.155941012061	8.3248328666692	2.9214966392588	11.246329505928	114.6688572124	195.30644833421	0.0071649711126517	12.002056271051	705.34768981112	1.1899181983617	4.9088998128226	6.0988180111843	3.8262301279127e-05	0.00026014510929127	0.00029840741057039	0.20916631402521	106.78960067672	2.4252106206554
17.48	0.099744160757266	11658.516719368	0.035822825281815	0	3.2139774504304	43.741593314515	144.14452000613	372.65235208015	107.83745365089	0.42303553410254	0.023263660297656	199.28605506116	0.15198651598305	8.2041277509595	2.7097726022518	10.913900353211	114.62033416931	195.21918010595	0.0069154149632134	11.517296584604	705.04809561538	1.1723116317712	4.3086544704516	5.4809661022228	3.7660177360483e-05	0.00025525557535038	0.00029291575271086	0.20077889865324	106.74347284415	2.3960136618623
17.872	0.096853665855699	11658.674625002	0.034668666219185	0	3.13975577554	43.061103734628	144.24585943665	372.78003637717	107.82153685151	0.40759234314245	0.022273166950346	199.26008467141	0.1470817916886	8.156603619734	2.7260377929485	10.882641412683	114.55226791826	195.09692721086	0.0066109696287774	10.900163336512	704.62803621452	1.1496624301726	4.2024124859475	5.35207491612	3.6882932691868e-05	0.00025350499946425	0.00029038793215612	0.19031407824599	106.67875502806	2.3585616764452
18	0.095941413748327	11658.72565466	0.03431327859236	0	3.1165717875781	42.841195998944	144.27837678422	372.82076212385	107.81626296333	0.40289497508276	0.021969600790374	199.25143693486	0.14559703375947	8.1576429892023	2.7338071126361	10.891450101838	114.53001422579	195.05699251903	0.0065194441027234	10.713649892285	704.49072975092	1.1442425182608	4.1933646624643	5.3376071807251	3.66445310532e-05	0.0002531115467249	0.0002897560777781	0.18717520075766	106.65759216841	2.3469647637557
18.2	0.094552738106106	11658.804867273	0.033717332321471	0	3.0813310882066	42.499838391195	144.32842609678	372.88324801562	107.80790193929	0.39587676157804	0.02150005323777	199.2376603152	0.1429980902672	8.3333798994365	2.9233713000274	11.256751199464	114.49521080613	194.99457658672	0.0063648566284889	10.36056995029	704.27604928272	1.1702319746035	4.9040790475922	6.0743110221957	3.6189562184904e-05	0.00024798179293501	0.00028417135511991	0.18252928016357	106.62449486983	2.3216000828017
18.48	0.092664997169807	11658.914705322	0.032960651226242	0	3.0338687527595	42.026507084488	144.39685925624	372.9678788262	107.79594953943	0.38665849381268	0.020895875239344	199.21783537606	0.13970424018817	8.2153504227799	2.7136732500475	10.929023672827	114.44642331989	194.9071619808	0.0061738381754071	9.8980424732052	703.97522927094	1.1523056523437	4.3026292041578	5.4549348565015	3.5553732998203e-05	0.00024286138937321	0.00027841512237141	0.17651238773917	106.57810286507	2.2904171535486
18.872	0.090118718254465	11659.066424302	0.031989384928229	0	2.9707411101611	41.37269904342	144.48949057717	373.08163548441	107.77881957397	0.37481505031127	0.02011485309214	199.18922125591	0.13557334186559	8.1735385005351	2.7325251191471	10.906063619682	114.37802074472	194.78473531329	0.0059376316477855	9.3119073316042	703.5535928117	1.1290118941551	4.1951233040423	5.3241351981973	3.4727770774749e-05	0.00024096368020887	0.00027569145098362	0.16893830809669	106.51305812665	2.2502300076072
19	0.089308475823246	11659.115454407	0.031687418088446	0	2.9508678736213	41.161413757499	144.51904048786	373.1177270537	107.77314196895	0.37118058243662	0.019872979067212	199.17969505619	0.13431161456788	8.1765919769406	2.7410944459343	10.917686422875	114.35566439589	194.7447505533	0.0058658816489929	9.1353125839588	703.41580230013	1.1233600166591	4.1857213403032	5.3090813569623	3.4474662095816e-05	0.0002405561776746	0.00027503083977042	0.16665043562603	106.49179788202	2.2377615263945
19.2	0.088071128322314	11659.191562961	0.031179371773932	0	2.9205105576001	40.833440570476	144.56429842128	373.17283913688	107.76413682575	0.36571868761386	0.019497182660488	199.16451912502	0.13209801873199	8.3528836338754	2.9289835432461	11.281867177122	114.3207080478	194.68226320249	0.0057442458486162	8.7998922674862	703.20039447798	1.1490736005486	4.898599775872	6.0476733764206	3.3985174150901e-05	0.00023476906845847	0.00026875424260937	0.16324797491223	106.45855747064	2.2104765428665
19.48	0.086377111961434	11659.297096402	0.030528708281649	0	2.8793393134446	40.378668282436	144.62566959031	373.24684489616	107.75125287241	0.35848271420215	0.019008441079793	199.14267588273	0.12927097657149	8.2376425702941	2.7211013897519	10.958743960046	114.27172103381	194.59476152182	0.0055924715166306	8.3619043847025	702.89861139224	1.1305221114101	4.2951084249344	5.4256305363445	3.3303513390582e-05	0.0002293660458877	0.00026266955927829	0.15880971573069	106.41198193214	2.1768158438257
19.872	0.084071327339181	11659.442868471	0.029682750941568	0	2.8240690470122	39.750495618565	144.70774552848	373.34512860746	107.73276480416	0.34907282695547	0.018367550877295	199.11112983819	0.12568250142985	8.2021867161072	2.742955826879	10.945142542986	114.20306328062	194.47223439473	0.0054019315367559	7.8094909713959	702.4757246251	1.1061588655705	4.1859488859857	5.2921077515562	3.2414050907939e-05	0.00022729122773125	0.00025970527863919	0.15316388285474	106.34670922119	2.133310686176
20	0.083332516301411	11659.489976425	0.029417419901696	0	2.8065545416565	39.547494700296	144.73370024509	373.37603485782	107.7266316567	0.34615876198528	0.01816698891341	199.10062251358	0.12457657139528	8.2075237838683	2.7524659886525	10.959989772521	114.18062870854	194.43222144213	0.0053434157089399	7.643641424603	702.3375478126	1.1001441138064	4.176102376624	5.2762464904305	3.2142045660521e-05	0.00022686311402188	0.0002590051596824	0.15144444721399	106.32538088042	2.1198030587076
20.2	0.082202099944061	11659.563100976	0.028970056657835	0	2.7796903873671	39.232381137551	144.7731607217	373.42286167044	107.71689584086	0.34175357721574	0.017854161024418	199.08387627904	0.12263344749939	8.3847714089085	2.9388307228689	11.323602131777	114.14555543596	194.36969474196	0.0052438803813772	7.3289824150834	702.12155699906	1.1254347894783	4.8921722691186	6.017607058597	3.1611451421089e-05	0.00022037700777758	0.00025198845919867	0.14887336591008	106.29204020194	2.0902737844179
20.48	0.080646494640373	11659.664496075	0.028392797123433	0	2.7430469520002	38.79544017889	144.82601148977	373.48486941846	107.70294835575	0.33586728963263	0.017443203630861	199.0597551976	0.12013402270808	8.2723470859646	2.7325610554092	11.004908141374	114.09641505419	194.28214689826	0.00511846068336	6.9198872318102	701.81899718641	1.1059838480634	4.2857060953525	5.3916899434158	3.0877013077523e-05	0.00021468811961056	0.00024556513268808	0.14549217651503	106.24533571143	2.0538334404019
20.872	0.07851622644226	11659.804550488	0.027634388673597	0	2.6934834373659	38.191897744128	144.89540500818	373.56559347585	107.68289972555	0.3281214086304	0.016897459909049	199.02488163211	0.11692777947398	8.2438639258221	2.7578723814219	11.001736307244	114.02755967846	194.15956999214	0.0049587161732767	6.4073938579403	701.39509347949	1.0801886902086	4.174478695432	5.2546673856406	2.9918241785557e-05	0.00021243659812279	0.00024235483990835	0.14114053387974	106.17990219284	2.0067891769145
21	0.077830322133992	11659.849810288	0.027394902636282	0	2.6776944463511	37.996856366375	144.91705332751	373.59059966692	107.67624129341	0.32570166193717	0.016725125426493	199.01325751154	0.11593231558169	8.2517453048103	2.7684701299252	11.020215434736	114.00506419021	194.11954399257	0.0049091680831201	6.2543294192142	701.25660056407	1.0737051958956	4.1640976343365	5.237802830232	2.9626276168903e-05	0.00021198729578754	0.00024161357195644	0.13980335784004	106.15852568213	1.992210907402
21.2	0.076780599500859	11659.920065591	0.026990953736448	0	2.6533981219788	37.694098206729	144.94959018485	373.62798951688	107.66566121347	0.32202331397504	0.016455654231595	198.99472074612	0.11418302528284	8.4301495164702	2.9532736307326	11.383423147203	113.96989947922	194.05700017712	0.0048246967341226	5.964839459285	701.04013082469	1.0984788707437	4.8845634149037	5.9830422856474	2.9053784750172e-05	0.00020478785176468	0.00023384163651485	0.13779211396913	106.12511393568	1.9603718908834
21.48	0.075332141055243	11660.017481253	0.026466846391967	0	2.6201075484986	37.274289417977	144.99231894762	373.67632576352	107.65048276907	0.31706886735688	0.016098785377659	198.96799903233	0.11192066198342	8.3203730745226	2.7484030440489	11.068776118572	113.92063837365	193.96943459062	0.0047173613177386	5.5908076227687	700.73692936219	1.0779321529508	4.2741322411857	5.3520643941365	2.8268505058469e-05	0.00019883340304856	0.00022710190810703	0.13512424363367	106.0783177832	1.92124893868
21.872	0.073343378592277	11660.152037105	0.025773391379641	0	2.5748152630299	36.694411472123	145.04676123418	373.73706190676	107.62862713518	0.3104783990239	0.015620417675493	198.92932651565	0.10899643919307	8.2992773091415	2.7776184969426	11.076895806084	113.85162600871	193.8468431822	0.0045790243855052	5.1267267589306	700.31217924148	1.0504733757262	4.160423623915	5.2108969996412	2.724820638333e-05	0.00019642382929637	0.0002236720356797	0.13164877634412	106.01276950714	1.8710600812562
22	0.072701382397123	11660.195519472	0.02555349280891	0	2.5603285123243	36.507017543339	145.06336049159	373.75536141474	107.62136078647	0.30840347868469	0.015468360792019	198.91642842236	0.10808398389715	8.309897787309	2.7894412273458	11.099339014655	113.82908180178	193.80681468946	0.0045357851110704	4.9891376876967	700.17342183365	1.0434618581318	4.1494256292591	5.1928874873909	2.6939557497648e-05	0.00019595695453297	0.00022289651203062	0.1305710885435	105.99135852637	1.8555864477463
22.2	0.071720119141754	11660.263015218	0.025183120379776	0	2.5379808579487	36.216130334866	145.0878167896	373.78204263677	107.60980451296	0.30523377332121	0.01523042847636	198.89585129563	0.1064826866402	8.4893653180429	2.9724319461025	11.461797264145	113.7938436103	193.74426927837	0.0044620256666196	4.7295731810714	699.95655001702	1.0677086131678	4.8756165883936	5.9433252015614	2.6332107404403e-05	0.00018806006179726	0.00021439216920167	0.12894058746833	105.95789583302	1.821743077094
22.48	0.070365628346404	11660.356603386	0.024701021472739	0	2.5072557240008	35.812781969276	145.11882102314	373.81491966828	107.59320628065	0.30093463482977	0.014913608260545	198.86617394184	0.10440498398695	8.3817723780647	2.7687274416628	11.150499819728	113.74448477511	193.65670583208	0.0043677256757431	4.3969614766453	699.65280728335	1.0459968381025	4.2602376741092	5.3062345122117	2.550897630814e-05	0.00018188341603787	0.00020739239234601	0.12675925463799	105.91103379686	1.7805526875369
22.872	0.068506730041189	11660.485870326	0.02406085678013	0	2.4652702674904	35.2556406382	145.15613386396	373.85319421123	107.56927656849	0.29516270370364	0.014486588313645	198.82320540817	0.10170805515918	8.3681120372869	2.802230584405	11.170342621692	113.67534399203	193.53412465014	0.0042451870145696	3.9893932434649	699.22733862505	1.0168420607454	4.1436737509542	5.1605158116996	2.4450379295179e-05	0.00017935120256086	0.00020380158185604	0.12388406962607	105.84540273924	1.7283311377345
23	0.067906382607068	11660.527642983	0.023857501050126	0	2.4518008218029	35.075594303615	145.16699295885	373.8639929382	107.56131524091	0.29333352126028	0.014350331565475	198.80887253239	0.10086439163933	8.381544471799	2.8153870893265	11.196931561125	113.65275962115	193.49410106761	0.0042066955777721	3.8696936529685	699.08835568599	1.0093109743403	4.1319944973998	5.1413054717401	2.4132969512227e-05	0.00017887409242403	0.00020300706193626	0.12298481109416	105.82396683302	1.7123628680527
23.2	0.066990922945097	11660.592484271	0.023516093084062	0	2.4309844501955	34.796112589846	145.18231977899	373.87874811403	107.54864717798	0.29052776004193	0.014137334527683	198.78600626249	0.09938806071849	8.5616102626233	2.9960793426801	11.557689605303	113.61746055457	193.43156497709	0.004141126209265	3.6441023320469	698.87114010341	1.0331341395472	4.8652876232208	5.898421762768	2.3506272545526e-05	0.00017037782828384	0.00019388410082937	0.12161677711122	105.7904672543	1.6772713574768
23.48	0.065729170872177	11660.682390669	0.0230711024187	0	2.4022927692924	34.408579240901	145.20021073038	373.89453284177	107.53044255146	0.28670039995736	0.013852892908128	198.75303459999	0.097470102061045	8.4553676359286	2.7932775561892	11.248645192118	113.56802015234	193.34401770417	0.0040569783068104	3.3579382805132	698.56693279784	1.0103647624964	4.2440824761938	5.2544472386902	2.2669983835368e-05	0.00016407387364307	0.00018674385747843	0.11977215394608	105.74355742275	1.6351916098049
23.872	0.064002460295831	11660.806570103	0.022479807099183	0	2.3629603763122	33.873283035691	145.21864189906	373.90824508296	107.50418917809	0.28152315646332	0.013468779181004	198.70532409668	0.094977277432064	8.4486623514923	2.8313064646574	11.27996881615	113.49877102308	193.22146425087	0.0039471240585869	3.0125324681102	698.14084429444	0.9797506345133	4.1243902861247	5.104140920638	2.1611116146467e-05	0.00016148196908777	0.00018309308523424	0.11731486436283	105.67786614577	1.5827456455457
24	0.063025713842768	11660.839527297	0.023909093748602	0	2.3332330030986	33.728711283929	145.22351612127	373.90876796325	107.49480353541	0.27786077883961	0.013273388417152	198.68814000047	0.095923676471121	8.451819350699	2.843744719246	11.295564069945	113.47602163837	193.18127564725	0.0040389041998846	2.9110827714	698.00164149886	0.96685387588511	4.1114148770708	5.0782687529559	2.154434279119e-05	0.00016243150417288	0.00018397584696407	0.11571503850762	105.65641356687	1.6076202640911
24.2	0.062915582581693	11660.9174818	0.036631859501671	0	2.3604568190937	50.646374947712	145.22796596504	373.91956973512	107.48376523543	0.28083740075732	0.013175487533612	198.66843818672	0.1219068807769	8.7176850118235	3.0438155539746	11.761500565798	113.44114947158	193.11955658721	0.0049857421141386	2.7254452937285	697.78398283513	1.0233297055993	4.8577814597531	5.8811111653524	2.3070377362908e-05	0.00016179748877252	0.00018486786613543	0.11679255045505	105.62287511941	1.8807849951023
24.48	0.066592987214532	11661.078984292	0.044740989617698	0	2.5374917683879	74.104629390128	145.2288895649	373.94274371512	107.47163760151	0.30140838782714	0.013767782706179	198.64745325805	0.14617454248199	8.7694882248564	2.8601081923515	11.629596417208	113.39330497951	193.03431158983	0.0055948339410014	2.4995936687109	697.47988317128	1.0588470735955	4.2337703934591	5.2926174670546	2.3814866011585e-05	0.00015883159511474	0.00018264646112632	0.12504674953522	105.57597121575	2.029243773276
24.872	0.078377852457845	11661.406502899	0.05059968607242	0	3.0234546729258	106.50726225926	145.22214483826	373.9793794877	107.4565760403	0.35832472805519	0.015981683893097	198.62191659939	0.17023361658881	8.9533256817949	2.9410163259126	11.894342007707	113.32756853196	192.91601578422	0.0062102538165467	2.2398447894245	697.05787002521	1.0854055678418	4.112041995502	5.1974475633438	2.4163836505675e-05	0.00015909235745781	0.00018325619396349	0.14816557283911	105.51067859652	2.08685590923
25	0.083599584558422	11661.538696185	0.052324915576781	0	3.2328217754285	116.97856109931	145.21831358268	373.99215331768	107.45182422749	0.38289489798309	0.016997987550448	198.61391268002	0.17757042687934	9.0215847623758	2.9691312507724	11.990716013148	113.30637901506	192.8776064853	0.0064463524763193	2.1673430262248	696.92169417565	1.0907533822184	4.098096360571	5.1888497427894	2.4274513413568e-05	0.00015965563638618	0.00018393014979975	0.15817610989366	105.48953038929	2.0947417211528
25.2	0.092251114331291	11661.754421149	0.041248523676173	0	3.5613356869941	116.04647730144	145.21120724075	374.00471290052	107.44199438046	0.4214591002141	0.018743283391905	198.59658777103	0.16124555898421	9.2594991020501	3.2106656579103	12.47016475996	113.27309454899	192.81709620536	0.0057900837245809	2.0267765047986	696.7108031688	1.1052975426487	4.8639957965456	5.9692933391943	2.2077227081176e-05	0.00014628160683403	0.00016835883391521	0.17389538693323	105.45668468935	1.766352033962
25.48	0.10281421227987	11662.053533571	0.036725231347981	0	3.9691042790236	114.75403601041	145.19883785567	374.00899795537	107.42413218285	0.46932335262532	0.020971521443992	198.56416208628	0.15224216571853	9.0836140370713	2.9758144027672	12.059428439839	113.22604651372	192.73163094731	0.0057918221101077	1.850579723669	696.41927442973	1.0420537862527	4.1958762973825	5.2379300836352	2.0665842360054e-05	0.0001402075806873	0.00016087342304736	0.19340322818239	105.41112098731	1.5683641701404
25.872	0.11480787534554	11662.466691949	0.037713000352852	0	4.4495817337049	112.96879809189	145.17610774588	374.00626942653	107.39637572238	0.52571517924507	0.023533392265685	198.51333048746	0.15416166338737	8.9924326601175	3.0082520844773	12.000684744595	113.16013725155	192.61202546028	0.0063347434340858	1.6451858170135	696.01748636563	0.97415947688097	4.0608258634742	5.0349853403552	1.9952539705854e-05	0.00013985210832049	0.00015980464802635	0.21638224469499	105.3480645139	1.4733889451566
26	0.11820491221084	11662.600207787	0.038576846061722	0	4.5869091273764	112.39187983633	145.16746837349	374.00477592137	107.38709002087	0.54183098351727	0.024257661852599	198.49629016756	0.15650174169131	8.9896299912518	3.0209567824904	12.010586773742	113.13870657989	192.57309335061	0.0065373127991866	1.5874104340898	695.88762494987	0.95977421027697	4.0466193680755	5.0063935783525	1.9845877049208e-05	0.00014009946166017	0.00015994533870938	0.2229481366413	105.3276292474	1.4586986129679
26.2	0.12299294365655	11662.807464503	0.040132014305323	0	4.7833512141162	111.49634298849	145.15249602176	374.00211548061	107.37249420104	0.5648821931844	0.02528555234145	198.46948983918	0.16142282744413	9.1532002210199	3.2016694651588	12.354869686179	113.10535129157	192.51241333332	0.0068545556251322	1.478321297415	695.68594376517	0.98055754446987	4.8331782638987	5.8137358083686	1.9677971288175e-05	0.00013758101375381	0.00015725898504198	0.23233847561982	105.29584198207	1.4442305935754
26.48	0.12879071593102	11663.094856795	0.042279956938852	0	5.0243351461024	110.25457856561	145.12845008702	373.99750421666	107.35195307626	0.59315624824049	0.026525838009837	198.43174730531	0.16909431876658	9.0087274118273	2.9752211777401	11.983948589567	113.05896020851	192.42777515396	0.0072585130096463	1.3458207206261	695.40584850239	0.95716928138718	4.1756796840787	5.1328489654659	1.9479002844047e-05	0.00013478119629699	0.00015426019914103	0.24385405001339	105.25160273327	1.4287452268635
26.872	0.13537910906506	11663.491843608	0.04491369513527	0	5.3027699642724	108.53934062861	145.08953365123	373.99007083642	107.3230516691	0.62581677677599	0.027935842799983	198.37860343578	0.17968025172703	8.9876943805229	3.0170977634088	12.004792143932	112.99462662463	192.30984823108	0.0077324016941445	1.1953358779523	695.01751913458	0.93243542924019	4.0477936864899	4.9802291157301	1.9277236035428e-05	0.00013447667749224	0.00015375391352767	0.2571514868412	105.19011147683	1.4124648221384
27	0.1372153666222	11663.620135733	0.045666561957887	0	5.380948186771	107.98504319094	145.07576381778	373.98749370699	107.31359148904	0.63498516109522	0.028328762961446	198.36120073596	0.18289702430221	9.0034802053867	3.0329290492617	12.036409254648	112.97376046794	192.27146370329	0.007865970347961	1.1535645846918	694.89150675063	0.92722995564534	4.0348008774285	4.9620308330739	1.9224145614454e-05	0.0001345583888237	0.00015378253443815	0.26088309815735	105.17012520121	1.4080356848734
27.2	0.1397731366855	11663.81928388	0.046739436094992	0	5.4913010800785	107.12462019601	145.05305614748	373.9828944438	107.29867196499	0.64792474480819	0.028884105354609	198.33372418858	0.1877339216158	9.1853484668433	3.2129560291081	12.398304495951	112.94129335618	192.21160181855	0.0080615882650777	1.0749881686181	694.69533205255	0.95795880615214	4.8260904994984	5.7840493056505	1.90251783846e-05	0.00012743088543957	0.00014645606382417	0.26614831842341	105.1389819223	1.3887882266431
27.48	0.14277130292606	11664.095431472	0.048023105801195	0	5.6236638858484	105.93154529858	145.01882447008	373.97490405059	107.27753304074	0.66344079857859	0.02953098394885	198.29474581993	0.19373149618757	9.0542596149814	2.9880657610635	12.042325376045	112.89609918964	192.12800730127	0.0082912702481508	0.98024776716442	694.42199934057	0.94161747276665	4.1661731257834	5.10779059855	1.879779090228e-05	0.00012346798688816	0.00014226577779044	0.27245923718378	105.09553695734	1.3722324324488
27.872	0.14598757423585	11664.476882134	0.049436608446232	0	5.7706963707218	104.28356202737	144.96682239081	373.96181649278	107.24767955638	0.68066780344533	0.030226789453334	198.23965402403	0.20060730973132	9.0417907697725	3.0328515617612	12.074642331534	112.83327185017	192.01133378522	0.0085413498345782	0.87364388627778	694.04150057912	0.92029604533444	4.0370423738902	4.9573384192247	1.8554484799624e-05	0.00012273230323088	0.0001412867880305	0.27946067212544	105.0349721689	1.3561638273246
28	0.14683604791189	11664.600153431	0.049817002896069	0	5.810450505755	103.75099840304	144.94903077619	373.95718484907	107.23789044595	0.6853232408602	0.030410900777627	198.22158189856	0.20250630208009	9.0590109132674	3.049405639694	12.108416552961	112.81284892548	191.97331103229	0.0086084513804282	0.84423014399313	693.91769211345	0.91548090798809	4.0237728497027	4.9392537576908	1.8485659432023e-05	0.00012269193009777	0.00014117758952979	0.28135129164008	105.01524842122	1.351747453808
28.2	0.14797144217206	11664.791506827	0.050351744170314	0	5.8649247927651	102.92431235359	144.92032009678	373.9493436598	107.22248995519	0.69169988456851	0.030661551685042	198.19313144294	0.20528137620678	9.2403333750976	3.2283372799088	12.468670655006	112.78102452421	191.91396980124	0.008705391960257	0.78881838223611	693.72463256879	0.94674345230061	4.8201639426596	5.7669073949602	1.8304774445529e-05	0.00011798592415968	0.0001362906986052	0.28393929039161	104.98447775894	1.3378437467574
28.48	0.14919954012217	11665.056844149	0.050947425599884	0	5.9268762696203	101.77801766885	144.87827397335	373.93680756861	107.20073213061	0.69894624553222	0.03093238681472	198.15290583218	0.20846858423169	9.1080445560856	3.0037457211715	12.111790277257	112.73662914198	191.83101928684	0.0088121238284334	0.72241494087496	693.45504627162	0.93060039795704	4.1573071602801	5.0879075582371	1.8081376514847e-05	0.00011490280444719	0.00013298418096204	0.28687682273795	104.94148438161	1.3243023018997
28.872	0.15031168468333	11665.42335903	0.05153163385443	0	5.9889057274335	100.19465162634	144.81637404597	373.9170844124	107.17002737898	0.70619000614638	0.031181777517931	198.09610533308	0.21175067806688	9.0954097998869	3.0504609282318	12.145870728119	112.67473291907	191.71509869349	0.0089163029623662	0.64821713308106	693.07873054012	0.9091670826909	4.0268807286444	4.9360478113353	1.7827977329755e-05	0.00011417403938901	0.00013200201671877	0.28980601227778	104.88143123377	1.3097912990264
29	0.15054928616061	11665.541803511	0.051671113695608	0	6.0038471327675	99.682969599193	144.79556549913	373.91019720965	107.15995683639	0.70793134825727	0.03123645955117	198.07746978526	0.21257623868494	9.1125277032572	3.0674434393281	12.179971142585	112.65457222047	191.67728971064	0.0089412322375145	0.62783120453412	692.95605951114	0.90426976574846	4.0133664760973	4.9176362418457	1.7753991045299e-05	0.00011407518659373	0.00013182917763903	0.29050798259806	104.86184863641	1.3056516168977
29.2	0.15080661552851	11665.725663612	0.05185280692763	0	6.0222820812573	98.888697599827	144.76238275719	373.89888751146	107.14415278011	0.71007545984583	0.031298560026135	198.04821417627	0.21376568786739	9.2921386415484	3.2453400244322	12.537478665981	112.62311790317	191.61825224644	0.0089744227004334	0.58948594732232	692.76456529783	0.93570943237874	4.815068415487	5.7507778478657	1.7600987425133e-05	0.00011149432937726	0.00012909531680239	0.29136958116462	104.83127424084	1.2964054870115
29.48	0.15094788282709	11665.980609307	0.052012115181063	0	6.0389110363681	97.787348749945	144.71457706935	373.88164090797	107.12188866158	0.7119991655916	0.031338088861566	198.00698164242	0.21495083098941	9.1570091000865	3.0200454439426	12.177054544029	112.57916507148	191.53567020007	0.0090037458768792	0.54373579222386	692.49677404448	0.91964795807022	4.149178061239	5.0688260193092	1.7397494424686e-05	0.00010920717647641	0.00012660467090109	0.29213613460183	104.78851040609	1.2857842804415
29.872	0.15077699738801	11666.332767961	0.052081786235715	0	6.0463968465147	96.266066062906	144.64546739722	373.85535067324	107.09050898859	0.71283756145395	0.031314790208357	197.94884225798	0.21583191796989	9.1428747924376	3.0679316856446	12.210806478082	112.51775663237	191.42016820535	0.0090176528939039	0.49284703701816	692.12228842079	0.89829797580349	4.0177168723971	4.9160148482006	1.7156696608794e-05	0.00010855823629766	0.00012571493290645	0.29245286809398	104.72870099761	1.2732360411172
30	0.15064435706953	11666.446573003	0.052073170628948	0	6.0454592181862	95.774446849461	144.62247639268	373.84629925167	107.08021975664	0.71271419359272	0.031290849115324	197.92977367767	0.21596168068676	9.1596310144859	3.0851573056377	12.244788320124	112.49772683755	191.38247514604	0.0090166889845938	0.47889826560611	692.00006855558	0.8934185401669	4.004049202252	4.8974677424189	1.7084777570728e-05	0.00010843196926534	0.00012551674683607	0.29239434143375	104.70918136172	1.2695400921582
